Shimmer_B055	Shimmer_B055	Shimmer_B055	Shimmer_B055	Shimmer_B055	Shimmer_B055	Shimmer_B055	Shimmer_B055	Shimmer_B055	Shimmer_B055	Shimmer_B055	Shimmer_B055	Shimmer_B055	Shimmer_B055	Shimmer_B055	Shimmer_B055	Shimmer_B055	Shimmer_B055	Shimmer_B055	Shimmer_B055	Shimmer_B055	Shimmer_B055	Shimmer_B055	Shimmer_B055	Shimmer_B055	Shimmer_B055	Shimmer_B055	Shimmer_B055	Shimmer_B055	Shimmer_B055	Shimmer_B055	Shimmer_B055	Shimmer_B055	
Accel_LN_X	Accel_LN_X	Accel_LN_Y	Accel_LN_Y	Accel_LN_Z	Accel_LN_Z	Mag_Z	Mag_Z	Mag_X	Mag_X	System_Timestamp_Plot_Zeroed	Mag_Y	Mag_Y	Temperature_BMP280	Temperature_BMP280	Gyro_Z	Gyro_Z	Timestamp	Timestamp	Gyro_X	Gyro_X	Gyro_Y	Gyro_Y	Battery	Battery	Accel_WR_Z	Accel_WR_Z	Accel_WR_Y	Accel_WR_Y	Pressure_BMP280	Pressure_BMP280	Accel_WR_X	Accel_WR_X	
UNCAL	CAL	UNCAL	CAL	UNCAL	CAL	UNCAL	CAL	CAL	UNCAL	CAL	CAL	UNCAL	CAL	UNCAL	UNCAL	CAL	UNCAL	CAL	CAL	UNCAL	UNCAL	CAL	CAL	UNCAL	UNCAL	CAL	UNCAL	CAL	CAL	UNCAL	CAL	UNCAL	
no_units	m/(s^2)	no_units	m/(s^2)	no_units	m/(s^2)	no_units	local_flux	local_flux	no_units	ms	local_flux	no_units	Degrees Celsius	no_units	no_units	deg/s	Ticks	ms	deg/s	no_units	no_units	deg/s	mV	no_units	no_units	m/(s^2)	no_units	m/(s^2)	kPa	no_units	m/(s^2)	no_units	
1580.0	13.554347826086957	1006.0	7.315217391304348	1781.0	5.130434782608695	116.0	-0.17391304347826086	-0.06746626686656672	507.0	9.765625	-0.760119940029985	-45.0	26.982159406418212	32768.0	-270.0	8.231707317073171	614299.0	18746.917724609375	-42.86585365853659	6105.0	1406.0	-186.12804878048783	3723.0769230769233	2541.0	-1372.0	3.2822966507177034	5320.0	5.818181818181818	146.19119890832485	0.0	12.727272727272727	-2432.0	
1605.0	14.380434782608695	930.0	7.043478260869565	1813.0	4.782608695652174	101.0	-0.15142428785607195	-0.08095952023988005	500.0	19.53125	-0.7496251874062968	-54.0	26.982159406418212	32768.0	-455.0	13.871951219512196	614619.0	18756.683349609375	-41.61585365853659	5659.0	1365.0	-172.53048780487808	3740.6593406593406	2553.0	-1216.0	2.909090909090909	5752.0	5.435406698564593	97.6745763236505	4775616.0	13.760765550239235	-2272.0	
1637.0	14.456521739130434	923.0	6.695652173913043	1869.0	4.173913043478261	96.0	-0.14392803598200898	-0.08545727136431784	493.0	29.296875	-0.7391304347826086	-57.0	26.982159406418212	32768.0	-607.0	18.50609756097561	614939.0	18766.448974609375	-38.44512195121951	5047.0	1261.0	-153.8719512195122	3695.2380952380954	2522.0	-992.0	2.373205741626794	5804.0	5.071770334928229	97.6745763236505	4775616.0	13.885167464114833	-2120.0	
1644.0	13.934782608695652	971.0	6.619565217391304	1893.0	3.9130434782608696	88.0	-0.13193403298350825	-0.095952023988006	495.0	39.0625	-0.7421289355322339	-64.0	26.982159406418212	32768.0	-856.0	26.09756097560976	615259.0	18776.214599609375	-35.0609756097561	4428.0	1150.0	-135.0	3746.5201465201467	2557.0	-780.0	1.8660287081339713	5572.0	4.985645933014354	97.6745763236505	4775616.0	13.330143540669855	-2084.0	
1645.0	13.521739130434781	1009.0	6.608695652173913	1925.0	3.5652173913043477	92.0	-0.13793103448275862	-0.10194902548725637	492.0	48.828125	-0.7376311844077961	-68.0	26.982159406418212	32768.0	-1077.0	32.83536585365854	615579.0	18785.980224609375	-30.762195121951223	3905.0	1009.0	-119.0548780487805	3733.3333333333335	2548.0	-660.0	1.5789473684210527	5340.0	4.9952153110047846	97.6745763236505	4775616.0	12.77511961722488	-2088.0	
1651.0	13.271739130434781	1032.0	6.543478260869565	1959.0	3.1956521739130435	88.0	-0.13193403298350825	-0.10794602698650674	493.0	58.59375	-0.7391304347826086	-72.0	26.982159406418212	32768.0	-1232.0	37.5609756097561	615899.0	18795.745849609375	-25.487804878048784	3367.0	836.0	-102.65243902439025	3714.285714285714	2535.0	-544.0	1.3014354066985645	5248.0	4.976076555023924	97.6745763236505	4775616.0	12.555023923444976	-2080.0	
1645.0	13.33695652173913	1026.0	6.608695652173913	1971.0	3.0652173913043477	88.0	-0.13193403298350825	-0.10794602698650674	493.0	68.359375	-0.7391304347826086	-72.0	26.982159406418212	32768.0	-1383.0	42.16463414634147	616219.0	18805.511474609375	-19.847560975609756	2743.0	651.0	-83.62804878048782	3686.4468864468863	2516.0	-452.0	1.0813397129186602	5292.0	5.023923444976076	97.66184074899554	4776880.0	12.660287081339712	-2100.0	
1626.0	13.706521739130434	992.0	6.815217391304348	1987.0	2.891304347826087	82.0	-0.12293853073463268	-0.10494752623688156	484.0	78.125	-0.7256371814092953	-70.0	26.982159406418212	32768.0	-1464.0	44.63414634146342	616539.0	18815.277099609375	-12.591463414634147	2164.0	413.0	-65.97560975609757	3739.194139194139	2552.0	-380.0	0.9090909090909091	5488.0	5.23444976076555	97.66184074899554	4776880.0	13.129186602870814	-2188.0	
1594.0	14.097826086956522	956.0	7.163043478260869	2007.0	2.6739130434782608	82.0	-0.12293853073463268	-0.10494752623688156	484.0	87.890625	-0.7256371814092953	-70.0	26.982159406418212	32768.0	-1656.0	50.487804878048784	616859.0	18825.042724609375	-3.932926829268293	1634.0	129.0	-49.81707317073171	3731.868131868132	2547.0	-280.0	0.6698564593301435	5644.0	5.636363636363636	97.66184074899554	4776880.0	13.502392344497608	-2356.0	
1549.0	14.130434782608695	953.0	7.6521739130434785	2043.0	2.282608695652174	80.0	-0.1199400299850075	-0.11244377811094453	485.0	97.65625	-0.7271364317841079	-75.0	26.982159406418212	32768.0	-1935.0	58.993902439024396	617179.0	18834.808349609375	3.26219512195122	1174.0	-107.0	-35.79268292682927	3731.868131868132	2547.0	-76.0	0.18181818181818182	5628.0	6.162679425837321	97.66184074899554	4776880.0	13.464114832535884	-2576.0	
1514.0	14.043478260869565	961.0	8.032608695652174	2088.0	1.7934782608695652	79.0	-0.1184407796101949	-0.12443778110944527	487.0	107.421875	-0.7301349325337331	-83.0	26.982159406418212	32768.0	-2213.0	67.46951219512195	617499.0	18844.573974609375	9.51219512195122	814.0	-312.0	-24.81707317073171	3709.89010989011	2532.0	32.0	-0.07655502392344497	5596.0	6.421052631578947	97.66184074899554	4776880.0	13.38755980861244	-2684.0	
1469.0	14.293478260869565	938.0	8.521739130434783	2127.0	1.3695652173913042	74.0	-0.11094452773613193	-0.1169415292353823	483.0	117.1875	-0.7241379310344828	-78.0	26.982159406418212	32768.0	-2419.0	73.75	617819.0	18854.339599609375	15.091463414634148	564.0	-495.0	-17.195121951219512	3728.937728937729	2545.0	248.0	-0.5933014354066986	5676.0	6.966507177033493	97.65168457132539	4777888.0	13.578947368421051	-2912.0	
1436.0	14.75	896.0	8.880434782608695	2148.0	1.141304347826087	72.0	-0.10794602698650674	-0.12443778110944527	471.0	126.953125	-0.7061469265367316	-83.0	26.982159406418212	32768.0	-2736.0	83.41463414634147	618139.0	18864.105224609375	19.573170731707318	277.0	-642.0	-8.445121951219512	3733.3333333333335	2548.0	400.0	-0.9569377990430622	5828.0	7.4066985645933014	97.65168457132539	4777888.0	13.942583732057416	-3096.0	
1397.0	15.33695652173913	842.0	9.304347826086957	2167.0	0.9347826086956521	81.0	-0.12143928035982009	-0.12743628185907047	471.0	136.71875	-0.7061469265367316	-85.0	26.982159406418212	32768.0	-3164.0	96.46341463414635	618459.0	18873.870849609375	26.128048780487806	-86.0	-857.0	2.6219512195121952	3730.4029304029305	2546.0	480.0	-1.1483253588516746	6120.0	7.885167464114832	97.65168457132539	4777888.0	14.64114832535885	-3296.0	
1382.0	15.326086956521738	843.0	9.467391304347826	2221.0	0.34782608695652173	75.0	-0.11244377811094453	-0.12593703148425786	469.0	146.484375	-0.7031484257871065	-84.0	26.982159406418212	32768.0	-3586.0	109.32926829268294	618779.0	18883.636474609375	35.274390243902445	-474.0	-1157.0	14.451219512195124	3711.3553113553116	2533.0	656.0	-1.569377990430622	6204.0	8.14354066985646	97.65168457132539	4777888.0	14.842105263157894	-3404.0	
1369.0	14.630434782608695	907.0	9.608695652173912	2244.0	0.09782608695652173	72.0	-0.10794602698650674	-0.1394302848575712	466.0	156.25	-0.6986506746626686	-93.0	26.982159406418212	32768.0	-4015.0	122.40853658536587	619099.0	18893.402099609375	27.500000000000004	-184.0	-902.0	5.609756097560976	3706.959706959707	2530.0	800.0	-1.9138755980861244	5888.0	8.631578947368421	97.65168457132539	4777888.0	14.086124401913874	-3608.0	
1343.0	14.576086956521738	912.0	9.891304347826086	2319.0	-0.717391304347826	72.0	-0.10794602698650674	-0.1394302848575712	461.0	166.015625	-0.6911544227886057	-93.0	26.982159406418212	32768.0	-5042.0	153.71951219512198	619419.0	18903.167724609375	57.560975609756106	637.0	-1888.0	-19.420731707317074	3717.2161172161173	2537.0	1040.0	-2.488038277511962	5788.0	8.583732057416267	97.64475259746982	4778576.0	13.84688995215311	-3588.0	
1369.0	14.097826086956522	956.0	9.608695652173912	2394.0	-1.5326086956521738	65.0	-0.09745127436281859	-0.1409295352323838	460.0	175.78125	-0.689655172413793	-94.0	26.982159406418212	32768.0	-5519.0	168.26219512195124	619739.0	18912.933349609375	51.951219512195124	1189.0	-1704.0	-36.25	3705.4945054945056	2529.0	1556.0	-3.7224880382775116	5492.0	8.229665071770334	97.64475259746982	4778576.0	13.138755980861243	-3440.0	
1382.0	15.51086956521739	826.0	9.467391304347826	2406.0	-1.6630434782608696	67.0	-0.10044977511244378	-0.14692653673163417	449.0	185.546875	-0.6731634182908546	-98.0	26.982159406418212	32768.0	-5870.0	178.96341463414635	620059.0	18922.698974609375	67.10365853658537	1600.0	-2201.0	-48.78048780487806	3730.4029304029305	2546.0	1612.0	-3.8564593301435406	6224.0	8.105263157894736	97.64475259746982	4778576.0	14.889952153110046	-3388.0	
1371.0	15.739130434782608	805.0	9.58695652173913	2413.0	-1.7391304347826086	67.0	-0.10044977511244378	-0.15592203898050974	453.0	195.3125	-0.6791604197901049	-104.0	26.982159406418212	32768.0	-6621.0	201.859756097561	620379.0	18932.464599609375	81.79878048780489	1660.0	-2683.0	-50.60975609756098	3745.054945054945	2556.0	1684.0	-4.028708133971292	6328.0	8.248803827751196	97.64475259746982	4778576.0	15.138755980861243	-3448.0	
1359.0	15.445652173913043	832.0	9.717391304347826	2475.0	-2.4130434782608696	65.0	-0.09745127436281859	-0.1664167916041979	442.0	205.078125	-0.6626686656671664	-111.0	26.982159406418212	32768.0	-7108.0	216.70731707317074	620699.0	18942.230224609375	94.14634146341464	1633.0	-3088.0	-49.78658536585366	3734.798534798535	2549.0	1972.0	-4.717703349282297	6168.0	8.401913875598085	97.64475259746982	4778576.0	14.75598086124402	-3512.0	
1361.0	15.41304347826087	835.0	9.695652173913043	2572.0	-3.467391304347826	55.0	-0.08245877061469264	-0.15892053973013492	436.0	214.84375	-0.6536731634182908	-106.0	26.982159406418212	32768.0	-7572.0	230.85365853658539	621019.0	18951.995849609375	108.26219512195122	1765.0	-3551.0	-53.8109756097561	3715.7509157509157	2536.0	2388.0	-5.712918660287081	6164.0	8.325358851674642	97.64039997119359	4779008.0	14.746411483253588	-3480.0	
1361.0	15.315217391304348	844.0	9.695652173913043	2670.0	-4.532608695652174	49.0	-0.07346326836581708	-0.17841079460269865	423.0	224.609375	-0.6341829085457271	-119.0	26.982159406418212	32768.0	-8167.0	248.99390243902442	621339.0	18961.761474609375	123.75000000000001	2030.0	-4059.0	-61.89024390243903	3739.194139194139	2552.0	2928.0	-7.0047846889952154	6104.0	8.287081339712918	97.64039997119359	4779008.0	14.602870813397129	-3464.0	
1363.0	15.206521739130434	854.0	9.67391304347826	2768.0	-5.5978260869565215	47.0	-0.0704647676161919	-0.17691154422788605	412.0	234.375	-0.6176911544227885	-118.0	26.982159406418212	32768.0	-8538.0	260.3048780487805	621659.0	18971.527099609375	140.82317073170734	2522.0	-4619.0	-76.89024390243902	3731.868131868132	2547.0	3396.0	-8.124401913875598	6096.0	8.287081339712918	97.64039997119359	4779008.0	14.583732057416267	-3464.0	
1352.0	15.42391304347826	834.0	9.793478260869565	2879.0	-6.804347826086956	41.0	-0.06146926536731634	-0.1874062968515742	406.0	244.140625	-0.608695652173913	-125.0	26.982159406418212	32768.0	-8863.0	270.2134146341464	621979.0	18981.292724609375	162.25609756097563	2935.0	-5322.0	-89.48170731707317	3712.820512820513	2534.0	3956.0	-9.464114832535884	6176.0	8.421052631578947	97.64039997119359	4779008.0	14.77511961722488	-3520.0	
1325.0	15.858695652173912	794.0	10.08695652173913	2937.0	-7.434782608695652	25.0	-0.037481259370314844	-0.20389805097451275	399.0	253.90625	-0.5982008995502248	-136.0	26.982159406418212	32768.0	-9228.0	281.3414634146342	622299.0	18991.058349609375	185.03048780487808	3027.0	-6069.0	-92.28658536585367	3733.3333333333335	2548.0	4228.0	-10.114832535885167	6404.0	9.167464114832535	97.64039997119359	4779008.0	15.320574162679426	-3832.0	
1333.0	16.315217391304348	752.0	10.0	2994.0	-8.054347826086957	22.0	-0.03298350824587706	-0.20539730134932532	388.0	263.671875	-0.5817091454272864	-137.0	26.982159406418212	32768.0	-9257.0	282.2256097560976	622619.0	19000.823974609375	208.109756097561	2598.0	-6826.0	-79.20731707317074	3709.89010989011	2532.0	4356.0	-10.421052631578947	6528.0	8.631578947368421	97.63604735145158	4779440.0	15.617224880382775	-3608.0	
1351.0	16.98913043478261	690.0	9.804347826086957	3075.0	-8.934782608695652	12.0	-0.017991004497751123	-0.2098950524737631	374.0	273.4375	-0.56071964017991	-140.0	26.982159406418212	32768.0	-9356.0	285.2439024390244	622939.0	19010.589599609375	231.6768292682927	1931.0	-7599.0	-58.8719512195122	3753.846153846154	2562.0	4736.0	-11.330143540669855	6804.0	8.373205741626794	97.63604735145158	4779440.0	16.27751196172249	-3500.0	
1345.0	17.32608695652174	659.0	9.869565217391305	3133.0	-9.565217391304348	9.0	-0.013493253373313342	-0.20389805097451275	362.0	283.203125	-0.5427286356821589	-136.0	26.982159406418212	32768.0	-9635.0	293.75	623259.0	19020.355224609375	254.51219512195124	1227.0	-8348.0	-37.40853658536586	3743.5897435897436	2555.0	5104.0	-12.210526315789473	7032.0	8.30622009569378	97.63604735145158	4779440.0	16.822966507177032	-3472.0	
1329.0	17.456521739130434	647.0	10.043478260869565	3188.0	-10.16304347826087	-1.0	0.0014992503748125937	-0.22188905547226387	355.0	292.96875	-0.5322338830584707	-148.0	26.982159406418212	32768.0	-9861.0	300.64024390243907	623579.0	19030.120849609375	273.9939024390244	426.0	-8987.0	-12.987804878048781	3730.4029304029305	2546.0	5384.0	-12.880382775119617	7064.0	8.497607655502392	97.63604735145158	4779440.0	16.89952153110048	-3552.0	
1315.0	18.02173913043478	595.0	10.195652173913043	3204.0	-10.33695652173913	-10.0	0.014992503748125937	-0.22188905547226387	333.0	302.734375	-0.4992503748125937	-148.0	26.982159406418212	32768.0	-9998.0	304.81707317073176	623899.0	19039.886474609375	291.82926829268297	-332.0	-9572.0	10.121951219512196	3718.6813186813188	2538.0	5484.0	-13.119617224880383	7336.0	8.708133971291865	97.63604735145158	4779440.0	17.55023923444976	-3640.0	
1295.0	17.706521739130434	624.0	10.41304347826087	3146.0	-9.706521739130434	-11.0	0.01649175412293853	-0.22188905547226387	321.0	312.5	-0.48125937031484256	-148.0	26.982159406418212	32768.0	-10316.0	314.51219512195127	624219.0	19049.652099609375	305.4268292682927	-1141.0	-10018.0	34.78658536585366	3709.89010989011	2532.0	5236.0	-12.526315789473683	7316.0	8.947368421052632	97.63137232271053	4779904.0	17.502392344497608	-3740.0	
1294.0	15.858695652173912	794.0	10.42391304347826	3074.0	-8.92391304347826	-9.0	0.013493253373313342	-0.22188905547226387	309.0	322.265625	-0.46326836581709147	-148.0	26.982159406418212	32768.0	-10534.0	321.1585365853659	624539.0	19059.417724609375	313.5365853658537	-1718.0	-10284.0	52.37804878048781	3715.7509157509157	2536.0	4852.0	-11.607655502392344	6532.0	8.976076555023923	97.63137232271053	4779904.0	15.626794258373206	-3752.0	
1336.0	13.239130434782608	1035.0	9.967391304347826	3010.0	-8.228260869565217	-5.0	0.0074962518740629685	-0.22938530734632684	296.0	332.03125	-0.44377811094452774	-153.0	26.982159406418212	32768.0	-10573.0	322.3475609756098	624859.0	19069.183349609375	318.20121951219517	-1806.0	-10437.0	55.060975609756106	3704.029304029304	2528.0	4480.0	-10.717703349282296	5276.0	8.497607655502392	97.63137232271053	4779904.0	12.62200956937799	-3552.0	
1401.0	11.25	1218.0	9.26086956521739	2931.0	-7.369565217391304	-7.0	0.010494752623688156	-0.21889055472263869	272.0	341.796875	-0.4077961019490255	-146.0	26.982159406418212	32768.0	-10724.0	326.95121951219517	625179.0	19078.948974609375	321.4634146341464	-1627.0	-10544.0	49.60365853658537	3733.3333333333335	2548.0	4188.0	-10.01913875598086	4312.0	7.684210526315789	97.63137232271053	4779904.0	10.31578947368421	-3212.0	
1463.0	10.380434782608695	1298.0	8.58695652173913	2841.0	-6.391304347826087	-5.0	0.0074962518740629685	-0.22188905547226387	264.0	351.5625	-0.3958020989505247	-148.0	26.982159406418212	32768.0	-10730.0	327.13414634146346	625499.0	19088.714599609375	321.82926829268297	-1188.0	-10556.0	36.21951219512196	3742.124542124542	2554.0	3800.0	-9.09090909090909	3948.0	6.842105263157895	97.63137232271053	4779904.0	9.444976076555024	-2860.0	
1510.0	10.054347826086957	1328.0	8.076086956521738	2775.0	-5.673913043478261	0.0	0.0	-0.21589205397301348	245.0	361.328125	-0.36731634182908546	-144.0	26.982159406418212	32768.0	-10554.0	321.76829268292687	625819.0	19098.480224609375	320.0304878048781	-726.0	-10497.0	22.134146341463417	3718.6813186813188	2538.0	3392.0	-8.114832535885167	3776.0	6.296650717703349	97.63104990721315	4779936.0	9.033492822966506	-2632.0	
1557.0	9.358695652173912	1392.0	7.565217391304348	2706.0	-4.923913043478261	8.0	-0.01199400299850075	-0.20389805097451275	237.0	371.09375	-0.35532233883058467	-136.0	26.982159406418212	32768.0	-10521.0	320.76219512195127	626139.0	19108.245849609375	316.2804878048781	-194.0	-10374.0	5.914634146341464	3712.820512820513	2534.0	3036.0	-7.263157894736842	3408.0	5.818181818181818	97.63104990721315	4779936.0	8.153110047846889	-2432.0	
1583.0	8.42391304347826	1478.0	7.282608695652174	2616.0	-3.9456521739130435	3.0	-0.004497751124437781	-0.19940029985007496	206.0	380.859375	-0.3088455772113943	-133.0	26.982159406418212	32768.0	-10396.0	316.95121951219517	626459.0	19118.011474609375	311.4634146341464	528.0	-10216.0	-16.097560975609756	3745.054945054945	2556.0	2688.0	-6.430622009569378	3028.0	5.368421052631579	97.63104990721315	4779936.0	7.244019138755981	-2244.0	
1628.0	7.456521739130435	1567.0	6.793478260869565	2548.0	-3.2065217391304346	12.0	-0.017991004497751123	-0.19490254872563717	199.0	390.625	-0.2983508245877061	-130.0	26.982159406418212	32768.0	-9973.0	304.0548780487805	626779.0	19127.777099609375	305.9146341463415	1133.0	-10034.0	-34.54268292682927	3726.007326007326	2543.0	2296.0	-5.492822966507177	2576.0	4.880382775119617	97.63104990721315	4779936.0	6.162679425837321	-2040.0	
1678.0	6.782608695652174	1629.0	6.25	2476.0	-2.4239130434782608	16.0	-0.0239880059970015	-0.17991004497751123	181.0	400.390625	-0.27136431784107945	-120.0	26.982159406418212	32768.0	-9720.0	296.3414634146342	627099.0	19137.542724609375	301.6463414634147	1568.0	-9894.0	-47.804878048780495	3718.6813186813188	2538.0	1948.0	-4.660287081339713	2236.0	4.258373205741627	97.63104990721315	4779936.0	5.349282296650718	-1780.0	
1735.0	6.6521739130434785	1641.0	5.630434782608695	2411.0	-1.717391304347826	19.0	-0.02848575712143928	-0.18140929535232383	177.0	410.15625	-0.2653673163418291	-121.0	26.982159406418212	32768.0	-9491.0	289.359756097561	627419.0	19147.308349609375	295.76219512195127	1947.0	-9701.0	-59.35975609756098	3714.285714285714	2535.0	1768.0	-4.229665071770334	2200.0	3.952153110047847	97.63008266093611	4780032.0	5.263157894736842	-1652.0	
1789.0	6.521739130434782	1653.0	5.043478260869565	2307.0	-0.5869565217391304	21.0	-0.031484257871064465	-0.17091454272863568	162.0	419.921875	-0.24287856071964017	-114.0	26.982159406418212	32768.0	-8934.0	272.3780487804878	627739.0	19157.073974609375	291.25	1991.0	-9553.0	-60.70121951219513	3705.4945054945056	2529.0	1332.0	-3.186602870813397	2228.0	3.1961722488038276	97.63008266093611	4780032.0	5.330143540669856	-1336.0	
1831.0	6.619565217391304	1644.0	4.58695652173913	2244.0	0.09782608695652173	26.0	-0.038980509745127435	-0.17091454272863568	152.0	429.6875	-0.22788605697151423	-114.0	26.982159406418212	32768.0	-8511.0	259.4817073170732	628059.0	19166.839599609375	284.75609756097566	1858.0	-9340.0	-56.646341463414636	3740.6593406593406	2553.0	932.0	-2.229665071770335	2268.0	2.5645933014354068	97.63008266093611	4780032.0	5.425837320574162	-1072.0	
1866.0	6.369565217391304	1667.0	4.206521739130435	2201.0	0.5652173913043478	25.0	-0.037481259370314844	-0.15292353823088456	149.0	439.453125	-0.22338830584707645	-102.0	26.982159406418212	32768.0	-8171.0	249.11585365853662	628379.0	19176.605224609375	277.8353658536586	1844.0	-9113.0	-56.21951219512196	3742.124542124542	2554.0	772.0	-1.84688995215311	2172.0	2.1339712918660285	97.63008266093611	4780032.0	5.196172248803827	-892.0	
1887.0	5.793478260869565	1720.0	3.9782608695652173	2159.0	1.0217391304347825	32.0	-0.047976011994003	-0.14692653673163417	142.0	449.21875	-0.2128935532233883	-98.0	26.982159406418212	32768.0	-7717.0	235.27439024390247	628699.0	19186.370849609375	268.3536585365854	1911.0	-8802.0	-58.26219512195122	3727.4725274725274	2544.0	540.0	-1.2918660287081338	1948.0	1.9234449760765548	97.63008266093611	4780032.0	4.660287081339713	-804.0	
1918.0	5.3478260869565215	1761.0	3.641304347826087	2155.0	1.065217391304348	41.0	-0.06146926536731634	-0.13493253373313344	120.0	458.984375	-0.17991004497751123	-90.0	26.982159406418212	32768.0	-7239.0	220.70121951219514	629019.0	19196.136474609375	257.8353658536586	1951.0	-8457.0	-59.48170731707317	3715.7509157509157	2536.0	428.0	-1.0239234449760766	1704.0	1.6172248803827751	97.62782575421124	4780256.0	4.0765550239234445	-676.0	
1965.0	5.173913043478261	1777.0	3.1304347826086953	2179.0	0.8043478260869565	43.0	-0.06446776611694152	-0.1199400299850075	128.0	468.75	-0.191904047976012	-80.0	26.982159406418212	32768.0	-6828.0	208.1707317073171	629339.0	19205.902099609375	248.47560975609758	2119.0	-8150.0	-64.60365853658537	3723.0769230769233	2541.0	528.0	-1.263157894736842	1600.0	1.0526315789473684	97.62782575421124	4780256.0	3.827751196172249	-440.0	
1999.0	5.315217391304348	1764.0	2.760869565217391	2241.0	0.13043478260869565	50.0	-0.07496251874062969	-0.1169415292353823	116.0	478.515625	-0.17391304347826086	-78.0	26.982159406418212	32768.0	-6448.0	196.58536585365854	629659.0	19215.667724609375	240.51829268292684	2380.0	-7889.0	-72.5609756097561	3717.2161172161173	2537.0	808.0	-1.9330143540669855	1648.0	0.5263157894736842	97.62782575421124	4780256.0	3.942583732057416	-220.0	
2023.0	5.33695652173913	1762.0	2.5	2239.0	0.15217391304347827	50.0	-0.07496251874062969	-0.095952023988006	111.0	488.28125	-0.1664167916041979	-64.0	26.982159406418212	32768.0	-6001.0	182.95731707317074	629979.0	19225.433349609375	234.4207317073171	2592.0	-7689.0	-79.02439024390245	3739.194139194139	2552.0	888.0	-2.124401913875598	1664.0	0.27751196172248804	97.62782575421124	4780256.0	3.9808612440191387	-116.0	
2034.0	5.206521739130435	1774.0	2.380434782608696	2208.0	0.4891304347826087	58.0	-0.08695652173913043	-0.09895052473763118	106.0	498.046875	-0.15892053973013492	-66.0	26.982159406418212	32768.0	-5496.0	167.5609756097561	630299.0	19235.198974609375	227.68292682926833	2428.0	-7468.0	-74.02439024390245	3733.3333333333335	2548.0	740.0	-1.770334928229665	1616.0	0.11483253588516745	97.62782575421124	4780256.0	3.866028708133971	-48.0	
2053.0	4.989130434782608	1794.0	2.1739130434782608	2151.0	1.108695652173913	65.0	-0.09745127436281859	-0.08245877061469264	98.0	507.8125	-0.14692653673163417	-55.0	26.982159406418212	32768.0	-4950.0	150.91463414634148	630619.0	19244.964599609375	217.62195121951223	2147.0	-7138.0	-65.45731707317074	3718.6813186813188	2538.0	444.0	-1.062200956937799	1544.0	-0.07655502392344497	97.62105504457736	4780928.0	3.69377990430622	32.0	
2072.0	4.782608695652174	1813.0	1.967391304347826	2099.0	1.6739130434782608	72.0	-0.10794602698650674	-0.08995502248875561	102.0	517.578125	-0.15292353823088456	-60.0	26.982159406418212	32768.0	-4547.0	138.62804878048783	630939.0	19254.730224609375	206.6158536585366	1964.0	-6777.0	-59.87804878048781	3737.7289377289376	2551.0	192.0	-0.4593301435406698	1404.0	-0.34449760765550236	97.62105504457736	4780928.0	3.3588516746411483	144.0	
2090.0	4.467391304347826	1842.0	1.7717391304347825	2057.0	2.130434782608696	73.0	-0.10944527736131934	-0.08395802098950525	95.0	527.34375	-0.1424287856071964	-56.0	26.982159406418212	32768.0	-4232.0	129.02439024390245	631259.0	19264.495849609375	193.59756097560978	2013.0	-6350.0	-61.3719512195122	3717.2161172161173	2537.0	-40.0	0.09569377990430622	1268.0	-0.4880382775119617	97.62105504457736	4780928.0	3.0334928229665072	204.0	
2095.0	4.184782608695652	1868.0	1.717391304347826	2003.0	2.717391304347826	74.0	-0.11094452773613193	-0.07646176911544228	96.0	537.109375	-0.14392803598200898	-51.0	26.982159406418212	32768.0	-3862.0	117.7439024390244	631579.0	19274.261474609375	179.63414634146343	2192.0	-5892.0	-66.82926829268294	3742.124542124542	2554.0	-292.0	0.6985645933014354	1152.0	-0.6411483253588517	97.62105504457736	4780928.0	2.755980861244019	268.0	
2118.0	4.0978260869565215	1876.0	1.467391304347826	1970.0	3.0760869565217392	79.0	-0.1184407796101949	-0.0704647676161919	94.0	546.875	-0.1409295352323838	-47.0	26.982159406418212	32768.0	-3537.0	107.83536585365854	631899.0	19284.027099609375	167.0426829268293	2454.0	-5479.0	-74.81707317073172	3736.2637362637365	2550.0	-448.0	1.0717703349282297	1084.0	-0.8803827751196172	97.62105504457736	4780928.0	2.5933014354066986	368.0	
2127.0	4.1521739130434785	1871.0	1.3695652173913042	1964.0	3.141304347826087	90.0	-0.13493253373313344	-0.06446776611694152	86.0	556.640625	-0.12893553223388304	-43.0	26.982159406418212	32768.0	-3210.0	97.8658536585366	632219.0	19293.792724609375	154.84756097560978	2694.0	-5079.0	-82.13414634146342	3727.4725274725274	2544.0	-464.0	1.1100478468899522	1136.0	-0.9282296650717703	97.62105504457736	4780928.0	2.7177033492822966	388.0	
2096.0	4.271739130434782	1860.0	1.7065217391304348	1936.0	3.4456521739130435	86.0	-0.12893553223388304	-0.05847076461769115	90.0	566.40625	-0.13493253373313344	-39.0	26.982159406418212	32768.0	-2942.0	89.69512195121952	632539.0	19303.558349609375	143.50609756097563	2810.0	-4707.0	-85.67073170731707	3731.868131868132	2547.0	-528.0	1.263157894736842	1176.0	-0.8325358851674641	97.62105504457736	4780928.0	2.813397129186603	348.0	
2091.0	4.239130434782608	1863.0	1.7608695652173914	1899.0	3.8478260869565215	85.0	-0.12743628185907047	-0.06146926536731634	89.0	576.171875	-0.13343328335832083	-41.0	26.982159406418212	32768.0	-2617.0	79.78658536585367	632859.0	19313.323974609375	131.3109756097561	2812.0	-4307.0	-85.73170731707317	3718.6813186813188	2538.0	-728.0	1.7416267942583732	1196.0	-0.5645933014354066	97.62105504457736	4780928.0	2.861244019138756	236.0	
2115.0	4.380434782608695	1850.0	1.5	1860.0	4.271739130434782	90.0	-0.13493253373313344	-0.06446776611694152	90.0	585.9375	-0.13493253373313344	-43.0	26.982159406418212	32768.0	-2202.0	67.13414634146342	633179.0	19323.089599609375	116.98170731707319	2560.0	-3837.0	-78.04878048780489	3747.985347985348	2558.0	-904.0	2.1626794258373203	1212.0	-0.6794258373205742	97.62105504457736	4780928.0	2.8995215311004783	284.0	
2154.0	4.445652173913043	1844.0	1.076086956521739	1839.0	4.5	99.0	-0.14842578710644677	-0.06446776611694152	94.0	595.703125	-0.1409295352323838	-43.0	26.982159406418212	32768.0	-1933.0	58.9329268292683	633499.0	19332.855224609375	105.03048780487806	2385.0	-3445.0	-72.71341463414635	3740.6593406593406	2553.0	-1028.0	2.4593301435406696	1264.0	-1.1483253588516746	97.62105504457736	4780928.0	3.0239234449760763	480.0	
2183.0	4.554347826086956	1834.0	0.7608695652173912	1829.0	4.608695652173913	90.0	-0.13493253373313344	-0.05997001499250375	91.0	605.46875	-0.136431784107946	-40.0	26.982159406418212	32768.0	-1742.0	53.10975609756098	633819.0	19342.620849609375	93.90243902439025	2133.0	-3080.0	-65.03048780487805	3742.124542124542	2554.0	-1080.0	2.5837320574162677	1280.0	-1.5789473684210527	97.61928176609558	4781104.0	3.062200956937799	660.0	
2197.0	4.934782608695652	1799.0	0.6086956521739131	1822.0	4.684782608695652	95.0	-0.1424287856071964	-0.05847076461769115	86.0	615.234375	-0.12893553223388304	-39.0	26.982159406418212	32768.0	-1347.0	41.06707317073171	634139.0	19352.386474609375	81.58536585365854	1807.0	-2676.0	-55.09146341463415	3711.3553113553116	2533.0	-1144.0	2.736842105263158	1424.0	-1.7607655502392343	97.61928176609558	4781104.0	3.4066985645933014	736.0	
2204.0	5.130434782608695	1781.0	0.532608695652174	1784.0	5.0978260869565215	93.0	-0.1394302848575712	-0.05697151424287856	84.0	625.0	-0.12593703148425786	-38.0	26.982159406418212	32768.0	-1072.0	32.6829268292683	634459.0	19362.152099609375	67.83536585365854	1300.0	-2225.0	-39.63414634146342	3709.89010989011	2532.0	-1296.0	3.1004784688995213	1580.0	-1.7990430622009568	97.61928176609558	4781104.0	3.7799043062200957	752.0	
2197.0	5.1521739130434785	1779.0	0.6086956521739131	1735.0	5.630434782608695	97.0	-0.1454272863568216	-0.05397301349325337	103.0	634.765625	-0.15442278860569714	-36.0	26.982159406418212	32768.0	-922.0	28.10975609756098	634779.0	19371.917724609375	52.07317073170732	786.0	-1708.0	-23.963414634146343	3715.7509157509157	2536.0	-1496.0	3.5789473684210527	1564.0	-1.8277511961722488	97.61928176609558	4781104.0	3.741626794258373	764.0	
2181.0	6.141304347826087	1688.0	0.7826086956521738	1719.0	5.804347826086956	97.0	-0.1454272863568216	-0.06296851574212893	95.0	644.53125	-0.1424287856071964	-42.0	26.982159406418212	32768.0	-653.0	19.908536585365855	635099.0	19381.683349609375	39.176829268292686	-71.0	-1285.0	2.164634146341464	3746.5201465201467	2557.0	-1616.0	3.866028708133971	2008.0	-1.5215311004784688	97.61928176609558	4781104.0	4.803827751196172	636.0	
2224.0	5.619565217391304	1736.0	0.31521739130434784	1671.0	6.326086956521739	104.0	-0.15592203898050974	-0.05847076461769115	95.0	654.296875	-0.1424287856071964	-39.0	26.982159406418212	32768.0	-206.0	6.2804878048780495	635419.0	19391.448974609375	18.993902439024392	-988.0	-623.0	30.121951219512198	3745.054945054945	2556.0	-1804.0	4.315789473684211	1908.0	-2.0861244019138754	97.61670245387629	4781360.0	4.564593301435407	872.0	
2273.0	3.532608695652174	1928.0	-0.21739130434782608	1589.0	7.217391304347826	105.0	-0.15742128935532235	-0.04947526236881559	97.0	664.0625	-0.1454272863568216	-33.0	26.982159406418212	32768.0	341.0	-10.396341463414634	635739.0	19401.214599609375	0.27439024390243905	-1719.0	-9.0	52.40853658536586	3739.194139194139	2552.0	-2184.0	5.22488038277512	872.0	-2.77511961722488	97.61670245387629	4781360.0	2.0861244019138754	1160.0	
2274.0	2.608695652173913	2013.0	-0.22826086956521738	1549.0	7.6521739130434785	108.0	-0.1619190404797601	-0.06146926536731634	97.0	673.828125	-0.1454272863568216	-41.0	26.982159406418212	32768.0	640.0	-19.512195121951223	636059.0	19410.980224609375	-14.329268292682928	-1694.0	470.0	51.646341463414636	3743.5897435897436	2555.0	-2408.0	5.760765550239234	388.0	-2.6411483253588517	97.61670245387629	4781360.0	0.9282296650717703	1104.0	
2282.0	2.8152173913043477	1994.0	-0.31521739130434784	1580.0	7.315217391304348	105.0	-0.15742128935532235	-0.050974512743628186	94.0	683.59375	-0.1409295352323838	-34.0	26.982159406418212	32768.0	997.0	-30.396341463414636	636379.0	19420.745849609375	-28.59756097560976	-1697.0	938.0	51.737804878048784	3711.3553113553116	2533.0	-2288.0	5.473684210526316	556.0	-2.679425837320574	97.61670245387629	4781360.0	1.3301435406698565	1120.0	
2295.0	3.8804347826086953	1896.0	-0.45652173913043476	1604.0	7.054347826086956	95.0	-0.1424287856071964	-0.047976011994003	91.0	693.359375	-0.136431784107946	-32.0	26.982159406418212	32768.0	1380.0	-42.07317073170732	636699.0	19430.511474609375	-42.957317073170735	-1998.0	1409.0	60.91463414634147	3734.798534798535	2549.0	-2132.0	5.100478468899522	1096.0	-3.052631578947368	97.61670245387629	4781360.0	2.6220095693779903	1276.0	
2325.0	4.663043478260869	1824.0	-0.7826086956521738	1622.0	6.858695652173913	109.0	-0.1634182908545727	-0.05397301349325337	95.0	703.125	-0.1424287856071964	-36.0	26.982159406418212	32768.0	1758.0	-53.59756097560976	637019.0	19440.277099609375	-58.14024390243903	-2548.0	1907.0	77.6829268292683	3736.2637362637365	2550.0	-2056.0	4.918660287081339	1420.0	-3.416267942583732	97.61670245387629	4781360.0	3.3971291866028706	1428.0	
2345.0	4.760869565217392	1815.0	-1.0	1630.0	6.771739130434782	101.0	-0.15142428785607195	-0.05397301349325337	94.0	712.890625	-0.1409295352323838	-36.0	26.982159406418212	32768.0	2080.0	-63.41463414634147	637339.0	19450.042724609375	-74.35975609756099	-3057.0	2439.0	93.20121951219512	3728.937728937729	2545.0	-2032.0	4.861244019138756	1452.0	-3.5215311004784686	97.61670245387629	4781360.0	3.4736842105263155	1472.0	
2351.0	4.4021739130434785	1848.0	-1.065217391304348	1676.0	6.271739130434782	111.0	-0.1664167916041979	-0.05397301349325337	93.0	722.65625	-0.1394302848575712	-36.0	26.982159406418212	32768.0	2450.0	-74.69512195121952	637659.0	19459.808349609375	-88.9329268292683	-3316.0	2917.0	101.09756097560977	3730.4029304029305	2546.0	-1900.0	4.545454545454545	1320.0	-3.751196172248804	97.61670245387629	4781360.0	3.1578947368421053	1568.0	
2363.0	3.9456521739130435	1890.0	-1.1956521739130435	1719.0	5.804347826086956	108.0	-0.1619190404797601	-0.047976011994003	93.0	732.421875	-0.1394302848575712	-32.0	26.982159406418212	32768.0	2860.0	-87.19512195121952	637979.0	19469.573974609375	-101.31097560975611	-3355.0	3323.0	102.28658536585367	3720.1465201465203	2539.0	-1660.0	3.9712918660287078	1112.0	-3.866028708133971	97.61670245387629	4781360.0	2.660287081339713	1616.0	
2331.0	3.4891304347826084	1932.0	-0.8478260869565217	1742.0	5.554347826086956	105.0	-0.15742128935532235	-0.04947526236881559	101.0	742.1875	-0.15142428785607195	-33.0	26.982159406418212	32768.0	3332.0	-101.58536585365854	638299.0	19479.339599609375	-114.26829268292684	-3282.0	3748.0	100.06097560975611	3702.5641025641025	2527.0	-1524.0	3.6459330143540667	904.0	-3.5693779904306218	97.61670245387629	4781360.0	2.1626794258373203	1492.0	
2277.0	3.0543478260869565	1972.0	-0.2608695652173913	1761.0	5.3478260869565215	103.0	-0.15442278860569714	-0.05397301349325337	94.0	751.953125	-0.1409295352323838	-36.0	26.982159406418212	32768.0	3854.0	-117.50000000000001	638619.0	19489.105224609375	-128.8109756097561	-3216.0	4225.0	98.04878048780489	3728.937728937729	2545.0	-1440.0	3.4449760765550237	680.0	-2.9665071770334928	97.61686366082277	4781344.0	1.6267942583732056	1240.0	
2233.0	2.8260869565217392	1993.0	0.21739130434782608	1793.0	5.0	100.0	-0.14992503748125938	-0.05697151424287856	97.0	761.71875	-0.1454272863568216	-38.0	26.982159406418212	32768.0	4369.0	-133.20121951219514	638939.0	19498.870849609375	-143.68902439024393	-3159.0	4713.0	96.31097560975611	3730.4029304029305	2546.0	-1304.0	3.1196172248803826	556.0	-2.3444976076555024	97.61686366082277	4781344.0	1.3301435406698565	980.0	
2202.0	2.8043478260869565	1995.0	0.5543478260869565	1820.0	4.706521739130435	102.0	-0.15292353823088456	-0.05997001499250375	100.0	771.484375	-0.14992503748125938	-40.0	26.982159406418212	32768.0	4864.0	-148.2926829268293	639259.0	19508.636474609375	-158.35365853658539	-3144.0	5194.0	95.85365853658537	3718.6813186813188	2538.0	-1140.0	2.727272727272727	548.0	-2.0	97.61686366082277	4781344.0	1.3110047846889952	836.0	
2207.0	3.2282608695652173	1956.0	0.5	1852.0	4.358695652173913	97.0	-0.1454272863568216	-0.05547226386806597	94.0	781.25	-0.1409295352323838	-37.0	26.982159406418212	32768.0	5379.0	-163.9939024390244	639579.0	19518.402099609375	-171.7378048780488	-3213.0	5633.0	97.95731707317074	3704.029304029304	2528.0	-1016.0	2.430622009569378	700.0	-1.9330143540669855	97.61686366082277	4781344.0	1.6746411483253587	808.0	
2203.0	3.891304347826087	1895.0	0.5434782608695652	1901.0	3.8260869565217392	96.0	-0.14392803598200898	-0.06596701649175413	97.0	791.015625	-0.1454272863568216	-44.0	26.982159406418212	32768.0	5906.0	-180.06097560975613	639899.0	19528.167724609375	-182.9878048780488	-3322.0	6002.0	101.28048780487806	3714.285714285714	2535.0	-848.0	2.028708133971292	988.0	-1.9425837320574162	97.61686366082277	4781344.0	2.3636363636363638	812.0	
2203.0	4.695652173913043	1821.0	0.5434782608695652	1962.0	3.1630434782608696	96.0	-0.14392803598200898	-0.0704647676161919	102.0	800.78125	-0.15292353823088456	-47.0	26.982159406418212	32768.0	6386.0	-194.69512195121953	640219.0	19537.933349609375	-190.3048780487805	-3440.0	6242.0	104.87804878048782	3747.985347985348	2558.0	-500.0	1.1961722488038278	1344.0	-1.971291866028708	97.61895935194266	4781136.0	3.215311004784689	824.0	
2178.0	5.282608695652174	1767.0	0.8152173913043478	2074.0	1.9456521739130435	92.0	-0.13793103448275862	-0.07946026986506746	108.0	810.546875	-0.1619190404797601	-53.0	26.982159406418212	32768.0	6860.0	-209.14634146341464	640539.0	19547.698974609375	-195.1829268292683	-3211.0	6402.0	97.89634146341464	3708.4249084249086	2531.0	20.0	-0.04784688995215311	1652.0	-1.6267942583732056	97.61895935194266	4781136.0	3.952153110047847	680.0	
2106.0	5.576086956521739	1740.0	1.5978260869565217	2161.0	1.0	80.0	-0.1199400299850075	-0.08095952023988005	104.0	820.3125	-0.15592203898050974	-54.0	26.982159406418212	32768.0	7351.0	-224.1158536585366	640859.0	19557.464599609375	-197.28658536585368	-2547.0	6471.0	77.65243902439025	3724.542124542125	2542.0	432.0	-1.0334928229665072	1784.0	-0.7272727272727273	97.61895935194266	4781136.0	4.267942583732057	304.0	
2050.0	5.141304347826087	1780.0	2.2065217391304346	2246.0	0.07608695652173914	81.0	-0.12143928035982009	-0.08995502248875561	114.0	830.078125	-0.17091454272863568	-60.0	26.982159406418212	32768.0	7361.0	-224.4207317073171	641179.0	19567.230224609375	-202.19512195121953	-1318.0	6632.0	40.1829268292683	3730.4029304029305	2546.0	960.0	-2.2966507177033493	1540.0	-0.03827751196172249	97.61895935194266	4781136.0	3.6842105263157894	16.0	
2006.0	5.108695652173913	1783.0	2.684782608695652	2282.0	-0.31521739130434784	78.0	-0.1169415292353823	-0.10494752623688156	121.0	839.84375	-0.18140929535232383	-70.0	26.982159406418212	32768.0	7784.0	-237.31707317073173	641499.0	19576.995849609375	-200.3658536585366	-84.0	6572.0	2.5609756097560976	3721.611721611722	2540.0	1020.0	-2.4401913875598087	1604.0	0.507177033492823	97.61895935194266	4781136.0	3.8373205741626792	-212.0	
1979.0	5.663043478260869	1732.0	2.9782608695652173	2210.0	0.46739130434782605	76.0	-0.11394302848575712	-0.12293853073463268	125.0	849.609375	-0.1874062968515742	-82.0	26.982159406418212	32768.0	8142.0	-248.2317073170732	641819.0	19586.761474609375	-209.81707317073173	853.0	6882.0	-26.00609756097561	3737.7289377289376	2551.0	656.0	-1.569377990430622	1860.0	0.8229665071770335	97.61750848869832	4781280.0	4.449760765550239	-344.0	
1954.0	6.1521739130434785	1687.0	3.25	2163.0	0.9782608695652174	60.0	-0.08995502248875561	-0.12893553223388304	127.0	859.375	-0.19040479760119938	-86.0	26.982159406418212	32768.0	8511.0	-259.4817073170732	642139.0	19596.527099609375	-209.0548780487805	1067.0	6857.0	-32.53048780487805	3715.7509157509157	2536.0	416.0	-0.9952153110047847	2088.0	1.1961722488038278	97.61750848869832	4781280.0	4.9952153110047846	-500.0	
1908.0	6.826086956521739	1625.0	3.75	2107.0	1.5869565217391304	52.0	-0.07796101949025487	-0.13493253373313344	137.0	869.140625	-0.20539730134932532	-90.0	26.982159406418212	32768.0	8734.0	-266.2804878048781	642459.0	19606.292724609375	-218.38414634146343	802.0	7163.0	-24.451219512195124	3726.007326007326	2543.0	288.0	-0.6889952153110047	2240.0	1.5502392344497606	97.61750848869832	4781280.0	5.358851674641148	-648.0	
1856.0	7.75	1540.0	4.315217391304348	2057.0	2.130434782608696	50.0	-0.07496251874062969	-0.15592203898050974	147.0	878.90625	-0.22038980509745126	-104.0	26.982159406418212	32768.0	9032.0	-275.3658536585366	642779.0	19616.058349609375	-219.90853658536588	0.0	7213.0	0.0	3727.4725274725274	2544.0	44.0	-0.10526315789473684	2612.0	2.028708133971292	97.61750848869832	4781280.0	6.248803827751196	-848.0	
1814.0	8.891304347826086	1435.0	4.771739130434782	2070.0	1.9891304347826086	41.0	-0.06146926536731634	-0.15592203898050974	155.0	888.671875	-0.23238380809595202	-104.0	26.982159406418212	32768.0	9117.0	-277.95731707317077	643099.0	19625.823974609375	-225.91463414634148	-890.0	7410.0	27.134146341463417	3709.89010989011	2532.0	-64.0	0.15311004784688995	3124.0	2.650717703349282	97.61750848869832	4781280.0	7.473684210526316	-1108.0	
1784.0	10.641304347826086	1274.0	5.0978260869565215	2228.0	0.2717391304347826	41.0	-0.06146926536731634	-0.17391304347826086	170.0	898.4375	-0.25487256371814093	-116.0	26.982159406418212	32768.0	9180.0	-279.8780487804878	643419.0	19635.589599609375	-230.12195121951223	-1617.0	7548.0	49.29878048780488	3749.4505494505493	2559.0	628.0	-1.5023923444976075	3844.0	3.052631578947368	97.61589641927834	4781440.0	9.196172248803828	-1276.0	
1757.0	12.489130434782608	1104.0	5.391304347826087	2323.0	-0.7608695652173912	35.0	-0.05247376311844078	-0.17541229385307347	175.0	908.203125	-0.2623688155922039	-117.0	26.982159406418212	32768.0	8970.0	-273.4756097560976	643739.0	19645.355224609375	-226.58536585365854	-1876.0	7432.0	57.19512195121952	3726.007326007326	2543.0	1272.0	-3.0430622009569377	4736.0	3.4066985645933014	97.61589641927834	4781440.0	11.330143540669855	-1424.0	
1719.0	13.282608695652174	1031.0	5.804347826086956	2375.0	-1.326086956521739	35.0	-0.05247376311844078	-0.18440779610194902	191.0	917.96875	-0.2863568215892054	-123.0	26.982159406418212	32768.0	8839.0	-269.4817073170732	644059.0	19655.120849609375	-227.43902439024393	-2363.0	7460.0	72.04268292682927	3743.5897435897436	2555.0	1512.0	-3.617224880382775	5244.0	3.789473684210526	97.61589641927834	4781440.0	12.545454545454545	-1584.0	
1710.0	13.054347826086957	1052.0	5.9021739130434785	2387.0	-1.4565217391304348	34.0	-0.050974512743628186	-0.191904047976012	201.0	927.734375	-0.30134932533733133	-128.0	26.982159406418212	32768.0	9085.0	-276.9817073170732	644379.0	19664.886474609375	-226.34146341463418	-3008.0	7424.0	91.70731707317074	3723.0769230769233	2541.0	1612.0	-3.8564593301435406	5216.0	4.047846889952153	97.61589641927834	4781440.0	12.47846889952153	-1692.0	
1705.0	11.989130434782608	1150.0	5.956521739130435	2333.0	-0.8695652173913043	33.0	-0.04947526236881559	-0.19790104947526235	211.0	937.5	-0.31634182908545727	-132.0	26.982159406418212	32768.0	9595.0	-292.5304878048781	644699.0	19674.652099609375	-223.0487804878049	-3760.0	7316.0	114.63414634146342	3693.772893772894	2521.0	1332.0	-3.186602870813397	4772.0	4.0765550239234445	97.61589641927834	4781440.0	11.416267942583731	-1704.0	
1699.0	10.91304347826087	1249.0	6.021739130434782	2310.0	-0.6195652173913043	43.0	-0.06446776611694152	-0.19490254872563717	224.0	947.265625	-0.335832083958021	-130.0	26.982159406418212	32768.0	10162.0	-309.81707317073176	645019.0	19684.417724609375	-218.99390243902442	-4417.0	7183.0	134.66463414634148	3731.868131868132	2547.0	1224.0	-2.92822966507177	4216.0	4.15311004784689	97.61363952359618	4781664.0	10.086124401913874	-1736.0	
1681.0	10.597826086956522	1278.0	6.217391304347826	2324.0	-0.7717391304347826	41.0	-0.06146926536731634	-0.2098950524737631	237.0	957.03125	-0.35532233883058467	-140.0	26.982159406418212	32768.0	10631.0	-324.1158536585366	645339.0	19694.183349609375	-214.32926829268294	-4827.0	7030.0	147.16463414634148	3734.798534798535	2549.0	1268.0	-3.0334928229665072	4036.0	4.30622009569378	97.61363952359618	4781664.0	9.655502392344497	-1800.0	
1656.0	11.576086956521738	1188.0	6.489130434782608	2408.0	-1.684782608695652	49.0	-0.07346326836581708	-0.20539730134932532	247.0	966.796875	-0.3703148425787106	-137.0	26.982159406418212	32768.0	10871.0	-331.4329268292683	645659.0	19703.948974609375	-205.12195121951223	-5232.0	6728.0	159.51219512195124	3734.798534798535	2549.0	1660.0	-3.9712918660287078	4436.0	4.6028708133971294	97.61363952359618	4781664.0	10.61244019138756	-1924.0	
1600.0	13.934782608695652	971.0	7.0978260869565215	2511.0	-2.8043478260869565	56.0	-0.08395802098950525	-0.19940029985007496	271.0	976.5625	-0.40629685157421286	-133.0	26.982159406418212	32768.0	10790.0	-328.9634146341464	645979.0	19713.714599609375	-193.53658536585368	-5070.0	6348.0	154.57317073170734	3733.3333333333335	2548.0	2224.0	-5.320574162679426	5576.0	5.253588516746412	97.61363952359618	4781664.0	13.339712918660286	-2196.0	
1512.0	16.282608695652172	755.0	8.054347826086957	2496.0	-2.641304347826087	61.0	-0.0914542728635682	-0.20089955022488756	276.0	986.328125	-0.41379310344827586	-134.0	26.982159406418212	32768.0	10642.0	-324.45121951219517	646299.0	19723.480224609375	-180.57926829268294	-4988.0	5923.0	152.07317073170734	3746.5201465201467	2557.0	2128.0	-5.090909090909091	6676.0	6.449760765550239	97.61363952359618	4781664.0	15.971291866028707	-2696.0	
1420.0	17.08695652173913	681.0	9.054347826086957	2432.0	-1.9456521739130435	69.0	-0.10344827586206896	-0.2083958020989505	297.0	996.09375	-0.4452773613193403	-139.0	26.982159406418212	32768.0	10991.0	-335.0914634146342	646619.0	19733.245849609375	-168.53658536585368	-5723.0	5528.0	174.4817073170732	3706.959706959707	2530.0	1740.0	-4.162679425837321	7068.0	7.55023923444976	97.61380073037238	4781648.0	16.90909090909091	-3156.0	
1386.0	16.891304347826086	699.0	9.42391304347826	2346.0	-1.0108695652173914	80.0	-0.1199400299850075	-0.19790104947526235	314.0	1005.859375	-0.4707646176911544	-132.0	26.982159406418212	32768.0	11623.0	-354.359756097561	646939.0	19743.011474609375	-156.15853658536588	-7006.0	5122.0	213.59756097560978	3740.6593406593406	2553.0	1344.0	-3.215311004784689	6928.0	7.827751196172248	97.61380073037238	4781648.0	16.574162679425836	-3272.0	
1423.0	16.02173913043478	779.0	9.021739130434783	2283.0	-0.32608695652173914	91.0	-0.136431784107946	-0.19040479760119938	329.0	1015.625	-0.4932533733133433	-127.0	26.982159406418212	32768.0	12016.0	-366.3414634146342	647259.0	19752.777099609375	-140.15243902439025	-7945.0	4597.0	242.22560975609758	3737.7289377289376	2551.0	1036.0	-2.478468899521531	6420.0	7.301435406698564	97.61380073037238	4781648.0	15.358851674641148	-3052.0	
1460.0	14.608695652173912	909.0	8.619565217391305	2240.0	0.14130434782608695	102.0	-0.15292353823088456	-0.17991004497751123	328.0	1025.390625	-0.4917541229385307	-120.0	26.982159406418212	32768.0	12169.0	-371.00609756097566	647579.0	19762.542724609375	-117.04268292682927	-8684.0	3839.0	264.75609756097566	3730.4029304029305	2546.0	896.0	-2.1435406698564594	6056.0	6.832535885167464	97.61380073037238	4781648.0	14.488038277511961	-2856.0	
1475.0	13.195652173913043	1039.0	8.456521739130434	2191.0	0.6739130434782609	108.0	-0.1619190404797601	-0.1649175412293853	351.0	1035.15625	-0.5262368815592203	-110.0	26.982159406418212	32768.0	12383.0	-377.5304878048781	647899.0	19772.308349609375	-103.23170731707317	-8740.0	3386.0	266.4634146341464	3728.937728937729	2545.0	640.0	-1.5311004784688995	5396.0	6.727272727272727	97.61380073037238	4781648.0	12.909090909090908	-2812.0	
1429.0	11.58695652173913	1187.0	8.956521739130434	2161.0	1.0	121.0	-0.18140929535232383	-0.1409295352323838	363.0	1044.921875	-0.5442278860569715	-94.0	26.982159406418212	32768.0	12542.0	-382.37804878048786	648219.0	19782.073974609375	-72.8048780487805	-7222.0	2388.0	220.18292682926833	3709.89010989011	2532.0	468.0	-1.1196172248803826	4688.0	7.110047846889952	97.61509038490445	4781520.0	11.215311004784688	-2972.0	
1274.0	9.967391304347826	1336.0	10.641304347826086	2106.0	1.5978260869565217	135.0	-0.20239880059970014	-0.13793103448275862	388.0	1054.6875	-0.5817091454272864	-92.0	26.982159406418212	32768.0	12396.0	-377.9268292682927	648539.0	19791.839599609375	-64.69512195121952	-3579.0	2122.0	109.1158536585366	3749.4505494505493	2559.0	212.0	-0.507177033492823	3852.0	8.813397129186603	97.61509038490445	4781520.0	9.215311004784688	-3684.0	
1093.0	8.66304347826087	1456.0	12.608695652173912	2049.0	2.217391304347826	135.0	-0.20239880059970014	-0.13793103448275862	388.0	1064.453125	-0.5817091454272864	-92.0	26.982159406418212	32768.0	11853.0	-361.37195121951225	648859.0	19801.605224609375	-71.89024390243902	1057.0	2358.0	-32.22560975609756	3704.029304029304	2528.0	-144.0	0.34449760765550236	3136.0	11.24401913875598	97.61509038490445	4781520.0	7.502392344497608	-4700.0	
951.0	8.75	1448.0	14.152173913043478	2023.0	2.5	131.0	-0.19640179910044978	-0.12143928035982009	395.0	1074.21875	-0.5922038980509745	-81.0	26.982159406418212	32768.0	11275.0	-343.75000000000006	649179.0	19811.370849609375	-69.66463414634147	4929.0	2285.0	-150.27439024390245	3711.3553113553116	2533.0	-352.0	0.8421052631578947	3056.0	13.205741626794257	97.61509038490445	4781520.0	7.311004784688995	-5520.0	
897.0	10.41304347826087	1295.0	14.739130434782608	2029.0	2.4347826086956523	131.0	-0.19640179910044978	-0.12143928035982009	395.0	1083.984375	-0.5922038980509745	-81.0	26.982159406418212	32768.0	10827.0	-330.0914634146342	649499.0	19821.136474609375	-75.91463414634147	7420.0	2490.0	-226.21951219512198	3724.542124542125	2542.0	-248.0	0.5933014354066986	3844.0	13.990430622009569	97.61509038490445	4781520.0	9.196172248803828	-5848.0	
921.0	12.858695652173912	1070.0	14.478260869565217	2043.0	2.282608695652174	131.0	-0.19640179910044978	-0.10644677661169415	413.0	1093.75	-0.6191904047976011	-71.0	26.982159406418212	32768.0	10387.0	-316.6768292682927	649819.0	19830.902099609375	-80.0609756097561	8021.0	2626.0	-244.5426829268293	3712.820512820513	2534.0	-188.0	0.4497607655502392	4984.0	13.732057416267942	97.6146067643877	4781568.0	11.923444976076555	-5740.0	
967.0	15.184782608695652	856.0	13.978260869565217	2038.0	2.3369565217391304	119.0	-0.17841079460269865	-0.11244377811094453	424.0	1103.515625	-0.6356821589205397	-75.0	26.982159406418212	32768.0	9895.0	-301.6768292682927	650139.0	19840.667724609375	-91.82926829268294	6795.0	3012.0	-207.16463414634148	3718.6813186813188	2538.0	-132.0	0.3157894736842105	6136.0	13.205741626794257	97.6146067643877	4781568.0	14.679425837320574	-5520.0	
1023.0	16.913043478260867	697.0	13.369565217391305	2064.0	2.0543478260869565	112.0	-0.1679160419790105	-0.11394302848575712	435.0	1113.28125	-0.6521739130434783	-76.0	26.982159406418212	32768.0	9717.0	-296.25	650459.0	19850.433349609375	-73.62804878048782	4788.0	2415.0	-145.97560975609758	3728.937728937729	2545.0	-128.0	0.3062200956937799	6876.0	12.421052631578947	97.6146067643877	4781568.0	16.449760765550238	-5192.0	
1082.0	18.793478260869566	524.0	12.728260869565217	2111.0	1.5434782608695652	110.0	-0.1649175412293853	-0.10944527736131934	443.0	1123.046875	-0.664167916041979	-73.0	26.982159406418212	32768.0	9034.0	-275.4268292682927	650779.0	19860.198974609375	-73.56707317073172	2936.0	2413.0	-89.51219512195122	3709.89010989011	2532.0	252.0	-0.6028708133971291	7768.0	11.71291866028708	97.6146067643877	4781568.0	18.583732057416267	-4896.0	
1164.0	19.043478260869566	501.0	11.83695652173913	2143.0	1.1956521739130435	102.0	-0.15292353823088456	-0.095952023988006	457.0	1132.8125	-0.6851574212893553	-64.0	26.982159406418212	32768.0	8513.0	-259.5426829268293	651099.0	19869.964599609375	-68.35365853658537	1748.0	2242.0	-53.29268292682927	3726.007326007326	2543.0	364.0	-0.8708133971291866	7944.0	10.602870813397129	97.6146067643877	4781568.0	19.004784688995215	-4432.0	
1200.0	17.57608695652174	636.0	11.445652173913043	2196.0	0.6195652173913043	106.0	-0.15892053973013492	-0.08845577211394302	463.0	1142.578125	-0.6941529235382309	-59.0	26.982159406418212	32768.0	8447.0	-257.5304878048781	651419.0	19879.730224609375	-30.182926829268297	1231.0	990.0	-37.53048780487805	3720.1465201465203	2539.0	548.0	-1.3110047846889952	7128.0	10.16267942583732	97.61686366082277	4781344.0	17.052631578947366	-4248.0	
1172.0	16.217391304347824	761.0	11.75	2185.0	0.7391304347826086	102.0	-0.15292353823088456	-0.07946026986506746	466.0	1152.34375	-0.6986506746626686	-53.0	26.982159406418212	32768.0	7505.0	-228.81097560975613	651739.0	19889.495849609375	-35.73170731707317	837.0	1172.0	-25.51829268292683	3720.1465201465203	2539.0	636.0	-1.5215311004784688	6440.0	10.660287081339712	97.61686366082277	4781344.0	15.4066985645933	-4456.0	
1209.0	15.043478260869565	869.0	11.347826086956522	2163.0	0.9782608695652174	106.0	-0.15892053973013492	-0.07196401799100449	477.0	1162.109375	-0.7151424287856072	-48.0	26.982159406418212	32768.0	6588.0	-200.85365853658539	652059.0	19899.261474609375	-19.634146341463417	806.0	644.0	-24.573170731707318	3726.007326007326	2543.0	368.0	-0.8803827751196172	5928.0	10.124401913875598	97.61686366082277	4781344.0	14.181818181818182	-4232.0	
1279.0	14.369565217391305	931.0	10.58695652173913	2093.0	1.7391304347826086	106.0	-0.15892053973013492	-0.06446776611694152	486.0	1171.875	-0.7286356821589205	-43.0	26.982159406418212	32768.0	5930.0	-180.7926829268293	652379.0	19909.027099609375	-10.76219512195122	715.0	353.0	-21.79878048780488	3731.868131868132	2547.0	232.0	-0.5550239234449761	5792.0	9.674641148325358	97.61686366082277	4781344.0	13.85645933014354	-4044.0	
1335.0	13.641304347826086	998.0	9.978260869565217	2023.0	2.5	104.0	-0.15592203898050974	-0.04947526236881559	492.0	1181.640625	-0.7376311844077961	-33.0	26.982159406418212	32768.0	5448.0	-166.09756097560978	652699.0	19918.792724609375	4.146341463414634	928.0	-136.0	-28.292682926829272	3730.4029304029305	2546.0	-172.0	0.41148325358851673	5488.0	8.880382775119617	97.61686366082277	4781344.0	13.129186602870814	-3712.0	
1338.0	13.5	1011.0	9.945652173913043	1965.0	3.1304347826086953	102.0	-0.15292353823088456	-0.04047976011994003	500.0	1191.40625	-0.7496251874062968	-27.0	26.982159406418212	32768.0	4670.0	-142.37804878048783	653019.0	19928.558349609375	12.652439024390246	1250.0	-415.0	-38.10975609756098	3730.4029304029305	2546.0	-476.0	1.138755980861244	5284.0	8.727272727272727	97.61412314395162	4781616.0	12.64114832535885	-3648.0	
1358.0	13.489130434782608	1012.0	9.728260869565217	1919.0	3.6304347826086953	96.0	-0.14392803598200898	-0.03298350824587706	493.0	1201.171875	-0.7391304347826086	-22.0	26.982159406418212	32768.0	3971.0	-121.06707317073172	653339.0	19938.323974609375	10.091463414634147	1502.0	-331.0	-45.79268292682927	3705.4945054945056	2529.0	-652.0	1.5598086124401913	5264.0	8.593301435406698	97.61412314395162	4781616.0	12.593301435406698	-3592.0	
1392.0	13.326086956521738	1027.0	9.358695652173912	1902.0	3.8152173913043477	103.0	-0.15442278860569714	-0.026986506746626684	503.0	1210.9375	-0.7541229385307346	-18.0	26.982159406418212	32768.0	3391.0	-103.38414634146342	653659.0	19948.089599609375	17.652439024390244	2040.0	-579.0	-62.19512195121952	3733.3333333333335	2548.0	-868.0	2.076555023923445	5268.0	8.17224880382775	97.61412314395162	4781616.0	12.602870813397129	-3416.0	
1414.0	12.119565217391305	1138.0	9.119565217391305	1925.0	3.5652173913043477	100.0	-0.14992503748125938	-0.019490254872563718	504.0	1220.703125	-0.7556221889055472	-13.0	26.982159406418212	32768.0	2998.0	-91.40243902439025	653979.0	19957.855224609375	19.603658536585368	2539.0	-643.0	-77.40853658536587	3733.3333333333335	2548.0	-696.0	1.6650717703349283	4780.0	7.827751196172248	97.61412314395162	4781616.0	11.435406698564593	-3272.0	
1402.0	11.695652173913043	1177.0	9.25	1932.0	3.4891304347826084	101.0	-0.15142428785607195	-0.025487256371814093	516.0	1230.46875	-0.7736131934032984	-17.0	26.982159406418212	32768.0	2206.0	-67.25609756097562	654299.0	19967.620849609375	23.10975609756098	2911.0	-758.0	-88.75000000000001	3709.89010989011	2532.0	-620.0	1.4832535885167464	4404.0	8.019138755980862	97.61412314395162	4781616.0	10.535885167464114	-3352.0	
1418.0	11.956521739130434	1153.0	9.076086956521738	1849.0	4.391304347826087	90.0	-0.13493253373313344	-0.019490254872563718	513.0	1240.234375	-0.7691154422788605	-13.0	29.979601968824863	33371.0	1651.0	-50.335365853658544	654619.0	19977.386474609375	3.810975609756098	3277.0	-125.0	-99.90853658536587	3723.0769230769233	2541.0	-980.0	2.3444976076555024	4656.0	7.770334928229665	98.1196392093298	4781616.0	11.138755980861244	-3248.0	
1505.0	11.326086956521738	1211.0	8.130434782608695	1848.0	4.4021739130434785	90.0	-0.13493253373313344	-0.025487256371814093	515.0	1250.0	-0.7721139430284857	-17.0	29.979601968824863	33371.0	1721.0	-52.46951219512196	654939.0	19987.152099609375	3.628048780487805	3547.0	-119.0	-108.14024390243904	3702.5641025641025	2527.0	-1072.0	2.5645933014354068	4416.0	6.765550239234449	98.1196392093298	4781616.0	10.564593301435407	-2828.0	
1531.0	10.847826086956522	1255.0	7.8478260869565215	1855.0	4.326086956521739	89.0	-0.13343328335832083	-0.013493253373313342	516.0	1259.765625	-0.7736131934032984	-9.0	29.979601968824863	33371.0	1386.0	-42.25609756097561	655259.0	19996.917724609375	0.15243902439024393	3762.0	-5.0	-114.69512195121952	3726.007326007326	2543.0	-1020.0	2.4401913875598087	4136.0	6.3349282296650715	98.1196392093298	4781616.0	9.894736842105262	-2648.0	
1567.0	10.478260869565217	1289.0	7.456521739130435	1865.0	4.217391304347826	83.0	-0.12443778110944527	-0.026986506746626684	517.0	1269.53125	-0.775112443778111	-18.0	29.979601968824863	33371.0	979.0	-29.84756097560976	655579.0	20006.683349609375	-8.26219512195122	3781.0	271.0	-115.27439024390245	3698.1684981684984	2524.0	-948.0	2.2679425837320575	3968.0	5.9330143540669855	98.1196392093298	4781616.0	9.492822966507177	-2480.0	
1603.0	10.58695652173913	1279.0	7.065217391304348	1886.0	3.9891304347826084	81.0	-0.12143928035982009	-0.025487256371814093	515.0	1279.296875	-0.7721139430284857	-17.0	29.979601968824863	33371.0	880.0	-26.82926829268293	655899.0	20016.448974609375	-13.323170731707318	3703.0	437.0	-112.89634146341464	3733.3333333333335	2548.0	-860.0	2.0574162679425836	4036.0	5.368421052631579	98.1196392093298	4781616.0	9.655502392344497	-2244.0	
1660.0	10.847826086956522	1255.0	6.445652173913043	1932.0	3.4891304347826084	83.0	-0.12443778110944527	-0.026986506746626684	522.0	1289.0625	-0.7826086956521738	-18.0	29.979601968824863	33371.0	746.0	-22.743902439024392	656219.0	20026.214599609375	-14.603658536585368	3542.0	479.0	-107.98780487804879	3711.3553113553116	2533.0	-608.0	1.4545454545454546	4176.0	4.679425837320574	98.1311412299208	4780480.0	9.990430622009569	-1956.0	
1705.0	10.945652173913043	1246.0	5.956521739130435	1958.0	3.2065217391304346	76.0	-0.11394302848575712	-0.022488755622188904	519.0	1298.828125	-0.7781109445277361	-15.0	29.979601968824863	33371.0	590.0	-17.98780487804878	656539.0	20035.980224609375	-12.865853658536587	3268.0	422.0	-99.63414634146342	3758.2417582417584	2565.0	-464.0	1.1100478468899522	4200.0	4.267942583732057	98.1311412299208	4780480.0	10.047846889952153	-1784.0	
1713.0	11.076086956521738	1234.0	5.869565217391304	1973.0	3.043478260869565	72.0	-0.10794602698650674	-0.03298350824587706	517.0	1308.59375	-0.775112443778111	-22.0	29.979601968824863	33371.0	557.0	-16.981707317073173	656859.0	20045.745849609375	-11.52439024390244	2870.0	378.0	-87.50000000000001	3712.820512820513	2534.0	-448.0	1.0717703349282297	4296.0	4.143540669856459	98.1311412299208	4780480.0	10.277511961722487	-1732.0	
1717.0	11.239130434782608	1219.0	5.826086956521739	1960.0	3.184782608695652	69.0	-0.10344827586206896	-0.031484257871064465	517.0	1318.359375	-0.775112443778111	-21.0	29.979601968824863	33371.0	528.0	-16.097560975609756	657179.0	20055.511474609375	-10.365853658536587	2404.0	340.0	-73.29268292682927	3698.1684981684984	2524.0	-536.0	1.2822966507177034	4340.0	4.133971291866029	98.1311412299208	4780480.0	10.382775119617225	-1728.0	
1711.0	10.956521739130434	1245.0	5.891304347826087	1930.0	3.510869565217391	67.0	-0.10044977511244378	-0.031484257871064465	524.0	1328.125	-0.7856071964017991	-21.0	29.979601968824863	33371.0	554.0	-16.890243902439025	657499.0	20065.277099609375	-9.05487804878049	1875.0	297.0	-57.16463414634147	3699.6336996337	2525.0	-608.0	1.4545454545454546	4312.0	4.162679425837321	98.1311412299208	4780480.0	10.31578947368421	-1740.0	
1709.0	10.42391304347826	1294.0	5.913043478260869	1911.0	3.717391304347826	67.0	-0.10044977511244378	-0.026986506746626684	516.0	1337.890625	-0.7736131934032984	-18.0	29.979601968824863	33371.0	525.0	-16.00609756097561	657819.0	20075.042724609375	-6.890243902439025	1522.0	226.0	-46.40243902439025	3721.611721611722	2540.0	-732.0	1.7511961722488039	4064.0	4.200956937799043	98.12757721866333	4780832.0	9.722488038277511	-1756.0	
1698.0	10.021739130434783	1331.0	6.032608695652174	1910.0	3.7282608695652173	62.0	-0.09295352323838081	-0.031484257871064465	514.0	1347.65625	-0.7706146926536731	-21.0	29.979601968824863	33371.0	491.0	-14.969512195121952	658139.0	20084.808349609375	-5.975609756097562	1254.0	196.0	-38.23170731707317	3727.4725274725274	2544.0	-772.0	1.84688995215311	3788.0	4.3349282296650715	98.12757721866333	4780832.0	9.062200956937799	-1812.0	
1678.0	9.782608695652174	1353.0	6.25	1905.0	3.782608695652174	67.0	-0.10044977511244378	-0.034482758620689655	515.0	1357.421875	-0.7721139430284857	-23.0	29.979601968824863	33371.0	426.0	-12.987804878048781	658459.0	20094.573974609375	-5.0304878048780495	1061.0	165.0	-32.34756097560976	3709.89010989011	2532.0	-772.0	1.84688995215311	3680.0	4.574162679425837	98.12757721866333	4780832.0	8.803827751196172	-1912.0	
1654.0	10.097826086956522	1324.0	6.510869565217391	1904.0	3.793478260869565	65.0	-0.09745127436281859	-0.02848575712143928	521.0	1367.1875	-0.7811094452773613	-19.0	29.979601968824863	33371.0	450.0	-13.719512195121952	658779.0	20104.339599609375	-3.5975609756097566	751.0	118.0	-22.896341463414636	3734.798534798535	2549.0	-784.0	1.875598086124402	3748.0	4.8708133971291865	98.12757721866333	4780832.0	8.966507177033492	-2036.0	
1622.0	10.228260869565217	1312.0	6.858695652173913	1887.0	3.9782608695652173	60.0	-0.08995502248875561	-0.03298350824587706	521.0	1376.953125	-0.7811094452773613	-22.0	29.979601968824863	33371.0	516.0	-15.731707317073171	659099.0	20114.105224609375	-1.707317073170732	403.0	56.0	-12.286585365853659	3743.5897435897436	2555.0	-832.0	1.9904306220095693	3884.0	5.215311004784689	98.12757721866333	4780832.0	9.291866028708133	-2180.0	
1584.0	10.369565217391305	1299.0	7.271739130434782	1908.0	3.75	59.0	-0.08845577211394302	-0.031484257871064465	523.0	1386.71875	-0.7841079460269865	-21.0	29.979601968824863	33371.0	408.0	-12.439024390243903	659419.0	20123.870849609375	1.9512195121951221	-39.0	-64.0	1.1890243902439026	3714.285714285714	2535.0	-848.0	2.028708133971292	3900.0	5.502392344497608	98.12530921377972	4781056.0	9.330143540669857	-2300.0	
1550.0	10.445652173913043	1292.0	7.641304347826087	1875.0	4.108695652173913	55.0	-0.08245877061469264	-0.034482758620689655	524.0	1396.484375	-0.7856071964017991	-23.0	29.979601968824863	33371.0	119.0	-3.628048780487805	659739.0	20133.636474609375	4.329268292682928	-201.0	-142.0	6.128048780487806	3728.937728937729	2545.0	-932.0	2.229665071770335	4004.0	5.971291866028708	98.12530921377972	4781056.0	9.578947368421053	-2496.0	
1530.0	10.5	1287.0	7.858695652173913	1891.0	3.934782608695652	55.0	-0.08245877061469264	-0.03298350824587706	520.0	1406.25	-0.7796101949025487	-22.0	29.979601968824863	33371.0	37.0	-1.128048780487805	660059.0	20143.402099609375	3.4451219512195124	-546.0	-113.0	16.646341463414636	3705.4945054945056	2529.0	-884.0	2.114832535885167	3968.0	6.382775119617224	98.12530921377972	4781056.0	9.492822966507177	-2668.0	
1479.0	10.706521739130434	1268.0	8.41304347826087	1887.0	3.9782608695652173	58.0	-0.08695652173913043	-0.034482758620689655	522.0	1416.015625	-0.7826086956521738	-23.0	29.979601968824863	33371.0	-70.0	2.1341463414634148	660379.0	20153.167724609375	-0.27439024390243905	-685.0	9.0	20.884146341463417	3730.4029304029305	2546.0	-852.0	2.0382775119617222	4108.0	6.976076555023923	98.12530921377972	4781056.0	9.82775119617225	-2916.0	
1449.0	10.978260869565217	1243.0	8.73913043478261	1914.0	3.684782608695652	55.0	-0.08245877061469264	-0.037481259370314844	523.0	1425.78125	-0.7841079460269865	-25.0	29.979601968824863	33371.0	-62.0	1.8902439024390245	660699.0	20162.933349609375	-2.8353658536585367	-879.0	93.0	26.79878048780488	3702.5641025641025	2527.0	-724.0	1.7320574162679425	4256.0	7.4066985645933014	98.12530921377972	4781056.0	10.181818181818182	-3096.0	
1417.0	11.065217391304348	1235.0	9.08695652173913	1939.0	3.4130434782608696	60.0	-0.08995502248875561	-0.038980509745127435	526.0	1435.546875	-0.7886056971514243	-26.0	29.979601968824863	33371.0	-229.0	6.981707317073171	661019.0	20172.698974609375	-1.5548780487804879	-1004.0	51.0	30.60975609756098	3712.820512820513	2534.0	-636.0	1.5215311004784688	4248.0	7.827751196172248	98.12255521023391	4781328.0	10.16267942583732	-3272.0	
1377.0	11.054347826086957	1236.0	9.521739130434783	1953.0	3.260869565217391	58.0	-0.08695652173913043	-0.02848575712143928	525.0	1445.3125	-0.7871064467766117	-19.0	29.979601968824863	33371.0	-471.0	14.359756097560977	661339.0	20182.464599609375	1.1585365853658538	-1027.0	-38.0	31.3109756097561	3717.2161172161173	2537.0	-560.0	1.339712918660287	4220.0	8.363636363636363	98.12255521023391	4781328.0	10.095693779904305	-3496.0	
1332.0	11.021739130434783	1239.0	10.01086956521739	1952.0	3.2717391304347827	58.0	-0.08695652173913043	-0.037481259370314844	524.0	1455.078125	-0.7856071964017991	-25.0	29.979601968824863	33371.0	-676.0	20.60975609756098	661659.0	20192.230224609375	0.426829268292683	-970.0	-14.0	29.573170731707318	3699.6336996337	2525.0	-544.0	1.3014354066985645	4232.0	8.889952153110048	98.12255521023391	4781328.0	10.124401913875598	-3716.0	
1288.0	11.478260869565217	1197.0	10.489130434782608	1961.0	3.1739130434782608	56.0	-0.08395802098950525	-0.029985007496251874	523.0	1464.84375	-0.7841079460269865	-20.0	29.979601968824863	33371.0	-939.0	28.62804878048781	661979.0	20201.995849609375	-0.6097560975609757	-906.0	20.0	27.621951219512198	3704.029304029304	2528.0	-568.0	1.3588516746411483	4392.0	9.444976076555024	98.12255521023391	4781328.0	10.507177033492823	-3948.0	
1248.0	11.771739130434783	1170.0	10.92391304347826	1958.0	3.2065217391304346	60.0	-0.08995502248875561	-0.037481259370314844	522.0	1474.609375	-0.7826086956521738	-25.0	29.979601968824863	33371.0	-1270.0	38.71951219512196	662299.0	20211.761474609375	-0.48780487804878053	-810.0	16.0	24.695121951219516	3693.772893772894	2521.0	-540.0	1.2918660287081338	4588.0	10.01913875598086	98.12255521023391	4781328.0	10.976076555023923	-4188.0	
1195.0	12.119565217391305	1138.0	11.5	1969.0	3.0869565217391304	59.0	-0.08845577211394302	-0.035982008995502246	523.0	1484.375	-0.7841079460269865	-24.0	29.979601968824863	33371.0	-1551.0	47.28658536585366	662619.0	20221.527099609375	-2.530487804878049	-671.0	83.0	20.457317073170735	3702.5641025641025	2527.0	-492.0	1.1770334928229664	4692.0	10.287081339712918	98.1196392093298	4781616.0	11.224880382775119	-4300.0	
1142.0	12.326086956521738	1119.0	12.076086956521738	1958.0	3.2065217391304346	51.0	-0.07646176911544228	-0.034482758620689655	524.0	1494.140625	-0.7856071964017991	-23.0	29.979601968824863	33371.0	-1925.0	58.68902439024391	662939.0	20231.292724609375	-6.402439024390245	-496.0	210.0	15.121951219512196	3746.5201465201467	2557.0	-476.0	1.138755980861244	4824.0	10.985645933014354	98.1196392093298	4781616.0	11.54066985645933	-4592.0	
1114.0	12.195652173913043	1131.0	12.380434782608695	1971.0	3.0652173913043477	56.0	-0.08395802098950525	-0.04047976011994003	519.0	1503.90625	-0.7781109445277361	-27.0	29.979601968824863	33371.0	-2378.0	72.5	663259.0	20241.058349609375	-7.926829268292684	-302.0	260.0	9.207317073170733	3727.4725274725274	2544.0	-480.0	1.1483253588516746	4740.0	11.444976076555024	98.1196392093298	4781616.0	11.339712918660286	-4784.0	
1112.0	12.347826086956522	1117.0	12.402173913043478	1992.0	2.8369565217391304	55.0	-0.08245877061469264	-0.04497751124437781	520.0	1513.671875	-0.7796101949025487	-30.0	29.979601968824863	33371.0	-2996.0	91.34146341463415	663579.0	20250.823974609375	-8.506097560975611	-9.0	279.0	0.27439024390243905	3704.029304029304	2528.0	-424.0	1.014354066985646	4776.0	11.578947368421051	98.1196392093298	4781616.0	11.425837320574162	-4840.0	
1134.0	12.554347826086957	1098.0	12.16304347826087	2036.0	2.358695652173913	55.0	-0.08245877061469264	-0.05547226386806597	508.0	1523.4375	-0.7616191904047975	-37.0	29.979601968824863	33371.0	-3685.0	112.34756097560977	663899.0	20260.589599609375	-2.957317073170732	226.0	97.0	-6.890243902439025	3733.3333333333335	2548.0	-252.0	0.6028708133971291	4832.0	11.339712918660286	98.1196392093298	4781616.0	11.559808612440191	-4740.0	
1171.0	12.5	1103.0	11.76086956521739	2096.0	1.7065217391304348	56.0	-0.08395802098950525	-0.04947526236881559	512.0	1533.203125	-0.767616191904048	-33.0	29.979601968824863	33371.0	-4437.0	135.27439024390245	664219.0	20270.355224609375	-3.353658536585366	563.0	110.0	-17.164634146341466	3698.1684981684984	2524.0	108.0	-0.2583732057416268	4864.0	10.947368421052632	98.11947720936553	4781632.0	11.636363636363637	-4576.0	
1218.0	11.956521739130434	1153.0	11.25	2151.0	1.108695652173913	53.0	-0.07946026986506746	-0.07346326836581708	510.0	1542.96875	-0.7646176911544228	-49.0	29.979601968824863	33371.0	-5035.0	153.50609756097563	664539.0	20280.120849609375	4.024390243902439	1099.0	-132.0	-33.50609756097561	3717.2161172161173	2537.0	336.0	-0.8038277511961722	4632.0	10.248803827751196	98.11947720936553	4781632.0	11.081339712918659	-4284.0	
1190.0	11.804347826086957	1167.0	11.554347826086957	2178.0	0.8152173913043478	53.0	-0.07946026986506746	-0.07796101949025487	498.0	1552.734375	-0.7466266866566716	-52.0	29.979601968824863	33371.0	-5772.0	175.97560975609758	664859.0	20289.886474609375	29.26829268292683	1679.0	-960.0	-51.18902439024391	3720.1465201465203	2539.0	512.0	-1.2248803827751196	4464.0	10.31578947368421	98.11947720936553	4781632.0	10.679425837320574	-4312.0	
1208.0	11.956521739130434	1153.0	11.358695652173912	2224.0	0.31521739130434784	46.0	-0.06896551724137931	-0.08695652173913043	493.0	1562.5	-0.7391304347826086	-58.0	29.979601968824863	33371.0	-6461.0	196.9817073170732	665179.0	20299.652099609375	19.26829268292683	2547.0	-632.0	-77.65243902439025	3712.820512820513	2534.0	784.0	-1.875598086124402	4556.0	10.325358851674642	98.11947720936553	4781632.0	10.899521531100477	-4316.0	
1227.0	12.304347826086957	1121.0	11.152173913043478	2301.0	-0.5217391304347826	39.0	-0.05847076461769115	-0.11094452773613193	501.0	1572.265625	-0.7511244377811094	-74.0	29.979601968824863	33371.0	-7057.0	215.15243902439028	665499.0	20309.417724609375	50.426829268292686	3250.0	-1654.0	-99.08536585365854	3726.007326007326	2543.0	1008.0	-2.4114832535885165	4728.0	9.894736842105262	98.11947720936553	4781632.0	11.311004784688995	-4136.0	
1197.0	12.793478260869565	1076.0	11.478260869565217	2340.0	-0.9456521739130435	35.0	-0.05247376311844078	-0.11544227886056971	485.0	1582.03125	-0.7271364317841079	-77.0	29.979601968824863	33371.0	-7726.0	235.5487804878049	665819.0	20319.183349609375	57.04268292682927	3811.0	-1871.0	-116.18902439024392	3736.2637362637365	2550.0	1348.0	-3.2248803827751193	4952.0	10.373205741626794	98.11947720936553	4781632.0	11.84688995215311	-4336.0	
1176.0	13.684782608695652	994.0	11.706521739130434	2389.0	-1.4782608695652173	24.0	-0.035982008995502246	-0.12893553223388304	473.0	1591.796875	-0.7091454272863568	-86.0	29.979601968824863	33371.0	-8370.0	255.18292682926833	666139.0	20328.948974609375	69.45121951219512	4064.0	-2278.0	-123.90243902439026	3714.285714285714	2535.0	1532.0	-3.665071770334928	5424.0	10.641148325358852	98.11947720936553	4781632.0	12.976076555023923	-4448.0	
1183.0	14.641304347826086	906.0	11.630434782608695	2455.0	-2.1956521739130435	22.0	-0.03298350824587706	-0.14692653673163417	462.0	1601.5625	-0.6926536731634183	-98.0	29.979601968824863	33371.0	-8696.0	265.1219512195122	666459.0	20338.714599609375	86.28048780487806	4157.0	-2830.0	-126.73780487804879	3727.4725274725274	2544.0	1876.0	-4.488038277511961	5884.0	10.507177033492823	98.11947720936553	4781632.0	14.076555023923444	-4392.0	
1157.0	15.032608695652174	870.0	11.91304347826087	2556.0	-3.293478260869565	8.0	-0.01199400299850075	-0.1619190404797601	455.0	1611.328125	-0.6821589205397302	-108.0	29.979601968824863	33371.0	-9037.0	275.51829268292687	666779.0	20348.480224609375	108.65853658536587	4259.0	-3564.0	-129.84756097560978	3705.4945054945056	2529.0	2360.0	-5.645933014354067	6012.0	10.851674641148325	98.11947720936553	4781632.0	14.382775119617225	-4536.0	
1109.0	15.293478260869565	846.0	12.434782608695652	2671.0	-4.543478260869565	-1.0	0.0014992503748125937	-0.17391304347826086	443.0	1621.09375	-0.664167916041979	-116.0	29.979601968824863	33371.0	-9467.0	288.62804878048786	667099.0	20358.245849609375	129.32926829268294	4420.0	-4242.0	-134.75609756097563	3718.6813186813188	2538.0	2976.0	-7.119617224880383	6160.0	11.444976076555024	98.11947720936553	4781632.0	14.736842105263158	-4784.0	
1066.0	16.032608695652172	778.0	12.902173913043478	2748.0	-5.380434782608695	-11.0	0.01649175412293853	-0.18140929535232383	436.0	1630.859375	-0.6536731634182908	-121.0	29.979601968824863	33371.0	-9785.0	298.32317073170736	667419.0	20368.011474609375	149.39024390243904	4332.0	-4900.0	-132.07317073170734	3726.007326007326	2543.0	3204.0	-7.665071770334928	6340.0	11.71291866028708	98.12125920947014	4781456.0	15.167464114832535	-4896.0	
1083.0	16.76086956521739	711.0	12.717391304347826	2811.0	-6.065217391304348	-16.0	0.0239880059970015	-0.19790104947526235	421.0	1640.625	-0.631184407796102	-132.0	29.979601968824863	33371.0	-9827.0	299.6036585365854	667739.0	20377.777099609375	170.1829268292683	3805.0	-5582.0	-116.00609756097562	3701.0989010989015	2526.0	3500.0	-8.373205741626794	6748.0	11.674641148325358	98.12125920947014	4781456.0	16.14354066985646	-4880.0	
1093.0	17.51086956521739	642.0	12.608695652173912	2864.0	-6.641304347826087	-29.0	0.043478260869565216	-0.20239880059970014	400.0	1650.390625	-0.5997001499250375	-135.0	29.979601968824863	33371.0	-9979.0	304.2378048780488	668059.0	20387.542724609375	193.2317073170732	2861.0	-6338.0	-87.22560975609757	3737.7289377289376	2551.0	3744.0	-8.956937799043061	7060.0	11.502392344497608	98.12125920947014	4781456.0	16.88995215311005	-4808.0	
1093.0	18.293478260869566	570.0	12.608695652173912	2943.0	-7.5	-39.0	0.05847076461769115	-0.2083958020989505	384.0	1660.15625	-0.5757121439280359	-139.0	29.979601968824863	33371.0	-10314.0	314.45121951219517	668379.0	20397.308349609375	214.51219512195124	1864.0	-7036.0	-56.82926829268293	3736.2637362637365	2550.0	4152.0	-9.933014354066986	7392.0	11.444976076555024	98.12125920947014	4781456.0	17.684210526315788	-4784.0	
1070.0	18.77173913043478	526.0	12.858695652173912	3023.0	-8.369565217391305	-45.0	0.06746626686656672	-0.22338830584707645	373.0	1669.921875	-0.5592203898050975	-149.0	29.979601968824863	33371.0	-10530.0	321.0365853658537	668699.0	20407.073974609375	232.9878048780488	979.0	-7642.0	-29.84756097560976	3709.89010989011	2532.0	4540.0	-10.861244019138756	7692.0	11.68421052631579	98.12125920947014	4781456.0	18.401913875598087	-4884.0	
1035.0	18.23913043478261	575.0	13.239130434782608	3041.0	-8.565217391304348	-48.0	0.07196401799100449	-0.22788605697151423	356.0	1679.6875	-0.5337331334332833	-152.0	29.979601968824863	33371.0	-10658.0	324.93902439024396	669019.0	20416.839599609375	250.39634146341464	299.0	-8213.0	-9.115853658536587	3730.4029304029305	2546.0	4700.0	-11.24401913875598	7592.0	12.114832535885167	98.11672321135741	4781904.0	18.162679425837318	-5064.0	
1025.0	16.206521739130434	762.0	13.347826086956522	3014.0	-8.271739130434783	-52.0	0.07796101949025487	-0.2353823088455772	347.0	1689.453125	-0.52023988005997	-157.0	29.979601968824863	33371.0	-10885.0	331.859756097561	669339.0	20426.605224609375	263.6280487804878	-15.0	-8647.0	0.4573170731707317	3695.2380952380954	2522.0	4604.0	-11.014354066985646	6700.0	12.631578947368421	98.11672321135741	4781904.0	16.028708133971293	-5280.0	
1114.0	14.684782608695652	902.0	12.380434782608695	2996.0	-8.076086956521738	-48.0	0.07196401799100449	-0.24137931034482757	319.0	1699.21875	-0.47826086956521735	-161.0	29.979601968824863	33371.0	-10832.0	330.2439024390244	669659.0	20436.370849609375	275.70121951219517	-280.0	-9043.0	8.536585365853659	3704.029304029304	2528.0	4472.0	-10.698564593301436	5912.0	11.349282296650717	98.11672321135741	4781904.0	14.143540669856458	-4744.0	
1220.0	14.17391304347826	949.0	11.228260869565217	2961.0	-7.695652173913043	-47.0	0.0704647676161919	-0.24587706146926536	296.0	1708.984375	-0.44377811094452774	-164.0	29.979601968824863	33371.0	-10839.0	330.45731707317077	669979.0	20446.136474609375	286.5548780487805	-422.0	-9399.0	12.865853658536587	3721.611721611722	2540.0	4320.0	-10.33492822966507	5664.0	9.82775119617225	98.11672321135741	4781904.0	13.55023923444976	-4108.0	
1283.0	13.33695652173913	1026.0	10.543478260869565	2907.0	-7.108695652173913	-48.0	0.07196401799100449	-0.25037481259370314	280.0	1718.75	-0.4197901049475262	-167.0	29.979601968824863	33371.0	-11101.0	338.44512195121956	670299.0	20455.902099609375	293.14024390243907	-370.0	-9615.0	11.28048780487805	3704.029304029304	2528.0	4068.0	-9.732057416267942	5264.0	9.148325358851674	98.11672321135741	4781904.0	12.593301435406698	-3824.0	
1337.0	12.42391304347826	1110.0	9.956521739130434	2840.0	-6.380434782608695	-42.0	0.06296851574212893	-0.23238380809595202	266.0	1728.515625	-0.3988005997001499	-155.0	29.979601968824863	33371.0	-11090.0	338.109756097561	670619.0	20465.667724609375	299.6646341463415	-342.0	-9829.0	10.426829268292684	3731.868131868132	2547.0	3716.0	-8.889952153110048	4836.0	8.440191387559809	98.11526521347062	4782048.0	11.569377990430622	-3528.0	
1407.0	11.652173913043478	1181.0	9.195652173913043	2747.0	-5.369565217391304	-39.0	0.05847076461769115	-0.2338830584707646	248.0	1738.28125	-0.37181409295352325	-156.0	29.979601968824863	33371.0	-11043.0	336.6768292682927	670939.0	20475.433349609375	301.4939024390244	-293.0	-9889.0	8.932926829268293	3696.703296703297	2523.0	3264.0	-7.8086124401913874	4496.0	7.5406698564593295	98.11526521347062	4782048.0	10.75598086124402	-3152.0	
1475.0	10.67391304347826	1271.0	8.456521739130434	2655.0	-4.369565217391305	-34.0	0.050974512743628186	-0.22938530734632684	224.0	1748.046875	-0.335832083958021	-153.0	29.979601968824863	33371.0	-11007.0	335.57926829268297	671259.0	20485.198974609375	301.9207317073171	-282.0	-9903.0	8.597560975609756	3714.285714285714	2535.0	2800.0	-6.698564593301435	4040.0	6.660287081339713	98.11526521347062	4782048.0	9.665071770334928	-2784.0	
1539.0	10.0	1333.0	7.760869565217391	2620.0	-3.9891304347826084	-22.0	0.03298350824587706	-0.21739130434782608	210.0	1757.8125	-0.3148425787106447	-145.0	29.979601968824863	33371.0	-10943.0	333.62804878048786	671579.0	20494.964599609375	299.1768292682927	1.0	-9813.0	-0.030487804878048783	3709.89010989011	2532.0	2648.0	-6.3349282296650715	3700.0	5.942583732057416	98.11526521347062	4782048.0	8.851674641148325	-2484.0	
1580.0	9.16304347826087	1410.0	7.315217391304348	2575.0	-3.5	-29.0	0.043478260869565216	-0.20689655172413793	197.0	1767.578125	-0.29535232383808097	-138.0	29.979601968824863	33371.0	-10846.0	330.6707317073171	671899.0	20504.730224609375	297.8963414634147	460.0	-9771.0	-14.02439024390244	3712.820512820513	2534.0	2408.0	-5.760765550239234	3336.0	5.37799043062201	98.11526521347062	4782048.0	7.980861244019138	-2248.0	
1615.0	8.434782608695652	1477.0	6.934782608695652	2538.0	-3.0978260869565215	-16.0	0.0239880059970015	-0.20539730134932532	171.0	1777.34375	-0.2563718140929535	-137.0	29.979601968824863	33371.0	-10680.0	325.609756097561	672219.0	20514.495849609375	296.95121951219517	929.0	-9740.0	-28.323170731707318	3720.1465201465203	2539.0	2244.0	-5.368421052631579	3004.0	5.0047846889952154	98.11315921781696	4782256.0	7.186602870813397	-2092.0	
1638.0	7.913043478260869	1525.0	6.684782608695652	2503.0	-2.717391304347826	-7.0	0.010494752623688156	-0.1934032983508246	164.0	1787.109375	-0.24587706146926536	-129.0	29.979601968824863	33371.0	-10493.0	319.9085365853659	672539.0	20524.261474609375	294.75609756097566	1468.0	-9668.0	-44.75609756097561	3714.285714285714	2535.0	2156.0	-5.157894736842105	2880.0	4.803827751196172	98.11315921781696	4782256.0	6.889952153110047	-2008.0	
1699.0	7.282608695652174	1583.0	6.021739130434782	2438.0	-2.010869565217391	-5.0	0.0074962518740629685	-0.18440779610194902	146.0	1796.875	-0.21889055472263869	-123.0	29.979601968824863	33371.0	-10085.0	307.469512195122	672859.0	20534.027099609375	291.3719512195122	1847.0	-9557.0	-56.310975609756106	3699.6336996337	2525.0	1896.0	-4.535885167464115	2672.0	4.277511961722488	98.11315921781696	4782256.0	6.392344497607655	-1788.0	
1750.0	6.489130434782608	1656.0	5.467391304347826	2377.0	-1.3478260869565217	-6.0	0.008995502248875561	-0.17691154422788605	135.0	1806.640625	-0.20239880059970014	-118.0	29.979601968824863	33371.0	-9744.0	297.07317073170736	673179.0	20543.792724609375	287.1036585365854	2109.0	-9417.0	-64.29878048780489	3727.4725274725274	2544.0	1596.0	-3.818181818181818	2276.0	3.6076555023923444	98.11315921781696	4782256.0	5.444976076555024	-1508.0	
1806.0	5.684782608695652	1730.0	4.858695652173913	2316.0	-0.6847826086956521	2.0	-0.0029985007496251873	-0.15142428785607195	116.0	1816.40625	-0.17391304347826086	-101.0	29.979601968824863	33371.0	-9465.0	288.56707317073176	673499.0	20553.558349609375	284.51219512195127	2492.0	-9332.0	-75.97560975609757	3742.124542124542	2554.0	1284.0	-3.0717703349282295	1872.0	2.9473684210526314	98.11315921781696	4782256.0	4.4784688995215305	-1232.0	
1856.0	4.956521739130435	1797.0	4.315217391304348	2274.0	-0.22826086956521738	13.0	-0.019490254872563718	-0.1454272863568216	110.0	1826.171875	-0.1649175412293853	-97.0	29.979601968824863	33371.0	-9123.0	278.14024390243907	673819.0	20563.323974609375	280.1219512195122	2853.0	-9188.0	-86.98170731707317	3706.959706959707	2530.0	1080.0	-2.5837320574162677	1504.0	2.3349282296650715	98.11380721631676	4782192.0	3.5980861244019136	-976.0	
1900.0	4.956521739130435	1797.0	3.8369565217391304	2207.0	0.5	15.0	-0.022488755622188904	-0.13793103448275862	101.0	1835.9375	-0.15142428785607195	-92.0	29.979601968824863	33371.0	-8664.0	264.1463414634147	674139.0	20573.089599609375	278.2926829268293	3182.0	-9128.0	-97.01219512195122	3739.194139194139	2552.0	728.0	-1.7416267942583732	1448.0	1.84688995215311	98.11380721631676	4782192.0	3.464114832535885	-772.0	
1925.0	5.054347826086956	1788.0	3.5652173913043477	2192.0	0.6630434782608695	17.0	-0.025487256371814093	-0.12293853073463268	90.0	1845.703125	-0.13493253373313344	-82.0	29.979601968824863	33371.0	-8235.0	251.06707317073173	674459.0	20582.855224609375	272.8963414634147	3460.0	-8951.0	-105.48780487804879	3706.959706959707	2530.0	660.0	-1.5789473684210527	1516.0	1.4832535885167464	98.11380721631676	4782192.0	3.626794258373206	-620.0	
1939.0	5.054347826086956	1788.0	3.4130434782608696	2167.0	0.9347826086956521	27.0	-0.04047976011994003	-0.11394302848575712	81.0	1855.46875	-0.12143928035982009	-76.0	29.979601968824863	33371.0	-7834.0	238.84146341463418	674779.0	20592.620849609375	266.89024390243907	3682.0	-8754.0	-112.25609756097562	3706.959706959707	2530.0	492.0	-1.1770334928229664	1536.0	1.2057416267942582	98.11380721631676	4782192.0	3.6746411483253585	-504.0	
1961.0	4.576086956521739	1832.0	3.1739130434782608	2124.0	1.4021739130434783	32.0	-0.047976011994003	-0.095952023988006	76.0	1865.234375	-0.11394302848575712	-64.0	29.979601968824863	33371.0	-7312.0	222.9268292682927	675099.0	20602.386474609375	258.6280487804878	3726.0	-8483.0	-113.59756097560977	3721.611721611722	2540.0	332.0	-0.7942583732057416	1360.0	0.8421052631578947	98.11380721631676	4782192.0	3.253588516746411	-352.0	
2017.0	4.076086956521739	1878.0	2.5652173913043477	2068.0	2.010869565217391	43.0	-0.06446776611694152	-0.09745127436281859	74.0	1875.0	-0.11094452773613193	-65.0	29.979601968824863	33371.0	-6709.0	204.5426829268293	675419.0	20612.152099609375	248.2317073170732	3907.0	-8142.0	-119.1158536585366	3705.4945054945056	2529.0	52.0	-0.12440191387559808	1116.0	0.37320574162679426	98.11558921293768	4782016.0	2.6698564593301435	-156.0	
2037.0	3.4782608695652173	1933.0	2.3478260869565215	2020.0	2.532608695652174	42.0	-0.06296851574212893	-0.08845577211394302	66.0	1884.765625	-0.09895052473763118	-59.0	29.979601968824863	33371.0	-6108.0	186.21951219512198	675739.0	20621.917724609375	239.4817073170732	4076.0	-7855.0	-124.26829268292684	3731.868131868132	2547.0	-200.0	0.4784688995215311	844.0	-0.10526315789473684	98.11558921293768	4782016.0	2.0191387559808613	44.0	
2074.0	3.4565217391304346	1935.0	1.9456521739130435	1999.0	2.760869565217391	50.0	-0.07496251874062969	-0.07646176911544228	62.0	1894.53125	-0.09295352323838081	-51.0	29.979601968824863	33371.0	-5590.0	170.4268292682927	676059.0	20631.683349609375	229.359756097561	4236.0	-7523.0	-129.14634146341464	3742.124542124542	2554.0	-268.0	0.6411483253588517	800.0	-0.4497607655502392	98.11558921293768	4782016.0	1.9138755980861244	188.0	
2102.0	3.869565217391304	1897.0	1.641304347826087	1978.0	2.9891304347826084	55.0	-0.08245877061469264	-0.07196401799100449	61.0	1904.296875	-0.0914542728635682	-48.0	29.979601968824863	33371.0	-5055.0	154.1158536585366	676379.0	20641.448974609375	218.59756097560978	4454.0	-7170.0	-135.7926829268293	3715.7509157509157	2536.0	-400.0	0.9569377990430622	1052.0	-0.7751196172248803	98.11558921293768	4782016.0	2.5167464114832536	324.0	
2136.0	4.423913043478261	1846.0	1.2717391304347825	1987.0	2.891304347826087	54.0	-0.08095952023988005	-0.06146926536731634	57.0	1914.0625	-0.08545727136431784	-41.0	29.979601968824863	33371.0	-4538.0	138.35365853658539	676699.0	20651.214599609375	206.7378048780488	4490.0	-6781.0	-136.89024390243904	3728.937728937729	2545.0	-328.0	0.784688995215311	1248.0	-1.0239234449760766	98.11558921293768	4782016.0	2.985645933014354	428.0	
2154.0	4.739130434782608	1817.0	1.076086956521739	1985.0	2.9130434782608696	60.0	-0.08995502248875561	-0.05697151424287856	56.0	1923.828125	-0.08395802098950525	-38.0	29.979601968824863	33371.0	-4063.0	123.87195121951221	677019.0	20660.980224609375	194.75609756097563	4459.0	-6388.0	-135.94512195121953	3712.820512820513	2534.0	-344.0	0.8229665071770335	1440.0	-1.38755980861244	98.11251121946192	4782320.0	3.4449760765550237	580.0	
2158.0	4.75	1816.0	1.0326086956521738	1958.0	3.2065217391304346	59.0	-0.08845577211394302	-0.04947526236881559	59.0	1933.59375	-0.08845577211394302	-33.0	29.979601968824863	33371.0	-3543.0	108.01829268292684	677339.0	20670.745849609375	182.43902439024393	4292.0	-5984.0	-130.85365853658539	3715.7509157509157	2536.0	-456.0	1.0909090909090908	1456.0	-1.5023923444976075	98.11251121946192	4782320.0	3.4832535885167464	628.0	
2165.0	4.695652173913043	1821.0	0.9565217391304348	1978.0	2.9891304347826084	65.0	-0.09745127436281859	-0.05397301349325337	57.0	1943.359375	-0.08545727136431784	-36.0	29.979601968824863	33371.0	-3196.0	97.43902439024392	677659.0	20680.511474609375	172.07317073170734	4097.0	-5644.0	-124.90853658536587	3718.6813186813188	2538.0	-436.0	1.0430622009569377	1396.0	-1.6650717703349283	98.11251121946192	4782320.0	3.339712918660287	696.0	
2160.0	4.913043478260869	1801.0	1.0108695652173914	1959.0	3.1956521739130435	71.0	-0.10644677661169415	-0.047976011994003	57.0	1953.125	-0.08545727136431784	-32.0	29.979601968824863	33371.0	-2862.0	87.25609756097562	677979.0	20690.277099609375	160.91463414634148	3990.0	-5278.0	-121.64634146341464	3695.2380952380954	2522.0	-420.0	1.0047846889952152	1472.0	-1.4354066985645932	98.11251121946192	4782320.0	3.5215311004784686	600.0	
2148.0	4.956521739130435	1797.0	1.141304347826087	1921.0	3.608695652173913	66.0	-0.09895052473763118	-0.05397301349325337	60.0	1962.890625	-0.08995502248875561	-36.0	29.979601968824863	33371.0	-2436.0	74.26829268292684	678299.0	20700.042724609375	148.44512195121953	3640.0	-4869.0	-110.97560975609757	3726.007326007326	2543.0	-640.0	1.5311004784688995	1516.0	-1.244019138755981	98.11251121946192	4782320.0	3.626794258373206	520.0	
2167.0	5.076086956521739	1786.0	0.9347826086956521	1900.0	3.8369565217391304	72.0	-0.10794602698650674	-0.043478260869565216	55.0	1972.65625	-0.08245877061469264	-29.0	29.979601968824863	33371.0	-2137.0	65.15243902439025	678619.0	20709.808349609375	136.64634146341464	3415.0	-4482.0	-104.1158536585366	3739.194139194139	2552.0	-696.0	1.6650717703349283	1528.0	-1.368421052631579	98.11364521667822	4782208.0	3.6555023923444976	572.0	
2184.0	5.065217391304348	1787.0	0.75	1875.0	4.108695652173913	73.0	-0.10944527736131934	-0.050974512743628186	53.0	1982.421875	-0.07946026986506746	-34.0	29.979601968824863	33371.0	-1825.0	55.64024390243903	678939.0	20719.573974609375	124.54268292682929	3146.0	-4085.0	-95.91463414634147	3706.959706959707	2530.0	-872.0	2.0861244019138754	1564.0	-1.5789473684210527	98.11364521667822	4782208.0	3.741626794258373	660.0	
2195.0	5.271739130434782	1768.0	0.6304347826086957	1857.0	4.304347826086956	71.0	-0.10644677661169415	-0.04497751124437781	54.0	1992.1875	-0.08095952023988005	-30.0	29.979601968824863	33371.0	-1475.0	44.96951219512196	679259.0	20729.339599609375	112.46951219512196	2869.0	-3689.0	-87.46951219512196	3728.937728937729	2545.0	-932.0	2.229665071770335	1592.0	-1.6363636363636362	98.11364521667822	4782208.0	3.8086124401913874	684.0	
2189.0	5.228260869565217	1772.0	0.6956521739130435	1839.0	4.5	80.0	-0.1199400299850075	-0.04497751124437781	59.0	2001.953125	-0.08845577211394302	-30.0	29.979601968824863	33371.0	-1283.0	39.11585365853659	679579.0	20739.105224609375	100.57926829268294	2452.0	-3299.0	-74.75609756097562	3699.6336996337	2525.0	-1040.0	2.488038277511962	1616.0	-1.588516746411483	98.11364521667822	4782208.0	3.866028708133971	664.0	
2182.0	5.445652173913043	1752.0	0.7717391304347826	1826.0	4.641304347826087	76.0	-0.11394302848575712	-0.04497751124437781	59.0	2011.71875	-0.08845577211394302	-30.0	29.979601968824863	33371.0	-830.0	25.30487804878049	679899.0	20748.870849609375	86.52439024390245	2004.0	-2838.0	-61.09756097560976	3714.285714285714	2535.0	-1092.0	2.61244019138756	1748.0	-1.588516746411483	98.11364521667822	4782208.0	4.181818181818182	664.0	
2179.0	5.532608695652174	1744.0	0.8043478260869565	1813.0	4.782608695652174	82.0	-0.12293853073463268	-0.038980509745127435	60.0	2021.484375	-0.08995502248875561	-26.0	29.979601968824863	33371.0	-531.0	16.189024390243905	680219.0	20758.636474609375	72.22560975609757	1431.0	-2369.0	-43.62804878048781	3715.7509157509157	2536.0	-1160.0	2.77511961722488	1792.0	-1.7033492822966507	98.11332121742832	4782240.0	4.287081339712919	712.0	
2211.0	5.445652173913043	1752.0	0.45652173913043476	1813.0	4.782608695652174	84.0	-0.12593703148425786	-0.047976011994003	66.0	2031.25	-0.09895052473763118	-32.0	29.979601968824863	33371.0	-269.0	8.201219512195122	680539.0	20768.402099609375	58.07926829268293	922.0	-1905.0	-28.10975609756098	3704.029304029304	2528.0	-1172.0	2.803827751196172	1732.0	-1.8851674641148324	98.11332121742832	4782240.0	4.143540669856459	788.0	
2199.0	5.5	1747.0	0.5869565217391304	1787.0	5.065217391304348	78.0	-0.1169415292353823	-0.046476761619190406	66.0	2041.015625	-0.09895052473763118	-31.0	29.979601968824863	33371.0	-34.0	1.0365853658536586	680859.0	20778.167724609375	43.26219512195122	316.0	-1419.0	-9.634146341463415	3727.4725274725274	2544.0	-1276.0	3.052631578947368	1756.0	-1.9425837320574162	98.11332121742832	4782240.0	4.200956937799043	812.0	
2228.0	5.260869565217392	1769.0	0.2717391304347826	1769.0	5.260869565217392	78.0	-0.1169415292353823	-0.046476761619190406	66.0	2050.78125	-0.09895052473763118	-31.0	29.979601968824863	33371.0	281.0	-8.567073170731708	681179.0	20787.933349609375	26.463414634146343	-183.0	-868.0	5.579268292682928	3740.6593406593406	2553.0	-1344.0	3.215311004784689	1644.0	-2.1913875598086126	98.11332121742832	4782240.0	3.9330143540669855	916.0	
2270.0	4.521739130434782	1837.0	-0.18478260869565216	1771.0	5.239130434782608	87.0	-0.13043478260869565	-0.05247376311844078	56.0	2060.546875	-0.08395802098950525	-35.0	29.979601968824863	33371.0	653.0	-19.908536585365855	681499.0	20797.698974609375	9.085365853658537	-599.0	-298.0	18.262195121951223	3717.2161172161173	2537.0	-1352.0	3.2344497607655502	1300.0	-2.784688995215311	98.11332121742832	4782240.0	3.110047846889952	1164.0	
2285.0	4.0	1885.0	-0.34782608695652173	1670.0	6.33695652173913	87.0	-0.13043478260869565	-0.05247376311844078	56.0	2070.3125	-0.08395802098950525	-35.0	29.979601968824863	33371.0	913.0	-27.83536585365854	681819.0	20807.464599609375	-11.951219512195124	-622.0	392.0	18.963414634146343	3720.1465201465203	2539.0	-1888.0	4.516746411483253	1004.0	-2.77511961722488	98.11137722268903	4782432.0	2.401913875598086	1160.0	
2267.0	3.5217391304347827	1929.0	-0.15217391304347827	1649.0	6.565217391304348	87.0	-0.13043478260869565	-0.047976011994003	61.0	2080.078125	-0.0914542728635682	-32.0	29.979601968824863	33371.0	1267.0	-38.62804878048781	682139.0	20817.230224609375	-17.865853658536587	-529.0	586.0	16.128048780487806	3701.0989010989015	2526.0	-2024.0	4.842105263157895	856.0	-2.488038277511962	98.11137722268903	4782432.0	2.047846889952153	1040.0	
2234.0	3.9565217391304346	1889.0	0.20652173913043478	1646.0	6.5978260869565215	85.0	-0.12743628185907047	-0.050974512743628186	68.0	2089.84375	-0.10194902548725637	-34.0	29.979601968824863	33371.0	1538.0	-46.89024390243903	682459.0	20826.995849609375	-44.48170731707317	-624.0	1459.0	19.02439024390244	3712.820512820513	2534.0	-2004.0	4.794258373205741	952.0	-2.2105263157894735	98.11137722268903	4782432.0	2.277511961722488	924.0	
2253.0	4.793478260869565	1812.0	0.0	1666.0	6.380434782608695	82.0	-0.12293853073463268	-0.05397301349325337	67.0	2099.609375	-0.10044977511244378	-36.0	29.979601968824863	33371.0	1906.0	-58.10975609756098	682779.0	20836.761474609375	-61.25000000000001	-1120.0	2009.0	34.146341463414636	3709.89010989011	2532.0	-1936.0	4.631578947368421	1340.0	-2.4593301435406696	98.11137722268903	4782432.0	3.2057416267942584	1028.0	
2297.0	5.4021739130434785	1756.0	-0.4782608695652174	1705.0	5.956521739130435	83.0	-0.12443778110944527	-0.06146926536731634	70.0	2109.375	-0.10494752623688156	-41.0	29.979601968824863	33371.0	2214.0	-67.5	683099.0	20846.527099609375	-73.65853658536587	-1647.0	2416.0	50.213414634146346	3696.703296703297	2523.0	-1728.0	4.133971291866029	1724.0	-2.9665071770334928	98.11137722268903	4782432.0	4.124401913875598	1240.0	
2294.0	5.173913043478261	1777.0	-0.44565217391304346	1715.0	5.8478260869565215	83.0	-0.12443778110944527	-0.06296851574212893	76.0	2119.140625	-0.11394302848575712	-42.0	29.979601968824863	33371.0	2490.0	-75.91463414634147	683419.0	20856.292724609375	-90.3048780487805	-2205.0	2962.0	67.22560975609757	3723.0769230769233	2541.0	-1648.0	3.942583732057416	1672.0	-3.0813397129186604	98.11072922473214	4782496.0	4.0	1288.0	
2281.0	4.608695652173913	1829.0	-0.30434782608695654	1747.0	5.5	80.0	-0.1199400299850075	-0.05547226386806597	77.0	2128.90625	-0.11544227886056971	-37.0	29.979601968824863	33371.0	2876.0	-87.6829268292683	683739.0	20866.058349609375	-110.76219512195122	-2524.0	3633.0	76.95121951219512	3701.0989010989015	2526.0	-1536.0	3.6746411483253585	1372.0	-2.889952153110048	98.11072922473214	4782496.0	3.2822966507177034	1208.0	
2265.0	4.0978260869565215	1876.0	-0.13043478260869565	1765.0	5.304347826086956	81.0	-0.12143928035982009	-0.06146926536731634	82.0	2138.671875	-0.12293853073463268	-41.0	29.979601968824863	33371.0	3386.0	-103.23170731707317	684059.0	20875.823974609375	-127.25609756097562	-2729.0	4174.0	83.20121951219512	3706.959706959707	2530.0	-1440.0	3.4449760765550237	1156.0	-2.6220095693779903	98.11072922473214	4782496.0	2.7655502392344498	1096.0	
2210.0	4.326086956521739	1855.0	0.46739130434782605	1806.0	4.858695652173913	76.0	-0.11394302848575712	-0.06296851574212893	74.0	2148.4375	-0.11094452773613193	-42.0	29.979601968824863	33371.0	3780.0	-115.2439024390244	684379.0	20885.589599609375	-138.50609756097563	-2902.0	4543.0	88.47560975609757	3740.6593406593406	2553.0	-1220.0	2.9186602870813396	1156.0	-2.0574162679425836	98.11072922473214	4782496.0	2.7655502392344498	860.0	
2154.0	4.4021739130434785	1848.0	1.076086956521739	1819.0	4.717391304347826	76.0	-0.11394302848575712	-0.08095952023988005	73.0	2158.203125	-0.10944527736131934	-54.0	29.979601968824863	33371.0	4313.0	-131.4939024390244	684699.0	20895.355224609375	-162.50000000000003	-3586.0	5330.0	109.32926829268294	3699.6336996337	2525.0	-1116.0	2.6698564593301435	1300.0	-1.2057416267942582	98.11072922473214	4782496.0	3.110047846889952	504.0	
2120.0	4.521739130434782	1837.0	1.4456521739130435	1873.0	4.130434782608695	76.0	-0.11394302848575712	-0.07796101949025487	75.0	2167.96875	-0.11244377811094453	-52.0	29.979601968824863	33371.0	4653.0	-141.859756097561	685019.0	20905.120849609375	-167.71341463414635	-3723.0	5501.0	113.50609756097562	3736.2637362637365	2550.0	-848.0	2.028708133971292	1276.0	-0.9473684210526315	98.11170122172176	4782400.0	3.052631578947368	396.0	
2105.0	4.478260869565217	1841.0	1.608695652173913	1924.0	3.5760869565217392	70.0	-0.10494752623688156	-0.08095952023988005	78.0	2177.734375	-0.1169415292353823	-54.0	29.979601968824863	33371.0	5195.0	-158.38414634146343	685339.0	20914.886474609375	-190.88414634146343	-4232.0	6261.0	129.02439024390245	3720.1465201465203	2539.0	-600.0	1.4354066985645932	1344.0	-0.7177033492822966	98.11170122172176	4782400.0	3.215311004784689	300.0	
2088.0	4.793478260869565	1812.0	1.7934782608695652	1958.0	3.2065217391304346	71.0	-0.10644677661169415	-0.08845577211394302	78.0	2187.5	-0.1169415292353823	-59.0	29.979601968824863	33371.0	5772.0	-175.97560975609758	685659.0	20924.652099609375	-195.70121951219514	-4354.0	6419.0	132.7439024390244	3714.285714285714	2535.0	-508.0	1.215311004784689	1452.0	-0.49760765550239233	98.11170122172176	4782400.0	3.4736842105263155	208.0	
2039.0	4.576086956521739	1832.0	2.3260869565217392	1974.0	3.032608695652174	61.0	-0.0914542728635682	-0.0944527736131934	84.0	2197.265625	-0.12593703148425786	-63.0	29.979601968824863	33371.0	6275.0	-191.31097560975613	685979.0	20934.417724609375	-215.27439024390245	-4714.0	7061.0	143.71951219512195	3733.3333333333335	2548.0	-356.0	0.8516746411483254	1340.0	-0.03827751196172249	98.11170122172176	4782400.0	3.2057416267942584	16.0	
2034.0	4.434782608695652	1845.0	2.380434782608696	2011.0	2.630434782608696	72.0	-0.10794602698650674	-0.08995502248875561	80.0	2207.03125	-0.1199400299850075	-60.0	29.979601968824863	33371.0	7072.0	-215.609756097561	686299.0	20944.183349609375	-225.27439024390247	-4880.0	7389.0	148.78048780487805	3753.846153846154	2562.0	-160.0	0.3827751196172249	1284.0	0.03827751196172249	98.11170122172176	4782400.0	3.0717703349282295	-16.0	
2022.0	4.684782608695652	1822.0	2.510869565217391	2074.0	1.9456521739130435	62.0	-0.09295352323838081	-0.10344827586206896	89.0	2216.796875	-0.13343328335832083	-69.0	29.979601968824863	33371.0	7734.0	-235.7926829268293	686619.0	20953.948974609375	-234.81707317073173	-4843.0	7702.0	147.65243902439025	3734.798534798535	2549.0	128.0	-0.3062200956937799	1388.0	0.23923444976076555	98.11202522079067	4782368.0	3.3205741626794256	-100.0	
2003.0	5.065217391304348	1787.0	2.717391304347826	2160.0	1.0108695652173914	66.0	-0.09895052473763118	-0.10044977511244378	92.0	2226.5625	-0.13793103448275862	-67.0	29.979601968824863	33371.0	8385.0	-255.64024390243904	686939.0	20963.714599609375	-240.15243902439028	-4551.0	7877.0	138.75	3715.7509157509157	2536.0	536.0	-1.2822966507177034	1568.0	0.6028708133971291	98.11202522079067	4782368.0	3.751196172248804	-252.0	
1947.0	5.423913043478261	1754.0	3.3260869565217392	2232.0	0.22826086956521738	63.0	-0.0944527736131934	-0.1199400299850075	101.0	2236.328125	-0.15142428785607195	-80.0	29.979601968824863	33371.0	8959.0	-273.14024390243907	687259.0	20973.480224609375	-243.44512195121953	-3998.0	7985.0	121.89024390243904	3704.029304029304	2528.0	876.0	-2.0956937799043063	1736.0	0.8899521531100478	98.11202522079067	4782368.0	4.15311004784689	-372.0	
1895.0	5.728260869565217	1726.0	3.891304347826087	2258.0	-0.05434782608695652	57.0	-0.08545727136431784	-0.1199400299850075	104.0	2246.09375	-0.15592203898050974	-80.0	29.979601968824863	33371.0	9471.0	-288.75	687579.0	20983.245849609375	-247.37804878048783	-3340.0	8114.0	101.82926829268294	3723.0769230769233	2541.0	936.0	-2.2392344497607652	1824.0	1.5598086124401913	98.11202522079067	4782368.0	4.363636363636363	-652.0	
1832.0	5.858695652173913	1714.0	4.576086956521739	2245.0	0.08695652173913043	54.0	-0.08095952023988005	-0.13193403298350825	119.0	2255.859375	-0.17841079460269865	-88.0	29.979601968824863	33371.0	10010.0	-305.1829268292683	687899.0	20993.011474609375	-251.25000000000003	-2690.0	8241.0	82.01219512195122	3705.4945054945056	2529.0	888.0	-2.124401913875598	1928.0	2.229665071770335	98.11202522079067	4782368.0	4.6124401913875595	-932.0	
1802.0	6.163043478260869	1686.0	4.9021739130434785	2228.0	0.2717391304347826	52.0	-0.07796101949025487	-0.1454272863568216	129.0	2265.625	-0.1934032983508246	-97.0	29.979601968824863	33371.0	10505.0	-320.2743902439025	688219.0	21002.777099609375	-254.87804878048783	-2269.0	8360.0	69.17682926829269	3693.772893772894	2521.0	800.0	-1.9138755980861244	2008.0	2.7655502392344498	98.11121522318622	4782448.0	4.803827751196172	-1156.0	
1755.0	6.858695652173913	1622.0	5.413043478260869	2228.0	0.2717391304347826	53.0	-0.07946026986506746	-0.1649175412293853	140.0	2275.390625	-0.2098950524737631	-110.0	29.979601968824863	33371.0	10910.0	-332.6219512195122	688539.0	21012.542724609375	-257.2256097560976	-2086.0	8437.0	63.59756097560976	3726.007326007326	2543.0	780.0	-1.8660287081339713	2276.0	3.2822966507177034	98.11121522318622	4782448.0	5.444976076555024	-1372.0	
1704.0	8.25	1494.0	5.967391304347826	2279.0	-0.2826086956521739	40.0	-0.05997001499250375	-0.17391304347826086	153.0	2285.15625	-0.22938530734632684	-116.0	29.979601968824863	33371.0	11170.0	-340.5487804878049	688859.0	21022.308349609375	-258.01829268292687	-1909.0	8463.0	58.20121951219513	3742.124542124542	2554.0	1008.0	-2.4114832535885165	2840.0	3.9330143540669855	98.11121522318622	4782448.0	6.794258373205741	-1644.0	
1632.0	10.021739130434783	1331.0	6.75	2353.0	-1.0869565217391304	36.0	-0.05397301349325337	-0.1829085457271364	169.0	2294.921875	-0.25337331334332835	-122.0	29.979601968824863	33371.0	11287.0	-344.1158536585366	689179.0	21032.073974609375	-255.82317073170734	-1908.0	8391.0	58.17073170731708	3701.0989010989015	2526.0	1364.0	-3.263157894736842	3660.0	4.784688995215311	98.11121522318622	4782448.0	8.75598086124402	-2000.0	
1565.0	11.51086956521739	1194.0	7.478260869565217	2316.0	-0.6847826086956521	43.0	-0.06446776611694152	-0.1889055472263868	175.0	2304.6875	-0.2623688155922039	-126.0	29.979601968824863	33371.0	11546.0	-352.01219512195127	689499.0	21041.839599609375	-255.21341463414637	-2471.0	8371.0	75.33536585365854	3737.7289377289376	2551.0	1256.0	-3.004784688995215	4420.0	5.712918660287081	98.11121522318622	4782448.0	10.574162679425838	-2388.0	
1528.0	12.184782608695652	1132.0	7.880434782608695	2325.0	-0.7826086956521738	40.0	-0.05997001499250375	-0.19940029985007496	192.0	2314.453125	-0.28785607196401797	-133.0	29.979601968824863	33371.0	12015.0	-366.31097560975616	689819.0	21051.605224609375	-252.22560975609758	-3546.0	8273.0	108.10975609756099	3682.0512820512818	2513.0	1272.0	-3.0430622009569377	4796.0	6.181818181818182	98.11089122420779	4782480.0	11.473684210526315	-2584.0	
1505.0	12.304347826086957	1121.0	8.130434782608695	2292.0	-0.42391304347826086	38.0	-0.05697151424287856	-0.20239880059970014	211.0	2324.21875	-0.31634182908545727	-135.0	29.979601968824863	33371.0	12509.0	-381.37195121951225	690139.0	21061.370849609375	-245.24390243902442	-4754.0	8044.0	144.93902439024393	3706.959706959707	2530.0	1108.0	-2.650717703349282	4868.0	6.3349282296650715	98.11089122420779	4782480.0	11.645933014354066	-2648.0	
1488.0	11.728260869565217	1174.0	8.315217391304348	2280.0	-0.2934782608695652	45.0	-0.06746626686656672	-0.21589205397301348	222.0	2333.984375	-0.3328335832083958	-144.0	29.979601968824863	33371.0	13131.0	-400.3353658536586	690459.0	21071.136474609375	-232.95731707317074	-5906.0	7641.0	180.06097560975613	3718.6813186813188	2538.0	1016.0	-2.430622009569378	4588.0	6.497607655502392	98.11089122420779	4782480.0	10.976076555023923	-2716.0	
1475.0	11.728260869565217	1174.0	8.456521739130434	2298.0	-0.4891304347826087	50.0	-0.07496251874062969	-0.21139430284857572	240.0	2343.75	-0.35982008995502246	-141.0	29.979601968824863	33371.0	13489.0	-411.25000000000006	690779.0	21080.902099609375	-213.71951219512198	-6613.0	7010.0	201.6158536585366	3714.285714285714	2535.0	1100.0	-2.631578947368421	4544.0	6.708133971291866	98.11089122420779	4782480.0	10.870813397129186	-2804.0	
1405.0	12.445652173913043	1108.0	9.217391304347826	2326.0	-0.7934782608695652	58.0	-0.08695652173913043	-0.2128935532233883	250.0	2353.515625	-0.3748125937031484	-142.0	29.979601968824863	33371.0	13800.0	-420.7317073170732	691099.0	21090.667724609375	-190.4268292682927	-6897.0	6246.0	210.27439024390245	3733.3333333333335	2548.0	1244.0	-2.976076555023923	4900.0	7.492822966507177	98.11089122420779	4782480.0	11.722488038277511	-3132.0	
1310.0	14.239130434782608	943.0	10.25	2326.0	-0.7934782608695652	70.0	-0.10494752623688156	-0.2143928035982009	271.0	2363.28125	-0.40629685157421286	-143.0	29.979601968824863	33371.0	14060.0	-428.6585365853659	691419.0	21100.433349609375	-169.78658536585368	-6889.0	5569.0	210.03048780487808	3750.915750915751	2560.0	1316.0	-3.1483253588516744	5780.0	8.813397129186603	98.11202522079067	4782368.0	13.827751196172247	-3684.0	
1179.0	16.09782608695652	772.0	11.67391304347826	2261.0	-0.08695652173913043	80.0	-0.1199400299850075	-0.2098950524737631	291.0	2373.046875	-0.43628185907046474	-140.0	29.979601968824863	33371.0	14173.0	-432.1036585365854	691739.0	21110.198974609375	-152.10365853658539	-6566.0	4989.0	200.1829268292683	3724.542124542125	2542.0	900.0	-2.15311004784689	6636.0	10.507177033492823	98.11202522079067	4782368.0	15.875598086124402	-4392.0	
1093.0	16.652173913043477	721.0	12.608695652173912	2159.0	1.0217391304347825	86.0	-0.12893553223388304	-0.20239880059970014	311.0	2382.8125	-0.4662668665667166	-135.0	29.979601968824863	33371.0	14249.0	-434.4207317073171	692059.0	21119.964599609375	-136.859756097561	-6149.0	4489.0	187.46951219512198	3731.868131868132	2547.0	368.0	-0.8803827751196172	6784.0	11.578947368421051	98.11202522079067	4782368.0	16.229665071770334	-4840.0	
1053.0	15.967391304347826	784.0	13.043478260869565	2049.0	2.217391304347826	100.0	-0.14992503748125938	-0.19040479760119938	329.0	2392.578125	-0.4932533733133433	-127.0	29.979601968824863	33371.0	14064.0	-428.7804878048781	692379.0	21129.730224609375	-125.42682926829269	-5424.0	4114.0	165.3658536585366	3699.6336996337	2525.0	68.0	-0.16267942583732056	6612.0	11.827751196172247	98.11202522079067	4782368.0	15.818181818181818	-4944.0	
1050.0	15.076086956521738	866.0	13.076086956521738	1964.0	3.141304347826087	110.0	-0.1649175412293853	-0.191904047976012	339.0	2402.34375	-0.5082458770614693	-128.0	29.979601968824863	33371.0	13717.0	-418.20121951219517	692699.0	21139.495849609375	-118.50609756097562	-4451.0	3887.0	135.70121951219514	3709.89010989011	2532.0	-440.0	1.0526315789473684	6120.0	11.980861244019138	98.11202522079067	4782368.0	14.64114832535885	-5008.0	
1047.0	14.380434782608695	930.0	13.108695652173912	1910.0	3.7282608695652173	116.0	-0.17391304347826086	-0.17091454272863568	367.0	2412.109375	-0.5502248875562219	-114.0	29.979601968824863	33371.0	13459.0	-410.3353658536586	693019.0	21149.261474609375	-112.10365853658537	-3377.0	3677.0	102.95731707317074	3714.285714285714	2535.0	-752.0	1.7990430622009568	5792.0	11.923444976076555	98.11510321375066	4782064.0	13.85645933014354	-4984.0	
1033.0	14.065217391304348	959.0	13.26086956521739	1900.0	3.8369565217391304	124.0	-0.18590704647676162	-0.15442278860569714	370.0	2421.875	-0.5547226386806596	-103.0	29.979601968824863	33371.0	13411.0	-408.87195121951225	693339.0	21159.027099609375	-105.64024390243904	-2322.0	3465.0	70.79268292682927	3693.772893772894	2521.0	-864.0	2.0669856459330145	5660.0	12.057416267942584	98.11510321375066	4782064.0	13.54066985645933	-5040.0	
975.0	13.576086956521738	1004.0	13.891304347826086	1909.0	3.7391304347826084	131.0	-0.19640179910044978	-0.15292353823088456	393.0	2431.640625	-0.5892053973013494	-102.0	29.979601968824863	33371.0	13429.0	-409.4207317073171	693659.0	21168.792724609375	-99.39024390243904	-1258.0	3260.0	38.35365853658537	3723.0769230769233	2541.0	-820.0	1.9617224880382775	5492.0	12.688995215311005	98.11510321375066	4782064.0	13.138755980861243	-5304.0	
905.0	12.695652173913043	1085.0	14.652173913043478	1927.0	3.543478260869565	133.0	-0.19940029985007496	-0.13343328335832083	402.0	2441.40625	-0.6026986506746627	-89.0	29.979601968824863	33371.0	13563.0	-413.50609756097566	693979.0	21178.558349609375	-95.00000000000001	-118.0	3116.0	3.5975609756097566	3746.5201465201467	2557.0	-688.0	1.645933014354067	5104.0	13.636363636363637	98.11510321375066	4782064.0	12.210526315789473	-5700.0	
834.0	11.956521739130434	1153.0	15.42391304347826	1951.0	3.282608695652174	134.0	-0.20089955022488756	-0.12443778110944527	418.0	2451.171875	-0.6266866566716641	-83.0	29.979601968824863	33371.0	13496.0	-411.4634146341464	694299.0	21188.323974609375	-97.34756097560977	924.0	3193.0	-28.170731707317074	3704.029304029304	2528.0	-612.0	1.464114832535885	4748.0	14.708133971291865	98.11510321375066	4782064.0	11.358851674641148	-6148.0	
774.0	11.021739130434783	1239.0	16.07608695652174	1940.0	3.402173913043478	135.0	-0.20239880059970014	-0.10644677661169415	427.0	2460.9375	-0.6401799100449775	-71.0	29.979601968824863	33371.0	13798.0	-420.6707317073171	694619.0	21198.089599609375	-86.40243902439025	1821.0	2834.0	-55.518292682926834	3728.937728937729	2545.0	-640.0	1.5311004784688995	4280.0	15.24401913875598	98.11380721631676	4782192.0	10.239234449760765	-6372.0	
718.0	11.489130434782608	1196.0	16.684782608695652	1931.0	3.5	133.0	-0.19940029985007496	-0.10194902548725637	442.0	2470.703125	-0.6626686656671664	-68.0	29.979601968824863	33371.0	13686.0	-417.25609756097566	694939.0	21207.855224609375	-90.45731707317074	2098.0	2967.0	-63.963414634146346	3695.2380952380954	2522.0	-684.0	1.6363636363636362	4428.0	15.990430622009569	98.11380721631676	4782192.0	10.593301435406698	-6684.0	
679.0	12.51086956521739	1102.0	17.108695652173914	1930.0	3.510869565217391	140.0	-0.2098950524737631	-0.08695652173913043	457.0	2480.46875	-0.6851574212893553	-58.0	29.979601968824863	33371.0	13387.0	-408.14024390243907	695259.0	21217.620849609375	-84.42073170731707	1674.0	2769.0	-51.03658536585366	3709.89010989011	2532.0	-724.0	1.7320574162679425	4860.0	16.507177033492823	98.11380721631676	4782192.0	11.626794258373206	-6900.0	
706.0	13.141304347826086	1044.0	16.815217391304348	1938.0	3.4239130434782608	144.0	-0.21589205397301348	-0.07346326836581708	469.0	2490.234375	-0.7031484257871065	-49.0	29.979601968824863	33371.0	13108.0	-399.63414634146346	695579.0	21227.386474609375	-90.42682926829269	854.0	2966.0	-26.03658536585366	3706.959706959707	2530.0	-640.0	1.5311004784688995	5296.0	16.076555023923444	98.11380721631676	4782192.0	12.669856459330143	-6720.0	
733.0	12.33695652173913	1118.0	16.52173913043478	1957.0	3.217391304347826	139.0	-0.2083958020989505	-0.06146926536731634	477.0	2500.0	-0.7151424287856072	-41.0	29.979601968824863	33371.0	13305.0	-405.64024390243907	695899.0	21237.152099609375	-58.75000000000001	439.0	1927.0	-13.384146341463415	3711.3553113553116	2533.0	-632.0	1.5119617224880382	4852.0	15.837320574162678	98.11380721631676	4782192.0	11.607655502392344	-6620.0	
710.0	11.66304347826087	1180.0	16.77173913043478	1948.0	3.3152173913043477	136.0	-0.20389805097451275	-0.043478260869565216	488.0	2509.765625	-0.7316341829085456	-29.0	30.00942779968027	33377.0	12643.0	-385.45731707317077	696219.0	21246.917724609375	-62.957317073170735	358.0	2065.0	-10.914634146341465	3742.124542124542	2554.0	-580.0	1.38755980861244	4456.0	16.210526315789473	98.11884304183572	4782192.0	10.660287081339712	-6776.0	
718.0	10.684782608695652	1270.0	16.684782608695652	1929.0	3.5217391304347827	145.0	-0.21739130434782608	-0.025487256371814093	488.0	2519.53125	-0.7316341829085456	-17.0	30.00942779968027	33377.0	12184.0	-371.4634146341464	696539.0	21256.683349609375	-52.46951219512196	534.0	1721.0	-16.28048780487805	3749.4505494505493	2559.0	-684.0	1.6363636363636362	4024.0	16.066985645933013	98.11884304183572	4782192.0	9.626794258373206	-6716.0	
728.0	10.043478260869565	1329.0	16.57608695652174	1935.0	3.4565217391304346	142.0	-0.2128935532233883	-0.008995502248875561	498.0	2529.296875	-0.7466266866566716	-6.0	30.00942779968027	33377.0	11712.0	-357.07317073170736	696859.0	21266.448974609375	-42.957317073170735	1112.0	1409.0	-33.90243902439025	3718.6813186813188	2538.0	-688.0	1.645933014354067	3752.0	15.990430622009569	98.11884304183572	4782192.0	8.976076555023923	-6684.0	
757.0	9.73913043478261	1357.0	16.26086956521739	1940.0	3.402173913043478	137.0	-0.20539730134932532	0.008995502248875561	504.0	2539.0625	-0.7556221889055472	6.0	30.00942779968027	33377.0	10988.0	-335.00000000000006	697179.0	21276.214599609375	-39.32926829268293	1898.0	1290.0	-57.865853658536594	3730.4029304029305	2546.0	-668.0	1.5980861244019138	3572.0	15.645933014354066	98.11884304183572	4782192.0	8.545454545454545	-6540.0	
783.0	9.641304347826086	1366.0	15.978260869565217	1923.0	3.5869565217391304	139.0	-0.2083958020989505	0.020989505247376312	517.0	2548.828125	-0.775112443778111	14.0	30.00942779968027	33377.0	10151.0	-309.4817073170732	697499.0	21285.980224609375	-32.713414634146346	2729.0	1073.0	-83.20121951219512	3704.029304029304	2528.0	-716.0	1.7129186602870812	3528.0	15.502392344497608	98.11884304183572	4782192.0	8.440191387559809	-6480.0	
825.0	9.978260869565217	1335.0	15.521739130434781	1901.0	3.8260869565217392	146.0	-0.21889055472263869	0.043478260869565216	522.0	2558.59375	-0.7826086956521738	29.0	30.00942779968027	33377.0	9186.0	-280.0609756097561	697819.0	21295.745849609375	-31.09756097560976	3517.0	1020.0	-107.22560975609757	3727.4725274725274	2544.0	-860.0	2.0574162679425836	3636.0	15.110047846889952	98.13228969891675	4780864.0	8.698564593301436	-6316.0	
883.0	10.434782608695652	1293.0	14.891304347826086	1884.0	4.010869565217392	139.0	-0.2083958020989505	0.05247376311844078	529.0	2568.359375	-0.793103448275862	35.0	30.00942779968027	33377.0	8120.0	-247.56097560975613	698139.0	21305.511474609375	-31.79878048780488	4037.0	1043.0	-123.07926829268294	3743.5897435897436	2555.0	-904.0	2.1626794258373203	3820.0	14.488038277511961	98.13228969891675	4780864.0	9.138755980861244	-6056.0	
956.0	10.967391304347826	1244.0	14.097826086956522	1887.0	3.9782608695652173	142.0	-0.2128935532233883	0.05697151424287856	534.0	2578.125	-0.800599700149925	38.0	30.00942779968027	33377.0	6932.0	-211.34146341463418	698459.0	21315.277099609375	-32.987804878048784	4296.0	1082.0	-130.97560975609758	3734.798534798535	2549.0	-912.0	2.1818181818181817	4076.0	13.569377990430622	98.13228969891675	4780864.0	9.751196172248804	-5672.0	
1047.0	11.25	1218.0	13.108695652173912	1885.0	4.0	133.0	-0.19940029985007496	0.07196401799100449	538.0	2587.890625	-0.8065967016491754	48.0	30.00942779968027	33377.0	5870.0	-178.96341463414635	698779.0	21325.042724609375	-32.43902439024391	4443.0	1064.0	-135.45731707317074	3733.3333333333335	2548.0	-916.0	2.1913875598086126	4236.0	12.497607655502392	98.13228969891675	4780864.0	10.133971291866029	-5224.0	
1135.0	11.152173913043478	1227.0	12.152173913043478	1885.0	4.0	137.0	-0.20539730134932532	0.06896551724137931	540.0	2597.65625	-0.8095952023988006	46.0	30.00942779968027	33377.0	5019.0	-153.01829268292684	699099.0	21334.808349609375	-25.670731707317074	4338.0	842.0	-132.25609756097563	3749.4505494505493	2559.0	-892.0	2.1339712918660285	4232.0	11.349282296650717	98.13228969891675	4780864.0	10.124401913875598	-4744.0	
1193.0	10.92391304347826	1248.0	11.521739130434783	1908.0	3.75	133.0	-0.19940029985007496	0.07796101949025487	530.0	2607.421875	-0.7946026986506747	52.0	30.00942779968027	33377.0	4134.0	-126.03658536585367	699419.0	21344.573974609375	-19.35975609756098	3946.0	635.0	-120.3048780487805	3709.89010989011	2532.0	-836.0	2.0	4148.0	10.583732057416267	98.13261371551923	4780832.0	9.923444976076555	-4424.0	
1239.0	10.119565217391305	1322.0	11.021739130434783	1904.0	3.793478260869565	136.0	-0.20389805097451275	0.08095952023988005	541.0	2617.1875	-0.8110944527736131	54.0	30.00942779968027	33377.0	3411.0	-103.9939024390244	699739.0	21354.339599609375	-12.621951219512196	3397.0	414.0	-103.56707317073172	3743.5897435897436	2555.0	-788.0	1.8851674641148324	3808.0	10.057416267942584	98.13261371551923	4780832.0	9.110047846889952	-4204.0	
1275.0	9.16304347826087	1410.0	10.630434782608695	1917.0	3.652173913043478	134.0	-0.20089955022488756	0.07196401799100449	539.0	2626.953125	-0.808095952023988	48.0	30.00942779968027	33377.0	2772.0	-84.51219512195122	700059.0	21364.105224609375	-3.4451219512195124	2973.0	113.0	-90.64024390243904	3684.981684981685	2515.0	-768.0	1.8373205741626792	3364.0	9.617224880382775	98.13261371551923	4780832.0	8.047846889952153	-4020.0	
1294.0	8.728260869565217	1450.0	10.42391304347826	1934.0	3.467391304347826	130.0	-0.19490254872563717	0.07946026986506746	538.0	2636.71875	-0.8065967016491754	53.0	30.00942779968027	33377.0	2101.0	-64.0548780487805	700379.0	21373.870849609375	5.335365853658537	2750.0	-175.0	-83.84146341463415	3715.7509157509157	2536.0	-708.0	1.69377990430622	3124.0	9.301435406698564	98.13261371551923	4780832.0	7.473684210526316	-3888.0	
1300.0	8.597826086956522	1462.0	10.358695652173912	1952.0	3.2717391304347827	128.0	-0.191904047976012	0.07796101949025487	538.0	2646.484375	-0.8065967016491754	52.0	30.00942779968027	33377.0	1472.0	-44.87804878048781	700699.0	21383.636474609375	12.896341463414636	2810.0	-423.0	-85.67073170731707	3715.7509157509157	2536.0	-624.0	1.492822966507177	3056.0	9.205741626794259	98.13261371551923	4780832.0	7.311004784688995	-3848.0	
1311.0	8.456521739130434	1475.0	10.239130434782608	1950.0	3.293478260869565	126.0	-0.1889055472263868	0.08095952023988005	540.0	2656.25	-0.8095952023988006	54.0	30.00942779968027	33377.0	930.0	-28.353658536585368	701019.0	21393.402099609375	15.426829268292684	2910.0	-506.0	-88.71951219512196	3708.4249084249086	2531.0	-588.0	1.4066985645933014	3032.0	9.110047846889952	98.12823949443998	4781264.0	7.253588516746412	-3808.0	
1311.0	8.42391304347826	1478.0	10.239130434782608	1950.0	3.293478260869565	124.0	-0.18590704647676162	0.07346326836581708	541.0	2666.015625	-0.8110944527736131	49.0	30.00942779968027	33377.0	472.0	-14.390243902439027	701339.0	21403.167724609375	18.56707317073171	3100.0	-609.0	-94.51219512195122	3736.2637362637365	2550.0	-588.0	1.4066985645933014	3032.0	9.004784688995215	98.12823949443998	4781264.0	7.253588516746412	-3764.0	
1329.0	8.33695652173913	1486.0	10.043478260869565	1937.0	3.434782608695652	124.0	-0.18590704647676162	0.07646176911544228	547.0	2675.78125	-0.8200899550224887	51.0	30.00942779968027	33377.0	182.0	-5.548780487804879	701659.0	21412.933349609375	21.615853658536587	3174.0	-709.0	-96.76829268292684	3743.5897435897436	2555.0	-572.0	1.368421052631579	3000.0	8.909090909090908	98.12823949443998	4781264.0	7.177033492822966	-3724.0	
1340.0	8.16304347826087	1502.0	9.92391304347826	1948.0	3.3152173913043477	117.0	-0.17541229385307347	0.06896551724137931	550.0	2685.546875	-0.8245877061469266	46.0	30.00942779968027	33377.0	22.0	-0.6707317073170732	701979.0	21422.698974609375	21.79878048780488	3108.0	-715.0	-94.75609756097562	3720.1465201465203	2539.0	-580.0	1.38755980861244	2940.0	8.717703349282296	98.12823949443998	4781264.0	7.033492822966507	-3644.0	
1365.0	8.076086956521738	1510.0	9.652173913043478	1935.0	3.4565217391304346	114.0	-0.17091454272863568	0.07496251874062969	542.0	2695.3125	-0.8125937031484257	50.0	30.00942779968027	33377.0	-92.0	2.804878048780488	702299.0	21432.464599609375	23.750000000000004	3032.0	-779.0	-92.43902439024392	3730.4029304029305	2546.0	-612.0	1.464114832535885	2916.0	8.545454545454545	98.12823949443998	4781264.0	6.976076555023923	-3572.0	
1381.0	7.891304347826087	1527.0	9.478260869565217	1928.0	3.532608695652174	116.0	-0.17391304347826086	0.05397301349325337	546.0	2705.078125	-0.8185907046476761	36.0	30.00942779968027	33377.0	-197.0	6.00609756097561	702619.0	21442.230224609375	26.493902439024392	3070.0	-869.0	-93.59756097560977	3696.703296703297	2523.0	-676.0	1.6172248803827751	2844.0	8.30622009569378	98.12564736654305	4781520.0	6.803827751196172	-3472.0	
1397.0	7.619565217391304	1552.0	9.304347826086957	1914.0	3.684782608695652	113.0	-0.16941529235382308	0.05997001499250375	547.0	2714.84375	-0.8200899550224887	40.0	30.00942779968027	33377.0	-188.0	5.731707317073171	702939.0	21451.995849609375	27.408536585365855	3187.0	-899.0	-97.16463414634147	3714.285714285714	2535.0	-728.0	1.7416267942583732	2720.0	8.133971291866029	98.12564736654305	4781520.0	6.507177033492822	-3400.0	
1408.0	7.5978260869565215	1554.0	9.184782608695652	1894.0	3.902173913043478	107.0	-0.16041979010494753	0.05247376311844078	551.0	2724.609375	-0.8260869565217391	35.0	30.00942779968027	33377.0	-134.0	4.085365853658537	703259.0	21461.761474609375	26.615853658536587	3139.0	-873.0	-95.70121951219512	3693.772893772894	2521.0	-820.0	1.9617224880382775	2676.0	8.0	98.12564736654305	4781520.0	6.401913875598086	-3344.0	
1427.0	7.967391304347826	1520.0	8.978260869565217	1894.0	3.902173913043478	102.0	-0.15292353823088456	0.05397301349325337	545.0	2734.375	-0.8170914542728636	36.0	30.00942779968027	33377.0	-114.0	3.4756097560975614	703579.0	21471.527099609375	27.987804878048784	2943.0	-918.0	-89.72560975609757	3696.703296703297	2523.0	-896.0	2.1435406698564594	2812.0	7.760765550239234	98.12564736654305	4781520.0	6.727272727272727	-3244.0	
1438.0	8.543478260869565	1467.0	8.858695652173912	1900.0	3.8369565217391304	102.0	-0.15292353823088456	0.043478260869565216	548.0	2744.140625	-0.8215892053973013	29.0	30.00942779968027	33377.0	-130.0	3.963414634146342	703899.0	21481.292724609375	30.51829268292683	2621.0	-1001.0	-79.90853658536587	3717.2161172161173	2537.0	-836.0	2.0	3080.0	7.5311004784688995	98.12564736654305	4781520.0	7.368421052631579	-3148.0	
1457.0	9.141304347826086	1412.0	8.652173913043478	1906.0	3.7717391304347827	100.0	-0.14992503748125938	0.038980509745127435	549.0	2753.90625	-0.8230884557721139	26.0	30.00942779968027	33377.0	-108.0	3.2926829268292686	704219.0	21491.058349609375	32.6829268292683	2256.0	-1072.0	-68.78048780487805	3746.5201465201467	2557.0	-748.0	1.7894736842105263	3376.0	7.358851674641148	98.12451331131662	4781632.0	8.076555023923445	-3076.0	
1473.0	9.358695652173912	1392.0	8.478260869565217	1940.0	3.402173913043478	93.0	-0.1394302848575712	0.043478260869565216	552.0	2763.671875	-0.8275862068965517	29.0	30.00942779968027	33377.0	-24.0	0.7317073170731708	704539.0	21500.823974609375	36.00609756097561	1770.0	-1181.0	-53.963414634146346	3715.7509157509157	2536.0	-632.0	1.5119617224880382	3508.0	7.1387559808612435	98.12451331131662	4781632.0	8.392344497607656	-2984.0	
1484.0	9.543478260869565	1375.0	8.358695652173912	1935.0	3.4565217391304346	96.0	-0.14392803598200898	0.04047976011994003	550.0	2773.4375	-0.8245877061469266	27.0	30.00942779968027	33377.0	6.0	-0.1829268292682927	704859.0	21510.589599609375	40.09146341463415	1138.0	-1315.0	-34.69512195121951	3740.6593406593406	2553.0	-604.0	1.444976076555024	3580.0	7.043062200956937	98.12451331131662	4781632.0	8.564593301435407	-2944.0	
1468.0	9.869565217391305	1345.0	8.532608695652174	1915.0	3.6739130434782608	96.0	-0.14392803598200898	0.034482758620689655	543.0	2783.203125	-0.8140929535232384	23.0	30.00942779968027	33377.0	-105.0	3.2012195121951224	705179.0	21520.355224609375	43.963414634146346	357.0	-1442.0	-10.884146341463415	3695.2380952380954	2522.0	-712.0	1.7033492822966507	3720.0	7.205741626794258	98.12451331131662	4781632.0	8.899521531100477	-3012.0	
1418.0	10.51086956521739	1286.0	9.076086956521738	1889.0	3.9565217391304346	96.0	-0.14392803598200898	0.03298350824587706	551.0	2792.96875	-0.8260869565217391	22.0	30.00942779968027	33377.0	-366.0	11.158536585365855	705499.0	21530.120849609375	45.487804878048784	-310.0	-1492.0	9.451219512195124	3714.285714285714	2535.0	-876.0	2.0956937799043063	3996.0	7.7990430622009566	98.12451331131662	4781632.0	9.559808612440191	-3260.0	
1370.0	10.782608695652174	1261.0	9.597826086956522	1908.0	3.75	88.0	-0.13193403298350825	0.037481259370314844	544.0	2802.734375	-0.815592203898051	25.0	30.00942779968027	33377.0	-549.0	16.73780487804878	705819.0	21539.886474609375	44.72560975609756	-760.0	-1467.0	23.170731707317074	3714.285714285714	2535.0	-792.0	1.894736842105263	4120.0	8.354066985645932	98.12175917904135	4781904.0	9.85645933014354	-3492.0	
1358.0	10.489130434782608	1288.0	9.728260869565217	1933.0	3.4782608695652173	90.0	-0.13493253373313344	0.037481259370314844	550.0	2812.5	-0.8245877061469266	25.0	30.00942779968027	33377.0	-681.0	20.762195121951223	706139.0	21549.652099609375	42.34756097560976	-1208.0	-1389.0	36.82926829268293	3708.4249084249086	2531.0	-636.0	1.5215311004784688	4012.0	8.593301435406698	98.12175917904135	4781904.0	9.598086124401913	-3592.0	
1339.0	10.108695652173912	1323.0	9.934782608695652	1959.0	3.1956521739130435	90.0	-0.13493253373313344	0.035982008995502246	552.0	2822.265625	-0.8275862068965517	24.0	30.00942779968027	33377.0	-903.0	27.530487804878053	706459.0	21559.417724609375	41.28048780487805	-1564.0	-1354.0	47.6829268292683	3734.798534798535	2549.0	-524.0	1.2535885167464114	3796.0	8.669856459330143	98.12175917904135	4781904.0	9.081339712918659	-3624.0	
1324.0	9.858695652173912	1346.0	10.097826086956522	1928.0	3.532608695652174	97.0	-0.1454272863568216	0.038980509745127435	546.0	2832.03125	-0.8185907046476761	26.0	30.00942779968027	33377.0	-1263.0	38.50609756097561	706779.0	21569.183349609375	37.957317073170735	-1808.0	-1245.0	55.1219512195122	3693.772893772894	2521.0	-716.0	1.7129186602870812	3696.0	9.004784688995215	98.12175917904135	4781904.0	8.842105263157894	-3764.0	
1290.0	9.869565217391305	1345.0	10.467391304347826	1833.0	4.565217391304348	89.0	-0.13343328335832083	0.038980509745127435	546.0	2841.796875	-0.8185907046476761	26.0	30.00942779968027	33377.0	-1666.0	50.79268292682927	707099.0	21578.948974609375	30.701219512195124	-1965.0	-1007.0	59.90853658536586	3724.542124542125	2542.0	-1164.0	2.784688995215311	3720.0	9.425837320574162	98.12175917904135	4781904.0	8.899521531100477	-3940.0	
1272.0	9.619565217391305	1368.0	10.66304347826087	1781.0	5.130434782608695	87.0	-0.13043478260869565	0.031484257871064465	545.0	2851.5625	-0.8170914542728636	21.0	30.00942779968027	33377.0	-2006.0	61.15853658536586	707419.0	21588.714599609375	23.201219512195124	-1777.0	-761.0	54.176829268292686	3727.4725274725274	2544.0	-1324.0	3.1674641148325358	3668.0	9.559808612440191	98.12192118674986	4781888.0	8.77511961722488	-3996.0	
1255.0	8.847826086956522	1439.0	10.847826086956522	1807.0	4.8478260869565215	87.0	-0.13043478260869565	0.03298350824587706	548.0	2861.328125	-0.8215892053973013	22.0	30.00942779968027	33377.0	-2250.0	68.59756097560977	707739.0	21598.480224609375	18.475609756097562	-1276.0	-606.0	38.90243902439025	3712.820512820513	2534.0	-1336.0	3.1961722488038276	3352.0	9.760765550239235	98.12192118674986	4781888.0	8.019138755980862	-4080.0	
1239.0	8.08695652173913	1509.0	11.021739130434783	1862.0	4.25	94.0	-0.1409295352323838	0.025487256371814093	547.0	2871.09375	-0.8200899550224887	17.0	30.00942779968027	33377.0	-2491.0	75.94512195121952	708059.0	21608.245849609375	13.750000000000002	-518.0	-451.0	15.79268292682927	3721.611721611722	2540.0	-1084.0	2.5933014354066986	2964.0	9.942583732057416	98.12192118674986	4781888.0	7.090909090909091	-4156.0	
1219.0	7.673913043478261	1547.0	11.239130434782608	1888.0	3.967391304347826	91.0	-0.136431784107946	0.0239880059970015	549.0	2880.859375	-0.8230884557721139	16.0	30.00942779968027	33377.0	-2806.0	85.54878048780489	708379.0	21618.011474609375	8.536585365853659	264.0	-280.0	-8.048780487804878	3733.3333333333335	2548.0	-872.0	2.0861244019138754	2712.0	10.17224880382775	98.12192118674986	4781888.0	6.488038277511961	-4252.0	
1219.0	7.891304347826087	1527.0	11.239130434782608	1917.0	3.652173913043478	90.0	-0.13493253373313344	0.022488755622188904	545.0	2890.625	-0.8170914542728636	15.0	30.00942779968027	33377.0	-3209.0	97.83536585365854	708699.0	21627.777099609375	5.2439024390243905	849.0	-172.0	-25.884146341463417	3693.772893772894	2521.0	-784.0	1.875598086124402	2736.0	10.229665071770334	98.12192118674986	4781888.0	6.545454545454545	-4276.0	
1209.0	8.826086956521738	1441.0	11.347826086956522	1889.0	3.9565217391304346	85.0	-0.12743628185907047	0.004497751124437781	541.0	2900.390625	-0.8110944527736131	3.0	30.00942779968027	33377.0	-3640.0	110.97560975609757	709019.0	21637.542724609375	2.1951219512195124	739.0	-72.0	-22.53048780487805	3726.007326007326	2543.0	-848.0	2.028708133971292	3100.0	10.287081339712918	98.11997709484505	4782080.0	7.4162679425837315	-4300.0	
1216.0	10.532608695652174	1284.0	11.271739130434783	1852.0	4.358695652173913	90.0	-0.13493253373313344	0.008995502248875561	541.0	2910.15625	-0.8110944527736131	6.0	30.00942779968027	33377.0	-4078.0	124.32926829268294	709339.0	21647.308349609375	1.7378048780487807	-69.0	-57.0	2.103658536585366	3742.124542124542	2554.0	-1004.0	2.401913875598086	3908.0	10.248803827751196	98.11997709484505	4782080.0	9.349282296650717	-4284.0	
1229.0	11.989130434782608	1150.0	11.130434782608695	1850.0	4.380434782608695	98.0	-0.14692653673163417	0.0	531.0	2919.921875	-0.7961019490254873	0.0	30.00942779968027	33377.0	-4155.0	126.67682926829269	709659.0	21657.073974609375	7.682926829268293	-1818.0	-252.0	55.426829268292686	3704.029304029304	2528.0	-1076.0	2.574162679425837	4660.0	10.057416267942584	98.11997709484505	4782080.0	11.148325358851674	-4204.0	
1224.0	13.16304347826087	1042.0	11.184782608695652	1852.0	4.358695652173913	88.0	-0.13193403298350825	-0.0074962518740629685	533.0	2929.6875	-0.7991004497751124	-5.0	30.00942779968027	33377.0	-4240.0	129.26829268292684	709979.0	21666.839599609375	18.10975609756098	-4181.0	-594.0	127.46951219512196	3742.124542124542	2554.0	-1024.0	2.449760765550239	5220.0	10.114832535885167	98.11997709484505	4782080.0	12.488038277511961	-4228.0	
1195.0	13.065217391304348	1051.0	11.5	1895.0	3.891304347826087	103.0	-0.15442278860569714	-0.013493253373313342	531.0	2939.453125	-0.7961019490254873	-9.0	30.00942779968027	33377.0	-4388.0	133.78048780487805	710299.0	21676.605224609375	28.50609756097561	-6067.0	-935.0	184.96951219512198	3704.029304029304	2528.0	-864.0	2.0669856459330145	5224.0	10.47846889952153	98.11997709484505	4782080.0	12.497607655502392	-4380.0	
1133.0	11.684782608695652	1178.0	12.17391304347826	1943.0	3.369565217391304	108.0	-0.1619190404797601	-0.019490254872563718	526.0	2949.21875	-0.7886056971514243	-13.0	30.00942779968027	33377.0	-4546.0	138.59756097560978	710619.0	21686.370849609375	34.66463414634147	-7471.0	-1137.0	227.77439024390247	3715.7509157509157	2536.0	-620.0	1.4832535885167464	4532.0	11.24401913875598	98.11884304183572	4782192.0	10.842105263157894	-4700.0	
1104.0	9.847826086956522	1347.0	12.489130434782608	1961.0	3.1739130434782608	112.0	-0.1679160419790105	-0.004497751124437781	523.0	2958.984375	-0.7841079460269865	-3.0	30.00942779968027	33377.0	-4775.0	145.57926829268294	710939.0	21696.136474609375	12.713414634146343	-8264.0	-417.0	251.95121951219514	3723.0769230769233	2541.0	-440.0	1.0526315789473684	3728.0	11.636363636363637	98.11884304183572	4782192.0	8.91866028708134	-4864.0	
1067.0	8.076086956521738	1510.0	12.891304347826086	1969.0	3.0869565217391304	116.0	-0.17391304347826086	-0.01649175412293853	515.0	2968.75	-0.7721139430284857	-11.0	30.00942779968027	33377.0	-4515.0	137.65243902439025	711259.0	21705.902099609375	35.457317073170735	-7530.0	-1163.0	229.57317073170734	3706.959706959707	2530.0	-604.0	1.444976076555024	2864.0	12.105263157894736	98.11884304183572	4782192.0	6.851674641148325	-5060.0	
970.0	8.467391304347826	1474.0	13.945652173913043	1951.0	3.282608695652174	113.0	-0.16941529235382308	-0.005997001499250375	517.0	2978.515625	-0.775112443778111	-4.0	30.00942779968027	33377.0	-5699.0	173.75000000000003	711579.0	21715.667724609375	26.3109756097561	-7793.0	-863.0	237.59146341463418	3731.868131868132	2547.0	-496.0	1.186602870813397	2952.0	13.39712918660287	98.11884304183572	4782192.0	7.062200956937799	-5600.0	
896.0	9.043478260869565	1421.0	14.75	1980.0	2.967391304347826	123.0	-0.18440779610194902	-0.0014992503748125937	511.0	2988.28125	-0.7661169415292354	-1.0	30.00942779968027	33377.0	-6798.0	207.25609756097563	711899.0	21725.433349609375	3.1402439024390247	-7728.0	-103.0	235.609756097561	3733.3333333333335	2548.0	-460.0	1.1004784688995215	3272.0	14.344497607655502	98.11884304183572	4782192.0	7.827751196172248	-5996.0	
811.0	9.141304347826086	1412.0	15.67391304347826	1975.0	3.0217391304347827	134.0	-0.20089955022488756	-0.005997001499250375	512.0	2998.046875	-0.767616191904048	-4.0	30.00942779968027	33377.0	-7115.0	216.9207317073171	712219.0	21735.198974609375	10.914634146341465	-7990.0	-358.0	243.59756097560978	3733.3333333333335	2548.0	-500.0	1.1961722488038278	3324.0	15.330143540669855	98.11851902677164	4782224.0	7.952153110047846	-6408.0	
726.0	8.17391304347826	1501.0	16.59782608695652	1920.0	3.619565217391304	141.0	-0.21139430284857572	0.0074962518740629685	502.0	3007.8125	-0.7526236881559221	5.0	30.00942779968027	33377.0	-7364.0	224.51219512195124	712539.0	21744.964599609375	-9.481707317073171	-8166.0	311.0	248.96341463414637	3721.611721611722	2540.0	-576.0	1.3779904306220094	3120.0	15.942583732057416	98.11851902677164	4782224.0	7.464114832535885	-6664.0	
691.0	6.728260869565217	1634.0	16.97826086956522	1857.0	4.304347826086956	136.0	-0.20389805097451275	-0.008995502248875561	494.0	3017.578125	-0.7406296851574212	-6.0	30.00942779968027	33377.0	-7980.0	243.2926829268293	712859.0	21754.730224609375	-17.5609756097561	-6771.0	576.0	206.43292682926833	3699.6336996337	2525.0	-1008.0	2.4114832535885165	2428.0	16.593301435406698	98.11851902677164	4782224.0	5.8086124401913874	-6936.0	
678.0	6.510869565217391	1654.0	17.119565217391305	1838.0	4.510869565217392	145.0	-0.21739130434782608	-0.0074962518740629685	491.0	3027.34375	-0.7361319340329835	-5.0	30.00942779968027	33377.0	-9140.0	278.6585365853659	713179.0	21764.495849609375	-20.823170731707318	-4528.0	683.0	138.0487804878049	3724.542124542125	2542.0	-1220.0	2.9186602870813396	1984.0	16.74641148325359	98.11851902677164	4782224.0	4.746411483253588	-7000.0	
668.0	7.902173913043478	1526.0	17.22826086956522	1898.0	3.858695652173913	149.0	-0.22338830584707645	-0.01199400299850075	478.0	3037.109375	-0.7166416791604198	-8.0	30.00942779968027	33377.0	-10104.0	308.0487804878049	713499.0	21774.261474609375	-26.3109756097561	-1989.0	863.0	60.64024390243903	3698.1684981684984	2524.0	-1004.0	2.401913875598086	2504.0	16.870813397129186	98.11851902677164	4782224.0	5.990430622009569	-7052.0	
679.0	9.67391304347826	1363.0	17.108695652173914	1969.0	3.0869565217391304	149.0	-0.22338830584707645	-0.01199400299850075	478.0	3046.875	-0.7166416791604198	-8.0	30.00942779968027	33377.0	-10851.0	330.82317073170736	713819.0	21784.027099609375	-25.884146341463417	387.0	849.0	-11.79878048780488	3698.1684981684984	2524.0	-648.0	1.5502392344497606	3412.0	16.74641148325359	98.11738497433241	4782336.0	8.16267942583732	-7000.0	
694.0	11.717391304347826	1175.0	16.945652173913043	2043.0	2.282608695652174	147.0	-0.22038980509745126	-0.031484257871064465	463.0	3056.640625	-0.6941529235382309	-21.0	30.00942779968027	33377.0	-11586.0	353.2317073170732	714139.0	21793.792724609375	-19.573170731707318	2216.0	642.0	-67.5609756097561	3720.1465201465203	2539.0	-228.0	0.5454545454545454	4336.0	16.497607655502392	98.11738497433241	4782336.0	10.373205741626794	-6896.0	
696.0	13.184782608695652	1040.0	16.92391304347826	2098.0	1.684782608695652	147.0	-0.22038980509745126	-0.031484257871064465	463.0	3066.40625	-0.6941529235382309	-21.0	30.00942779968027	33377.0	-12256.0	373.6585365853659	714459.0	21803.558349609375	-9.237804878048781	4142.0	303.0	-126.28048780487806	3736.2637362637365	2550.0	136.0	-0.3253588516746411	5168.0	16.363636363636363	98.11738497433241	4782336.0	12.363636363636363	-6840.0	
669.0	14.043478260869565	961.0	17.217391304347824	2179.0	0.8043478260869565	150.0	-0.22488755622188905	-0.05397301349325337	449.0	3076.171875	-0.6731634182908546	-36.0	30.00942779968027	33377.0	-12745.0	388.56707317073176	714779.0	21813.323974609375	6.52439024390244	5979.0	-214.0	-182.28658536585368	3702.5641025641025	2527.0	440.0	-1.0526315789473684	5528.0	16.679425837320572	98.11738497433241	4782336.0	13.224880382775119	-6972.0	
687.0	15.532608695652174	824.0	17.02173913043478	2279.0	-0.2826086956521739	138.0	-0.20689655172413793	-0.06596701649175413	434.0	3085.9375	-0.6506746626686657	-44.0	30.00942779968027	33377.0	-13595.0	414.4817073170732	715099.0	21823.089599609375	24.878048780487806	7457.0	-816.0	-227.34756097560978	3739.194139194139	2552.0	1000.0	-2.3923444976076556	6160.0	16.449760765550238	98.11738497433241	4782336.0	14.736842105263158	-6876.0	
761.0	17.543478260869566	639.0	16.217391304347824	2429.0	-1.9130434782608696	134.0	-0.20089955022488756	-0.10644677661169415	424.0	3095.703125	-0.6356821589205397	-71.0	30.00942779968027	33377.0	-14171.0	432.0426829268293	715419.0	21832.855224609375	58.810975609756106	8362.0	-1929.0	-254.93902439024393	3730.4029304029305	2546.0	1724.0	-4.124401913875598	7128.0	15.444976076555024	98.11641292973742	4782432.0	17.052631578947366	-6456.0	
830.0	19.467391304347824	462.0	15.467391304347826	2607.0	-3.8478260869565215	126.0	-0.1889055472263868	-0.1184407796101949	411.0	3105.46875	-0.616191904047976	-79.0	30.00942779968027	33377.0	-14523.0	442.7743902439025	715739.0	21842.620849609375	93.47560975609757	8556.0	-3066.0	-260.8536585365854	3730.4029304029305	2546.0	2576.0	-6.162679425837321	8068.0	14.516746411483252	98.11641292973742	4782432.0	19.301435406698563	-6068.0	
880.0	20.152173913043477	399.0	14.92391304347826	2791.0	-5.8478260869565215	112.0	-0.1679160419790105	-0.136431784107946	402.0	3115.234375	-0.6026986506746627	-91.0	30.00942779968027	33377.0	-14612.0	445.48780487804885	716059.0	21852.386474609375	130.1219512195122	8167.0	-4268.0	-248.99390243902442	3709.89010989011	2532.0	3452.0	-8.258373205741627	8380.0	13.84688995215311	98.11641292973742	4782432.0	20.04784688995215	-5788.0	
882.0	19.76086956521739	435.0	14.902173913043478	2908.0	-7.119565217391304	101.0	-0.15142428785607195	-0.15442278860569714	381.0	3125.0	-0.5712143928035982	-103.0	30.00942779968027	33377.0	-14685.0	447.7134146341464	716379.0	21862.152099609375	167.13414634146343	7656.0	-5482.0	-233.41463414634148	3706.959706959707	2530.0	4100.0	-9.808612440191387	8156.0	13.866028708133971	98.11641292973742	4782432.0	19.51196172248804	-5796.0	
884.0	18.782608695652172	525.0	14.880434782608695	2969.0	-7.782608695652174	82.0	-0.12293853073463268	-0.17991004497751123	363.0	3134.765625	-0.5442278860569715	-120.0	30.00942779968027	33377.0	-14665.0	447.1036585365854	716699.0	21871.917724609375	197.43902439024393	7198.0	-6476.0	-219.45121951219514	3726.007326007326	2543.0	4348.0	-10.401913875598085	7656.0	13.808612440191387	98.11641292973742	4782432.0	18.31578947368421	-5772.0	
919.0	17.76086956521739	619.0	14.5	2985.0	-7.956521739130435	71.0	-0.10644677661169415	-0.1829085457271364	344.0	3144.53125	-0.5157421289355322	-122.0	30.00942779968027	33377.0	-14610.0	445.42682926829275	717019.0	21881.683349609375	227.01219512195124	6881.0	-7446.0	-209.78658536585368	3742.124542124542	2554.0	4544.0	-10.870813397129186	7180.0	13.320574162679426	98.11430683423255	4782640.0	17.177033492822964	-5568.0	
971.0	16.858695652173914	702.0	13.934782608695652	2998.0	-8.097826086956522	56.0	-0.08395802098950525	-0.20539730134932532	336.0	3154.296875	-0.5037481259370314	-137.0	30.00942779968027	33377.0	-14528.0	442.92682926829275	717339.0	21891.448974609375	255.64024390243904	6751.0	-8385.0	-205.82317073170734	3720.1465201465203	2539.0	4536.0	-10.851674641148325	6972.0	12.956937799043061	98.11430683423255	4782640.0	16.679425837320572	-5416.0	
1051.0	16.054347826086957	776.0	13.065217391304348	2970.0	-7.793478260869565	48.0	-0.07196401799100449	-0.2083958020989505	315.0	3164.0625	-0.472263868065967	-139.0	30.00942779968027	33377.0	-14316.0	436.4634146341464	717659.0	21901.214599609375	282.6219512195122	6445.0	-9270.0	-196.4939024390244	3723.0769230769233	2541.0	4432.0	-10.602870813397129	6588.0	12.028708133971291	98.11430683423255	4782640.0	15.760765550239233	-5028.0	
1126.0	15.228260869565217	852.0	12.25	2914.0	-7.184782608695652	33.0	-0.04947526236881559	-0.2128935532233883	296.0	3173.828125	-0.44377811094452774	-142.0	30.00942779968027	33377.0	-14007.0	427.0426829268293	717979.0	21910.980224609375	306.6158536585366	6139.0	-10057.0	-187.16463414634148	3702.5641025641025	2527.0	4148.0	-9.923444976076555	6236.0	11.07177033492823	98.11430683423255	4782640.0	14.91866028708134	-4628.0	
1189.0	14.51086956521739	918.0	11.565217391304348	2859.0	-6.58695652173913	23.0	-0.034482758620689655	-0.21139430284857572	276.0	3183.59375	-0.41379310344827586	-141.0	30.00942779968027	33377.0	-13732.0	418.6585365853659	718299.0	21920.745849609375	325.1524390243903	5666.0	-10665.0	-172.7439024390244	3718.6813186813188	2538.0	3872.0	-9.263157894736842	5872.0	10.210526315789473	98.11430683423255	4782640.0	14.047846889952153	-4268.0	
1239.0	13.489130434782608	1012.0	11.021739130434783	2800.0	-5.945652173913043	15.0	-0.022488755622188904	-0.21589205397301348	259.0	3193.359375	-0.38830584707646176	-144.0	30.00942779968027	33377.0	-13446.0	409.93902439024396	718619.0	21930.511474609375	340.2439024390244	5294.0	-11160.0	-161.40243902439025	3706.959706959707	2530.0	3524.0	-8.430622009569378	5424.0	9.588516746411482	98.1144688415248	4782624.0	12.976076555023923	-4008.0	
1286.0	12.489130434782608	1104.0	10.51086956521739	2761.0	-5.521739130434782	11.0	-0.01649175412293853	-0.20389805097451275	243.0	3203.125	-0.36431784107946025	-136.0	30.00942779968027	33377.0	-13194.0	402.25609756097566	718939.0	21940.277099609375	352.6829268292683	4906.0	-11568.0	-149.57317073170734	3686.4468864468863	2516.0	3324.0	-7.952153110047846	4924.0	8.985645933014354	98.1144688415248	4782624.0	11.779904306220095	-3756.0	
1318.0	11.41304347826087	1203.0	10.16304347826087	2709.0	-4.956521739130435	8.0	-0.01199400299850075	-0.21139430284857572	223.0	3212.890625	-0.33433283358320837	-141.0	30.00942779968027	33377.0	-12962.0	395.18292682926835	719259.0	21950.042724609375	364.26829268292687	4635.0	-11948.0	-141.3109756097561	3720.1465201465203	2539.0	3148.0	-7.5311004784688995	4460.0	8.497607655502392	98.1144688415248	4782624.0	10.669856459330143	-3552.0	
1335.0	10.326086956521738	1303.0	9.978260869565217	2608.0	-3.858695652173913	2.0	-0.0029985007496251873	-0.20239880059970014	208.0	3222.65625	-0.3118440779610195	-135.0	30.00942779968027	33377.0	-12647.0	385.57926829268297	719579.0	21959.808349609375	370.82317073170736	4383.0	-12163.0	-133.62804878048783	3733.3333333333335	2548.0	2780.0	-6.650717703349282	3968.0	8.296650717703349	98.1144688415248	4782624.0	9.492822966507177	-3468.0	
1352.0	8.91304347826087	1433.0	9.793478260869565	2509.0	-2.782608695652174	4.0	-0.005997001499250375	-0.19040479760119938	192.0	3232.421875	-0.28785607196401797	-127.0	30.00942779968027	33377.0	-12145.0	370.2743902439025	719899.0	21969.573974609375	372.469512195122	4189.0	-12217.0	-127.71341463414635	3712.820512820513	2534.0	2152.0	-5.148325358851674	3332.0	8.17224880382775	98.1144688415248	4782624.0	7.971291866028708	-3416.0	
1395.0	7.608695652173913	1553.0	9.326086956521738	2409.0	-1.6956521739130435	2.0	-0.0029985007496251873	-0.18140929535232383	176.0	3242.1875	-0.2638680659670165	-121.0	30.00942779968027	33377.0	-11666.0	355.6707317073171	720219.0	21979.339599609375	369.1768292682927	4045.0	-12109.0	-123.32317073170732	3742.124542124542	2554.0	1732.0	-4.143540669856459	2712.0	7.655502392344498	98.1149548634558	4782576.0	6.488038277511961	-3200.0	
1455.0	7.141304347826087	1596.0	8.67391304347826	2386.0	-1.4456521739130435	3.0	-0.004497751124437781	-0.17541229385307347	161.0	3251.953125	-0.24137931034482757	-117.0	30.00942779968027	33377.0	-11389.0	347.2256097560976	720539.0	21989.105224609375	367.3475609756098	4138.0	-12049.0	-126.15853658536587	3699.6336996337	2525.0	1580.0	-3.7799043062200957	2456.0	6.947368421052631	98.1149548634558	4782576.0	5.875598086124402	-2904.0	
1487.0	7.043478260869565	1605.0	8.326086956521738	2327.0	-0.8043478260869565	11.0	-0.01649175412293853	-0.16941529235382308	150.0	3261.71875	-0.22488755622188905	-113.0	30.00942779968027	33377.0	-11110.0	338.719512195122	720859.0	21998.870849609375	364.75609756097566	4593.0	-11964.0	-140.03048780487805	3727.4725274725274	2544.0	1264.0	-3.0239234449760763	2380.0	6.555023923444976	98.1149548634558	4782576.0	5.69377990430622	-2740.0	
1494.0	6.641304347826087	1642.0	8.25	2250.0	0.03260869565217391	8.0	-0.01199400299850075	-0.14392803598200898	139.0	3271.484375	-0.2083958020989505	-96.0	30.00942779968027	33377.0	-10547.0	321.5548780487805	721179.0	22008.636474609375	360.00000000000006	4954.0	-11808.0	-151.03658536585368	3714.285714285714	2535.0	848.0	-2.028708133971292	2224.0	6.440191387559809	98.1149548634558	4782576.0	5.320574162679426	-2692.0	
1510.0	5.717391304347826	1727.0	8.076086956521738	2190.0	0.6847826086956521	8.0	-0.01199400299850075	-0.13343328335832083	121.0	3281.25	-0.18140929535232383	-89.0	30.00942779968027	33377.0	-9795.0	298.62804878048786	721499.0	22018.402099609375	351.7378048780488	5157.0	-11537.0	-157.22560975609758	3704.029304029304	2528.0	620.0	-1.4832535885167464	1840.0	6.267942583732057	98.1149548634558	4782576.0	4.401913875598086	-2620.0	
1542.0	5.076086956521739	1786.0	7.728260869565217	2162.0	0.9891304347826086	16.0	-0.0239880059970015	-0.12893553223388304	114.0	3291.015625	-0.17091454272863568	-86.0	30.00942779968027	33377.0	-9166.0	279.45121951219517	721819.0	22028.167724609375	343.38414634146346	5305.0	-11263.0	-161.7378048780488	3723.0769230769233	2541.0	472.0	-1.1291866028708133	1496.0	5.827751196172248	98.11349679790712	4782720.0	3.5789473684210527	-2436.0	
1584.0	4.6521739130434785	1825.0	7.271739130434782	2088.0	1.7934782608695652	19.0	-0.02848575712143928	-0.1184407796101949	101.0	3300.78125	-0.15142428785607195	-79.0	30.00942779968027	33377.0	-8655.0	263.8719512195122	722139.0	22037.933349609375	333.7804878048781	5485.0	-10948.0	-167.22560975609758	3731.868131868132	2547.0	176.0	-0.42105263157894735	1344.0	5.37799043062201	98.11349679790712	4782720.0	3.215311004784689	-2248.0	
1623.0	4.554347826086956	1834.0	6.8478260869565215	2014.0	2.5978260869565215	26.0	-0.038980509745127435	-0.10344827586206896	96.0	3310.546875	-0.14392803598200898	-69.0	30.00942779968027	33377.0	-8040.0	245.12195121951223	722459.0	22047.698974609375	321.82926829268297	5633.0	-10556.0	-171.7378048780488	3721.611721611722	2540.0	-64.0	0.15311004784688995	1340.0	5.1291866028708135	98.11349679790712	4782720.0	3.2057416267942584	-2144.0	
1659.0	4.684782608695652	1822.0	6.456521739130435	1909.0	3.7391304347826084	28.0	-0.041979010494752625	-0.09295352323838081	89.0	3320.3125	-0.13343328335832083	-62.0	30.00942779968027	33377.0	-7276.0	221.82926829268294	722779.0	22057.464599609375	306.3414634146342	5659.0	-10048.0	-172.53048780487808	3718.6813186813188	2538.0	-548.0	1.3110047846889952	1408.0	4.7368421052631575	98.11349679790712	4782720.0	3.3684210526315788	-1980.0	
1698.0	4.782608695652174	1813.0	6.032608695652174	1826.0	4.641304347826087	36.0	-0.05397301349325337	-0.08845577211394302	87.0	3330.078125	-0.13043478260869565	-59.0	30.00942779968027	33377.0	-6554.0	199.81707317073173	723099.0	22067.230224609375	289.45121951219517	5570.0	-9494.0	-169.81707317073173	3709.89010989011	2532.0	-1004.0	2.401913875598086	1452.0	4.267942583732057	98.11349679790712	4782720.0	3.4736842105263155	-1784.0	
1725.0	4.58695652173913	1831.0	5.739130434782608	1739.0	5.58695652173913	37.0	-0.05547226386806597	-0.08095952023988005	80.0	3339.84375	-0.1199400299850075	-54.0	30.00942779968027	33377.0	-5832.0	177.8048780487805	723419.0	22076.995849609375	271.2804878048781	5144.0	-8898.0	-156.82926829268294	3711.3553113553116	2533.0	-1428.0	3.416267942583732	1392.0	3.952153110047847	98.1144688415248	4782624.0	3.3301435406698565	-1652.0	
1746.0	4.25	1862.0	5.510869565217392	1651.0	6.543478260869565	43.0	-0.06446776611694152	-0.0704647676161919	71.0	3349.609375	-0.10644677661169415	-47.0	30.00942779968027	33377.0	-5041.0	153.68902439024393	723739.0	22086.761474609375	248.96341463414637	4590.0	-8166.0	-139.9390243902439	3689.37728937729	2518.0	-1848.0	4.421052631578947	1276.0	3.712918660287081	98.1144688415248	4782624.0	3.052631578947368	-1552.0	
1769.0	4.163043478260869	1870.0	5.260869565217392	1584.0	7.271739130434782	40.0	-0.05997001499250375	-0.06296851574212893	72.0	3359.375	-0.10794602698650674	-42.0	30.00942779968027	33377.0	-4407.0	134.359756097561	724059.0	22096.527099609375	225.4268292682927	3957.0	-7394.0	-120.64024390243904	3695.2380952380954	2522.0	-2208.0	5.282296650717703	1176.0	3.5215311004784686	98.1144688415248	4782624.0	2.813397129186603	-1472.0	
1788.0	4.228260869565217	1864.0	5.054347826086956	1524.0	7.923913043478261	49.0	-0.07346326836581708	-0.06146926536731634	71.0	3369.140625	-0.10644677661169415	-41.0	30.00942779968027	33377.0	-3925.0	119.66463414634147	724379.0	22106.292724609375	201.00609756097563	3120.0	-6593.0	-95.1219512195122	3720.1465201465203	2539.0	-2476.0	5.923444976076555	1192.0	3.2057416267942584	98.1144688415248	4782624.0	2.851674641148325	-1340.0	
1815.0	4.195652173913043	1867.0	4.760869565217392	1478.0	8.42391304347826	52.0	-0.07796101949025487	-0.046476761619190406	66.0	3378.90625	-0.09895052473763118	-31.0	30.00942779968027	33377.0	-3280.0	100.00000000000001	724699.0	22116.058349609375	172.16463414634148	2216.0	-5647.0	-67.5609756097561	3737.7289377289376	2551.0	-2672.0	6.392344497607655	1240.0	2.909090909090909	98.1144688415248	4782624.0	2.9665071770334928	-1216.0	
1841.0	3.7065217391304346	1912.0	4.478260869565217	1471.0	8.5	56.0	-0.08395802098950525	-0.047976011994003	72.0	3388.671875	-0.10794602698650674	-32.0	30.00942779968027	33377.0	-2737.0	83.44512195121952	725019.0	22125.823974609375	143.9939024390244	1242.0	-4723.0	-37.86585365853659	3711.3553113553116	2533.0	-2760.0	6.602870813397129	1016.0	2.5837320574162677	98.11106669028828	4782960.0	2.430622009569378	-1080.0	
1863.0	2.967391304347826	1980.0	4.239130434782608	1457.0	8.652173913043478	63.0	-0.0944527736131934	-0.04047976011994003	69.0	3398.4375	-0.10344827586206896	-27.0	30.00942779968027	33377.0	-2166.0	66.03658536585367	725339.0	22135.589599609375	114.35975609756099	316.0	-3751.0	-9.634146341463415	3736.2637362637365	2550.0	-2780.0	6.650717703349282	692.0	2.3444976076555024	98.11106669028828	4782960.0	1.6555023923444976	-980.0	
1847.0	2.108695652173913	2059.0	4.413043478260869	1409.0	9.17391304347826	70.0	-0.10494752623688156	-0.043478260869565216	70.0	3408.203125	-0.10494752623688156	-29.0	30.00942779968027	33377.0	-1570.0	47.86585365853659	725659.0	22145.355224609375	80.45731707317074	-489.0	-2639.0	14.908536585365855	3692.3076923076924	2520.0	-3044.0	7.282296650717703	276.0	2.5454545454545454	98.11106669028828	4782960.0	0.6602870813397129	-1064.0	
1828.0	1.891304347826087	2079.0	4.619565217391305	1515.0	8.021739130434783	67.0	-0.10044977511244378	-0.041979010494752625	68.0	3417.96875	-0.10194902548725637	-28.0	30.00942779968027	33377.0	-924.0	28.170731707317074	725979.0	22155.120849609375	54.054878048780495	-901.0	-1773.0	27.469512195121954	3727.4725274725274	2544.0	-2496.0	5.971291866028708	160.0	2.813397129186603	98.11106669028828	4782960.0	0.3827751196172249	-1176.0	
1861.0	0.532608695652174	2204.0	4.260869565217392	1382.0	9.467391304347826	75.0	-0.11244377811094453	-0.04047976011994003	67.0	3427.734375	-0.10044977511244378	-27.0	30.00942779968027	33377.0	-109.0	3.3231707317073176	726299.0	22164.886474609375	14.390243902439027	-1408.0	-472.0	42.926829268292686	3721.611721611722	2540.0	-3248.0	7.770334928229665	-544.0	2.4210526315789473	98.11106669028828	4782960.0	-1.3014354066985645	-1012.0	
1903.0	-0.19565217391304346	2271.0	3.8043478260869565	1315.0	10.195652173913043	77.0	-0.11544227886056971	-0.035982008995502246	65.0	3437.5	-0.09745127436281859	-24.0	30.00942779968027	33377.0	644.0	-19.634146341463417	726619.0	22174.652099609375	-15.701219512195124	-1571.0	515.0	47.896341463414636	3705.4945054945056	2529.0	-3528.0	8.440191387559809	-808.0	1.8660287081339713	98.11252475461525	4782816.0	-1.9330143540669855	-780.0	
1887.0	0.03260869565217391	2250.0	3.9782608695652173	1379.0	9.5	77.0	-0.11544227886056971	-0.038980509745127435	67.0	3447.265625	-0.10044977511244378	-26.0	30.00942779968027	33377.0	925.0	-28.201219512195124	726939.0	22184.417724609375	-42.07317073170732	-1281.0	1380.0	39.054878048780495	3728.937728937729	2545.0	-3148.0	7.5311004784688995	-748.0	2.076555023923445	98.11252475461525	4782816.0	-1.7894736842105263	-868.0	
1939.0	1.1195652173913042	2150.0	3.4130434782608696	1500.0	8.184782608695652	74.0	-0.11094452773613193	-0.034482758620689655	66.0	3457.03125	-0.09895052473763118	-23.0	30.00942779968027	33377.0	1766.0	-53.84146341463415	727259.0	22194.183349609375	-52.987804878048784	-1356.0	1738.0	41.34146341463415	3742.124542124542	2554.0	-2596.0	6.2105263157894735	-104.0	1.6842105263157894	98.11252475461525	4782816.0	-0.24880382775119617	-704.0	
1969.0	3.760869565217391	1907.0	3.0869565217391304	1591.0	7.195652173913043	72.0	-0.10794602698650674	-0.02848575712143928	69.0	3466.796875	-0.10344827586206896	-19.0	30.00942779968027	33377.0	2142.0	-65.3048780487805	727579.0	22203.948974609375	-97.19512195121952	-2002.0	3188.0	61.03658536585366	3721.611721611722	2540.0	-2388.0	5.712918660287081	744.0	1.4736842105263157	98.11252475461525	4782816.0	1.7799043062200957	-616.0	
2010.0	4.989130434782608	1794.0	2.641304347826087	1667.0	6.369565217391304	74.0	-0.11094452773613193	-0.035982008995502246	69.0	3476.5625	-0.10344827586206896	-24.0	30.00942779968027	33377.0	2689.0	-81.98170731707317	727899.0	22213.714599609375	-100.70121951219514	-2767.0	3303.0	84.35975609756099	3730.4029304029305	2546.0	-1924.0	4.6028708133971294	1536.0	0.49760765550239233	98.11252475461525	4782816.0	3.6746411483253585	-208.0	
2032.0	4.771739130434782	1814.0	2.402173913043478	1692.0	6.0978260869565215	71.0	-0.10644677661169415	-0.038980509745127435	72.0	3486.328125	-0.10794602698650674	-26.0	30.00942779968027	33377.0	3332.0	-101.58536585365854	728219.0	22223.480224609375	-124.1158536585366	-3616.0	4071.0	110.2439024390244	3711.3553113553116	2533.0	-1724.0	4.124401913875598	1568.0	0.354066985645933	98.11236274743162	4782832.0	3.751196172248804	-148.0	
2073.0	3.5978260869565215	1922.0	1.9565217391304348	1707.0	5.934782608695652	64.0	-0.095952023988006	-0.04497751124437781	74.0	3496.09375	-0.11094452773613193	-30.0	30.00942779968027	33377.0	4079.0	-124.35975609756099	728539.0	22233.245849609375	-137.59146341463415	-3746.0	4513.0	114.20731707317074	3715.7509157509157	2536.0	-1680.0	4.019138755980861	1060.0	-0.2296650717703349	98.11236274743162	4782832.0	2.5358851674641145	96.0	
2111.0	2.5543478260869565	2018.0	1.5434782608695652	1699.0	6.021739130434782	66.0	-0.09895052473763118	-0.047976011994003	82.0	3505.859375	-0.12293853073463268	-32.0	30.00942779968027	33377.0	4815.0	-146.7987804878049	728859.0	22243.011474609375	-150.0	-3331.0	4920.0	101.5548780487805	3698.1684981684984	2524.0	-1764.0	4.220095693779904	508.0	-0.708133971291866	98.11236274743162	4782832.0	1.215311004784689	296.0	
2112.0	2.543478260869565	2019.0	1.5326086956521738	1709.0	5.913043478260869	59.0	-0.08845577211394302	-0.050974512743628186	77.0	3515.625	-0.11544227886056971	-34.0	30.00942779968027	33377.0	5470.0	-166.76829268292684	729179.0	22252.777099609375	-163.9329268292683	-2832.0	5377.0	86.34146341463415	3696.703296703297	2523.0	-1736.0	4.15311004784689	376.0	-0.7559808612440191	98.11236274743162	4782832.0	0.8995215311004784	316.0	
2089.0	3.293478260869565	1950.0	1.7826086956521738	1731.0	5.673913043478261	59.0	-0.08845577211394302	-0.05547226386806597	82.0	3525.390625	-0.12293853073463268	-37.0	30.00942779968027	33377.0	6145.0	-187.34756097560978	729499.0	22262.542724609375	-181.3719512195122	-2572.0	5949.0	78.41463414634147	3721.611721611722	2540.0	-1584.0	3.789473684210526	720.0	-0.5741626794258373	98.11236274743162	4782832.0	1.7224880382775118	240.0	
2074.0	4.467391304347826	1842.0	1.9456521739130435	1800.0	4.923913043478261	60.0	-0.08995502248875561	-0.06146926536731634	85.0	3535.15625	-0.12743628185907047	-41.0	30.00942779968027	33377.0	6821.0	-207.95731707317074	729819.0	22272.308349609375	-193.35365853658539	-2574.0	6342.0	78.47560975609757	3736.2637362637365	2550.0	-1244.0	2.976076555023923	1272.0	-0.3923444976076555	98.11220074025704	4782848.0	3.0430622009569377	164.0	
2031.0	5.641304347826087	1734.0	2.4130434782608696	1912.0	3.7065217391304346	50.0	-0.07496251874062969	-0.06896551724137931	91.0	3544.921875	-0.136431784107946	-46.0	30.00942779968027	33377.0	7359.0	-224.359756097561	730139.0	22282.073974609375	-204.02439024390245	-2829.0	6692.0	86.25000000000001	3709.89010989011	2532.0	-716.0	1.7129186602870812	1852.0	0.11483253588516745	98.11220074025704	4782848.0	4.430622009569378	-48.0	
1993.0	6.532608695652174	1652.0	2.8260869565217392	1992.0	2.8369565217391304	49.0	-0.07346326836581708	-0.08545727136431784	96.0	3554.6875	-0.14392803598200898	-57.0	30.00942779968027	33377.0	7889.0	-240.51829268292684	730459.0	22291.839599609375	-214.69512195121953	-3231.0	7042.0	98.50609756097562	3705.4945054945056	2529.0	-328.0	0.784688995215311	2240.0	0.631578947368421	98.11220074025704	4782848.0	5.358851674641148	-264.0	
1967.0	7.021739130434782	1607.0	3.108695652173913	2051.0	2.1956521739130435	43.0	-0.06446776611694152	-0.0914542728635682	102.0	3564.453125	-0.15292353823088456	-61.0	30.00942779968027	33377.0	8452.0	-257.6829268292683	730779.0	22301.605224609375	-221.95121951219514	-3741.0	7280.0	114.0548780487805	3695.2380952380954	2522.0	-12.0	0.028708133971291863	2480.0	0.8899521531100478	98.11220074025704	4782848.0	5.9330143540669855	-372.0	
1956.0	7.521739130434782	1561.0	3.2282608695652173	2088.0	1.7934782608695652	38.0	-0.05697151424287856	-0.09895052473763118	106.0	3574.21875	-0.15892053973013492	-66.0	30.00942779968027	33377.0	9085.0	-276.9817073170732	731099.0	22311.370849609375	-225.85365853658539	-4470.0	7408.0	136.28048780487805	3724.542124542125	2542.0	180.0	-0.43062200956937796	2676.0	0.9760765550239234	98.11220074025704	4782848.0	6.401913875598086	-408.0	
1951.0	7.978260869565217	1519.0	3.282608695652174	2129.0	1.3478260869565217	39.0	-0.05847076461769115	-0.1169415292353823	113.0	3583.984375	-0.16941529235382308	-78.0	30.00942779968027	33377.0	9819.0	-299.359756097561	731419.0	22321.136474609375	-228.26219512195124	-5369.0	7487.0	163.68902439024393	3720.1465201465203	2539.0	328.0	-0.784688995215311	2876.0	1.0430622009569377	98.11252475461525	4782816.0	6.880382775119617	-436.0	
1934.0	8.315217391304348	1488.0	3.467391304347826	2158.0	1.0326086956521738	40.0	-0.05997001499250375	-0.11544227886056971	129.0	3593.75	-0.1934032983508246	-77.0	30.00942779968027	33377.0	10553.0	-321.7378048780488	731739.0	22330.902099609375	-226.7378048780488	-6396.0	7437.0	195.00000000000003	3708.4249084249086	2531.0	500.0	-1.1961722488038278	3084.0	1.1770334928229664	98.11252475461525	4782816.0	7.37799043062201	-492.0	
1904.0	8.83695652173913	1440.0	3.793478260869565	2178.0	0.8152173913043478	40.0	-0.05997001499250375	-0.13193403298350825	139.0	3603.515625	-0.2083958020989505	-88.0	30.00942779968027	33377.0	11303.0	-344.6036585365854	732059.0	22340.667724609375	-220.12195121951223	-7559.0	7220.0	230.45731707317074	3721.611721611722	2540.0	620.0	-1.4832535885167464	3308.0	1.569377990430622	98.11252475461525	4782816.0	7.913875598086124	-656.0	
1873.0	9.26086956521739	1401.0	4.130434782608695	2222.0	0.33695652173913043	44.0	-0.06596701649175413	-0.1424287856071964	152.0	3613.28125	-0.22788605697151423	-95.0	30.00942779968027	33377.0	12084.0	-368.4146341463415	732379.0	22350.433349609375	-209.5426829268293	-8847.0	6873.0	269.7256097560976	3704.029304029304	2528.0	712.0	-1.7033492822966507	3396.0	1.7990430622009568	98.11252475461525	4782816.0	8.124401913875598	-752.0	
1833.0	9.804347826086957	1351.0	4.565217391304348	2259.0	-0.06521739130434782	50.0	-0.07496251874062969	-0.15592203898050974	165.0	3623.046875	-0.24737631184407796	-104.0	30.00942779968027	33377.0	12897.0	-393.20121951219517	732699.0	22360.198974609375	-194.57317073170734	-10191.0	6382.0	310.70121951219517	3701.0989010989015	2526.0	928.0	-2.2200956937799043	3632.0	2.2583732057416266	98.11252475461525	4782816.0	8.688995215311005	-944.0	
1808.0	10.304347826086957	1305.0	4.83695652173913	2276.0	-0.25	58.0	-0.08695652173913043	-0.15592203898050974	184.0	3632.8125	-0.27586206896551724	-104.0	30.00942779968027	33377.0	13557.0	-413.32317073170736	733019.0	22369.964599609375	-174.39024390243904	-11010.0	5720.0	335.6707317073171	3704.029304029304	2528.0	1000.0	-2.3923444976076556	3892.0	2.5933014354066986	98.11252475461525	4782816.0	9.311004784688995	-1084.0	
1772.0	9.815217391304348	1350.0	5.228260869565217	2334.0	-0.8804347826086957	75.0	-0.11244377811094453	-0.15442278860569714	199.0	3642.578125	-0.2983508245877061	-103.0	30.00942779968027	33377.0	14234.0	-433.9634146341464	733339.0	22379.730224609375	-150.88414634146343	-11068.0	4949.0	337.43902439024396	3706.959706959707	2530.0	1232.0	-2.9473684210526314	3800.0	3.004784688995215	98.11252475461525	4782816.0	9.09090909090909	-1256.0	
1726.0	8.793478260869565	1444.0	5.728260869565217	2348.0	-1.0326086956521738	86.0	-0.12893553223388304	-0.14992503748125938	216.0	3652.34375	-0.3238380809595202	-100.0	30.00942779968027	33377.0	14869.0	-453.32317073170736	733659.0	22389.495849609375	-127.71341463414635	-10622.0	4189.0	323.8414634146342	3717.2161172161173	2537.0	1368.0	-3.2727272727272725	3324.0	3.511961722488038	98.11252475461525	4782816.0	7.952153110047846	-1468.0	
1684.0	8.5	1471.0	6.184782608695652	2344.0	-0.9891304347826086	99.0	-0.14842578710644677	-0.1454272863568216	224.0	3662.109375	-0.335832083958021	-97.0	30.00942779968027	33377.0	15464.0	-471.4634146341464	733979.0	22399.261474609375	-105.15243902439025	-9783.0	3449.0	298.26219512195127	3706.959706959707	2530.0	1316.0	-3.1483253588516744	3016.0	4.057416267942584	98.11252475461525	4782816.0	7.215311004784689	-1696.0	
1643.0	8.978260869565217	1427.0	6.630434782608695	2360.0	-1.1630434782608696	113.0	-0.16941529235382308	-0.15592203898050974	255.0	3671.875	-0.3823088455772114	-104.0	30.00942779968027	33377.0	15764.0	-480.60975609756105	734299.0	22409.027099609375	-78.59756097560977	-7553.0	2578.0	230.27439024390247	3701.0989010989015	2526.0	1232.0	-2.9473684210526314	3220.0	4.6124401913875595	98.11252475461525	4782816.0	7.70334928229665	-1928.0	
1542.0	9.782608695652174	1353.0	7.728260869565217	2329.0	-0.8260869565217391	118.0	-0.17691154422788605	-0.1454272863568216	266.0	3681.640625	-0.3988005997001499	-97.0	30.00942779968027	33377.0	15276.0	-465.7317073170732	734619.0	22418.792724609375	-51.98170731707317	-4637.0	1705.0	141.3719512195122	3724.542124542125	2542.0	1216.0	-2.909090909090909	3548.0	5.741626794258373	98.11301077622048	4782768.0	8.488038277511961	-2400.0	
1404.0	11.293478260869565	1214.0	9.228260869565217	2150.0	1.1195652173913042	120.0	-0.17991004497751123	-0.13493253373313344	291.0	3691.40625	-0.43628185907046474	-90.0	30.00942779968027	33377.0	14816.0	-451.70731707317077	734939.0	22428.558349609375	-40.274390243902445	-5073.0	1321.0	154.66463414634148	3728.937728937729	2545.0	524.0	-1.2535885167464114	4216.0	7.5311004784688995	98.11301077622048	4782768.0	10.086124401913874	-3148.0	
1341.0	13.815217391304348	982.0	9.91304347826087	2084.0	1.8369565217391304	133.0	-0.19940029985007496	-0.13193403298350825	306.0	3701.171875	-0.4587706146926537	-88.0	30.00942779968027	33377.0	15000.0	-457.31707317073176	735259.0	22438.323974609375	-33.90243902439025	-6859.0	1112.0	209.1158536585366	3698.1684981684984	2524.0	124.0	-0.2966507177033493	5528.0	8.363636363636363	98.11301077622048	4782768.0	13.224880382775119	-3496.0	
1364.0	15.065217391304348	867.0	9.66304347826087	2079.0	1.891304347826087	135.0	-0.20239880059970014	-0.11244377811094453	324.0	3710.9375	-0.48575712143928035	-75.0	30.00942779968027	33377.0	15474.0	-471.76829268292687	735579.0	22448.089599609375	-14.176829268292684	-9319.0	465.0	284.1158536585366	3742.124542124542	2554.0	168.0	-0.4019138755980861	6176.0	7.961722488038277	98.11301077622048	4782768.0	14.77511961722488	-3328.0	
1432.0	14.847826086956522	887.0	8.92391304347826	2124.0	1.4021739130434783	152.0	-0.22788605697151423	-0.10044977511244378	337.0	3720.703125	-0.505247376311844	-67.0	30.00942779968027	33377.0	15616.0	-476.0975609756098	735899.0	22457.855224609375	20.975609756097562	-11689.0	-688.0	356.37195121951225	3702.5641025641025	2527.0	312.0	-0.7464114832535885	5996.0	7.110047846889952	98.11301077622048	4782768.0	14.344497607655502	-2972.0	
1437.0	14.75	896.0	8.869565217391305	2052.0	2.1847826086956523	162.0	-0.24287856071964017	-0.07646176911544228	355.0	3730.46875	-0.5322338830584707	-51.0	30.00942779968027	33377.0	15010.0	-457.62195121951225	736219.0	22467.620849609375	68.26219512195122	-13267.0	-2239.0	404.4817073170732	3721.611721611722	2540.0	-108.0	0.2583732057416268	5852.0	7.177033492822966	98.11155271164915	4782912.0	14.0	-3000.0	
1291.0	16.706521739130434	716.0	10.456521739130434	1849.0	4.391304347826087	180.0	-0.2698650674662669	-0.046476761619190406	377.0	3740.234375	-0.5652173913043478	-31.0	30.00942779968027	33377.0	13765.0	-419.6646341463415	736539.0	22477.386474609375	110.67073170731709	-13379.0	-3630.0	407.8963414634147	3720.1465201465203	2539.0	-1220.0	2.9186602870813396	6788.0	9.253588516746412	98.11155271164915	4782912.0	16.239234449760765	-3868.0	
1046.0	19.413043478260867	467.0	13.119565217391305	1577.0	7.3478260869565215	180.0	-0.2698650674662669	-0.008995502248875561	392.0	3750.0	-0.5877061469265367	-6.0	30.00942779968027	33377.0	12278.0	-374.32926829268297	736859.0	22487.152099609375	140.09146341463415	-11389.0	-4595.0	347.2256097560976	3709.89010989011	2532.0	-2532.0	6.057416267942584	8100.0	12.430622009569378	98.11155271164915	4782912.0	19.37799043062201	-5196.0	
841.0	19.032608695652172	502.0	15.347826086956522	1333.0	10.0	188.0	-0.2818590704647676	0.01649175412293853	405.0	3759.765625	-0.6071964017991004	11.0	30.00942779968027	33377.0	10916.0	-332.8048780487805	737179.0	22496.917724609375	149.32926829268294	-8791.0	-4898.0	268.01829268292687	3734.798534798535	2549.0	-3660.0	8.75598086124402	7684.0	14.947368421052632	98.11155271164915	4782912.0	18.382775119617225	-6248.0	
738.0	15.847826086956522	795.0	16.467391304347824	1198.0	11.467391304347826	187.0	-0.280359820089955	0.041979010494752625	413.0	3769.53125	-0.6191904047976011	28.0	30.00942779968027	33377.0	10098.0	-307.8658536585366	737499.0	22506.683349609375	137.83536585365854	-6346.0	-4521.0	193.47560975609758	3737.7289377289376	2551.0	-3988.0	9.54066985645933	6912.0	15.71291866028708	98.11155271164915	4782912.0	16.535885167464116	-6568.0	
782.0	12.76086956521739	1079.0	15.989130434782608	1183.0	11.630434782608695	191.0	-0.2863568215892054	0.06296851574212893	421.0	3779.296875	-0.631184407796102	42.0	30.044224615587154	33384.0	9457.0	-288.32317073170736	737819.0	22516.448974609375	116.46341463414635	-3162.0	-3820.0	96.40243902439025	3715.7509157509157	2536.0	-4168.0	9.971291866028707	5336.0	15.779904306220095	98.11742757678398	4782912.0	12.765550239234448	-6596.0	
917.0	11.369565217391305	1207.0	14.521739130434781	1160.0	11.880434782608695	193.0	-0.2893553223388306	0.07796101949025487	436.0	3789.0625	-0.6536731634182908	52.0	30.044224615587154	33384.0	8460.0	-257.9268292682927	738139.0	22526.214599609375	92.31707317073172	498.0	-3028.0	-15.182926829268293	3726.007326007326	2543.0	-4272.0	10.220095693779903	4400.0	14.344497607655502	98.11742757678398	4782912.0	10.526315789473683	-5996.0	
1026.0	11.304347826086957	1213.0	13.33695652173913	1210.0	11.33695652173913	189.0	-0.2833583208395802	0.08995502248875561	437.0	3798.828125	-0.6551724137931034	60.0	30.044224615587154	33384.0	8377.0	-255.39634146341467	738459.0	22535.980224609375	84.20731707317074	3447.0	-2762.0	-105.09146341463416	3705.4945054945056	2529.0	-4220.0	10.095693779904305	4224.0	12.574162679425838	98.11742757678398	4782912.0	10.105263157894736	-5256.0	
1068.0	13.92391304347826	972.0	12.880434782608695	1299.0	10.369565217391305	186.0	-0.2788605697151424	0.09895052473763118	445.0	3808.59375	-0.6671664167916042	66.0	30.044224615587154	33384.0	7796.0	-237.68292682926833	738779.0	22545.745849609375	60.79268292682927	5251.0	-1994.0	-160.09146341463415	3721.611721611722	2540.0	-3732.0	8.92822966507177	5304.0	12.095693779904305	98.11742757678398	4782912.0	12.688995215311005	-5056.0	
1150.0	14.347826086956522	933.0	11.989130434782608	1351.0	9.804347826086957	178.0	-0.26686656671664166	0.08845577211394302	451.0	3818.359375	-0.6761619190404797	59.0	30.044224615587154	33384.0	7900.0	-240.85365853658539	739099.0	22555.511474609375	62.34756097560976	6656.0	-2045.0	-202.9268292682927	3717.2161172161173	2537.0	-3544.0	8.47846889952153	5812.0	10.937799043062201	98.11742757678398	4782912.0	13.904306220095693	-4572.0	
1154.0	15.684782608695652	810.0	11.945652173913043	1355.0	9.76086956521739	173.0	-0.2593703148425787	0.08995502248875561	457.0	3828.125	-0.6851574212893553	60.0	30.044224615587154	33384.0	7309.0	-222.83536585365854	739419.0	22565.277099609375	47.22560975609756	7644.0	-1549.0	-233.0487804878049	3701.0989010989015	2526.0	-3400.0	8.133971291866029	6128.0	11.004784688995215	98.13006487948661	4781664.0	14.660287081339712	-4600.0	
1225.0	16.652173913043477	721.0	11.17391304347826	1356.0	9.75	174.0	-0.2608695652173913	0.08245877061469264	461.0	3837.890625	-0.6911544227886057	55.0	30.044224615587154	33384.0	6765.0	-206.25000000000003	739739.0	22575.042724609375	32.46951219512196	8321.0	-1065.0	-253.68902439024393	3714.285714285714	2535.0	-3392.0	8.114832535885167	6804.0	10.01913875598086	98.13006487948661	4781664.0	16.27751196172249	-4188.0	
1286.0	17.52173913043478	641.0	10.51086956521739	1340.0	9.92391304347826	174.0	-0.2608695652173913	0.07946026986506746	476.0	3847.65625	-0.7136431784107946	53.0	30.044224615587154	33384.0	6184.0	-188.53658536585368	740059.0	22584.808349609375	22.134146341463417	8438.0	-726.0	-257.25609756097566	3739.194139194139	2552.0	-3412.0	8.16267942583732	7108.0	9.320574162679426	98.13006487948661	4781664.0	17.004784688995215	-3896.0	
1389.0	18.032608695652172	594.0	9.391304347826086	1345.0	9.869565217391305	162.0	-0.24287856071964017	0.07946026986506746	476.0	3857.421875	-0.7136431784107946	53.0	30.044224615587154	33384.0	5153.0	-157.10365853658539	740379.0	22594.573974609375	3.5975609756097566	8315.0	-118.0	-253.50609756097563	3723.0769230769233	2541.0	-3408.0	8.153110047846889	7400.0	8.076555023923445	98.13006487948661	4781664.0	17.70334928229665	-3376.0	
1513.0	17.304347826086957	661.0	8.043478260869565	1388.0	9.402173913043478	168.0	-0.2518740629685157	0.07646176911544228	467.0	3867.1875	-0.7001499250374812	51.0	30.044224615587154	33384.0	4623.0	-140.94512195121953	740699.0	22604.339599609375	6.920731707317074	7406.0	-227.0	-225.7926829268293	3727.4725274725274	2544.0	-3256.0	7.789473684210526	7084.0	6.4688995215311005	98.13006487948661	4781664.0	16.94736842105263	-2704.0	
1617.0	16.48913043478261	736.0	6.913043478260869	1445.0	8.782608695652174	153.0	-0.22938530734632684	0.06596701649175413	475.0	3876.953125	-0.712143928035982	44.0	30.044224615587154	33384.0	4186.0	-127.62195121951221	741019.0	22614.105224609375	12.53048780487805	6316.0	-411.0	-192.56097560975613	3731.868131868132	2547.0	-2952.0	7.062200956937799	6660.0	5.167464114832535	98.128768743342	4781792.0	15.933014354066986	-2160.0	
1701.0	15.51086956521739	826.0	6.0	1505.0	8.130434782608695	150.0	-0.22488755622188905	0.06596701649175413	475.0	3886.71875	-0.712143928035982	44.0	30.044224615587154	33384.0	3586.0	-109.32926829268294	741339.0	22623.870849609375	21.82926829268293	5267.0	-716.0	-160.57926829268294	3726.007326007326	2543.0	-2676.0	6.401913875598086	6192.0	4.1913875598086126	98.128768743342	4781792.0	14.813397129186603	-1752.0	
1752.0	14.902173913043478	882.0	5.445652173913043	1564.0	7.489130434782608	152.0	-0.22788605697151423	0.05247376311844078	483.0	3896.484375	-0.7241379310344828	35.0	30.044224615587154	33384.0	2974.0	-90.67073170731709	741659.0	22633.636474609375	35.426829268292686	4399.0	-1162.0	-134.1158536585366	3717.2161172161173	2537.0	-2428.0	5.8086124401913874	5908.0	3.6076555023923444	98.128768743342	4781792.0	14.133971291866029	-1508.0	
1753.0	14.543478260869565	915.0	5.434782608695652	1553.0	7.608695652173913	146.0	-0.21889055472263869	0.05247376311844078	489.0	3906.25	-0.7331334332833583	35.0	30.044224615587154	33384.0	2224.0	-67.8048780487805	741979.0	22643.402099609375	46.646341463414636	4087.0	-1530.0	-124.60365853658537	3704.029304029304	2528.0	-2476.0	5.923444976076555	5760.0	3.7033492822966507	98.128768743342	4781792.0	13.779904306220095	-1548.0	
1728.0	13.891304347826086	975.0	5.706521739130435	1688.0	6.141304347826087	144.0	-0.21589205397301348	0.04947526236881559	492.0	3916.015625	-0.7376311844077961	33.0	30.044224615587154	33384.0	1401.0	-42.713414634146346	742299.0	22653.167724609375	58.65853658536586	5349.0	-1924.0	-163.07926829268294	3731.868131868132	2547.0	-1792.0	4.287081339712919	5380.0	3.866028708133971	98.128768743342	4781792.0	12.870813397129186	-1616.0	
1702.0	13.804347826086957	983.0	5.989130434782608	1550.0	7.641304347826087	131.0	-0.19640179910044978	0.05247376311844078	486.0	3925.78125	-0.7286356821589205	35.0	30.044224615587154	33384.0	488.0	-14.878048780487806	742619.0	22662.933349609375	42.987804878048784	7074.0	-1410.0	-215.6707317073171	3723.0769230769233	2541.0	-2088.0	4.9952153110047846	5348.0	4.3349282296650715	98.12779664161363	4781888.0	12.794258373205741	-1812.0	
1750.0	14.945652173913043	878.0	5.467391304347826	1475.0	8.456521739130434	127.0	-0.19040479760119938	0.038980509745127435	490.0	3935.546875	-0.7346326836581709	26.0	30.044224615587154	33384.0	-450.0	13.719512195121952	742939.0	22672.698974609375	27.378048780487806	8664.0	-898.0	-264.1463414634147	3702.5641025641025	2527.0	-2656.0	6.354066985645932	5684.0	3.923444976076555	98.12779664161363	4781888.0	13.598086124401913	-1640.0	
1799.0	17.48913043478261	644.0	4.934782608695652	1394.0	9.33695652173913	130.0	-0.19490254872563717	0.025487256371814093	497.0	3945.3125	-0.7451274362818591	17.0	30.044224615587154	33384.0	-1214.0	37.01219512195122	743259.0	22682.464599609375	19.26829268292683	8503.0	-632.0	-259.2378048780488	3726.007326007326	2543.0	-3088.0	7.38755980861244	6812.0	3.1578947368421053	98.12779664161363	4781888.0	16.296650717703347	-1320.0	
1905.0	20.032608695652172	410.0	3.782608695652174	1383.0	9.456521739130434	111.0	-0.1664167916041979	0.010494752623688156	488.0	3955.078125	-0.7316341829085456	7.0	30.044224615587154	33384.0	-1399.0	42.65243902439025	743579.0	22692.230224609375	22.04268292682927	6679.0	-723.0	-203.62804878048783	3705.4945054945056	2529.0	-3244.0	7.760765550239234	8180.0	2.0574162679425836	98.12779664161363	4781888.0	19.56937799043062	-860.0	
1993.0	21.195652173913043	303.0	2.8260869565217392	1424.0	9.01086956521739	108.0	-0.1619190404797601	0.0	496.0	3964.84375	-0.7436281859070465	0.0	30.044224615587154	33384.0	-1596.0	48.65853658536586	743899.0	22701.995849609375	34.237804878048784	3945.0	-1123.0	-120.27439024390245	3712.820512820513	2534.0	-3072.0	7.349282296650717	8872.0	0.7655502392344498	98.12779664161363	4781888.0	21.22488038277512	-320.0	
2026.0	20.902173913043477	330.0	2.467391304347826	1483.0	8.369565217391305	104.0	-0.15592203898050974	-0.005997001499250375	491.0	3974.609375	-0.7361319340329835	-4.0	30.044224615587154	33384.0	-2204.0	67.19512195121952	744219.0	22711.761474609375	42.13414634146342	1597.0	-1382.0	-48.68902439024391	3731.868131868132	2547.0	-2792.0	6.679425837320574	8784.0	0.14354066985645933	98.1256904223199	4782096.0	21.014354066985646	-60.0	
2018.0	19.413043478260867	467.0	2.5543478260869565	1557.0	7.565217391304348	105.0	-0.15742128935532235	-0.013493253373313342	494.0	3984.375	-0.7406296851574212	-9.0	30.044224615587154	33384.0	-2883.0	87.89634146341464	744539.0	22721.527099609375	45.09146341463415	9.0	-1479.0	-0.27439024390243905	3727.4725274725274	2544.0	-2428.0	5.8086124401913874	8120.0	0.20095693779904306	98.1256904223199	4782096.0	19.42583732057416	-84.0	
1992.0	17.34782608695652	657.0	2.8369565217391304	1640.0	6.663043478260869	106.0	-0.15892053973013492	-0.01649175412293853	487.0	3994.140625	-0.7301349325337331	-11.0	30.044224615587154	33384.0	-3168.0	96.58536585365854	744859.0	22731.292724609375	57.987804878048784	-784.0	-1902.0	23.902439024390247	3709.89010989011	2532.0	-2080.0	4.976076555023924	7148.0	0.4880382775119617	98.1256904223199	4782096.0	17.10047846889952	-204.0	
1934.0	15.880434782608695	792.0	3.467391304347826	1715.0	5.8478260869565215	101.0	-0.15142428785607195	-0.017991004497751123	490.0	4003.90625	-0.7346326836581709	-12.0	30.044224615587154	33384.0	-3787.0	115.45731707317074	745179.0	22741.058349609375	57.835365853658544	-570.0	-1897.0	17.378048780487806	3720.1465201465203	2539.0	-1668.0	3.990430622009569	6364.0	1.444976076555024	98.1256904223199	4782096.0	15.224880382775119	-604.0	
1915.0	14.67391304347826	903.0	3.6739130434782608	1830.0	4.5978260869565215	98.0	-0.14692653673163417	-0.01649175412293853	491.0	4013.671875	-0.7361319340329835	-11.0	30.044224615587154	33384.0	-4201.0	128.07926829268294	745499.0	22750.823974609375	55.85365853658537	786.0	-1832.0	-23.963414634146343	3709.89010989011	2532.0	-1200.0	2.8708133971291865	5872.0	1.5311004784688995	98.1256904223199	4782096.0	14.047846889952153	-640.0	
1856.0	14.934782608695652	879.0	4.315217391304348	1926.0	3.5543478260869565	96.0	-0.14392803598200898	-0.025487256371814093	487.0	4023.4375	-0.7301349325337331	-17.0	30.044224615587154	33384.0	-4963.0	151.3109756097561	745819.0	22760.589599609375	62.31707317073171	1541.0	-2044.0	-46.98170731707317	3728.937728937729	2545.0	-652.0	1.5598086124401913	5936.0	2.401913875598086	98.12520437193089	4782144.0	14.200956937799042	-1004.0	
1798.0	17.130434782608695	677.0	4.945652173913043	2025.0	2.4782608695652173	96.0	-0.14392803598200898	-0.025487256371814093	487.0	4033.203125	-0.7301349325337331	-17.0	30.044224615587154	33384.0	-6086.0	185.5487804878049	746139.0	22770.355224609375	71.4329268292683	2573.0	-2343.0	-78.44512195121952	3705.4945054945056	2529.0	-176.0	0.42105263157894735	6972.0	3.129186602870813	98.12520437193089	4782144.0	16.679425837320572	-1308.0	
1805.0	19.358695652173914	472.0	4.869565217391305	2100.0	1.6630434782608696	83.0	-0.12443778110944527	-0.04947526236881559	487.0	4042.96875	-0.7301349325337331	-33.0	30.044224615587154	33384.0	-6467.0	197.16463414634148	746459.0	22780.120849609375	79.84756097560977	2552.0	-2619.0	-77.8048780487805	3723.0769230769233	2541.0	188.0	-0.4497607655502392	8100.0	2.937799043062201	98.12520437193089	4782144.0	19.37799043062201	-1228.0	
1807.0	20.543478260869566	363.0	4.8478260869565215	2148.0	1.141304347826087	83.0	-0.12443778110944527	-0.04947526236881559	487.0	4052.734375	-0.7301349325337331	-33.0	30.044224615587154	33384.0	-6954.0	212.01219512195124	746779.0	22789.886474609375	94.51219512195122	2021.0	-3100.0	-61.615853658536594	3730.4029304029305	2546.0	432.0	-1.0334928229665072	8520.0	2.784688995215311	98.12520437193089	4782144.0	20.382775119617225	-1164.0	
1764.0	20.07608695652174	406.0	5.315217391304348	2243.0	0.10869565217391304	83.0	-0.12443778110944527	-0.05247376311844078	472.0	4062.5	-0.7076461769115442	-35.0	30.044224615587154	33384.0	-7542.0	229.93902439024393	747099.0	22799.652099609375	118.14024390243904	1220.0	-3875.0	-37.19512195121951	3715.7509157509157	2536.0	916.0	-2.1913875598086126	8220.0	3.4449760765550237	98.12520437193089	4782144.0	19.665071770334926	-1440.0	
1732.0	19.554347826086957	454.0	5.663043478260869	2349.0	-1.0434782608695652	74.0	-0.11094452773613193	-0.06446776611694152	475.0	4072.265625	-0.712143928035982	-43.0	30.044224615587154	33384.0	-7950.0	242.37804878048783	747419.0	22809.417724609375	131.25	425.0	-4305.0	-12.957317073170733	3731.868131868132	2547.0	1188.0	-2.8421052631578947	8072.0	3.6363636363636362	98.12180202148835	4782480.0	19.311004784688993	-1520.0	
1728.0	20.09782608695652	404.0	5.706521739130435	2456.0	-2.2065217391304346	68.0	-0.10194902548725637	-0.06596701649175413	466.0	4082.03125	-0.6986506746626686	-44.0	30.044224615587154	33384.0	-8297.0	252.95731707317074	747739.0	22819.183349609375	145.94512195121953	-292.0	-4787.0	8.902439024390246	3698.1684981684984	2524.0	1728.0	-4.133971291866029	8180.0	3.866028708133971	98.12180202148835	4782480.0	19.56937799043062	-1616.0	
1700.0	21.23913043478261	299.0	6.010869565217392	2511.0	-2.8043478260869565	55.0	-0.08245877061469264	-0.08095952023988005	453.0	4091.796875	-0.6791604197901049	-54.0	30.044224615587154	33384.0	-9211.0	280.82317073170736	748059.0	22828.948974609375	161.52439024390245	-836.0	-5298.0	25.487804878048784	3726.007326007326	2543.0	2112.0	-5.052631578947368	8692.0	4.095693779904306	98.12180202148835	4782480.0	20.79425837320574	-1712.0	
1623.0	22.195652173913043	211.0	6.8478260869565215	2550.0	-3.2282608695652173	57.0	-0.08545727136431784	-0.095952023988006	454.0	4101.5625	-0.6806596701649176	-64.0	30.044224615587154	33384.0	-9787.0	298.38414634146346	748379.0	22838.714599609375	186.21951219512198	-1704.0	-6108.0	51.951219512195124	3721.611721611722	2540.0	2248.0	-5.37799043062201	9184.0	4.746411483253588	98.12180202148835	4782480.0	21.971291866028707	-1984.0	
1516.0	21.880434782608695	240.0	8.01086956521739	2562.0	-3.358695652173913	55.0	-0.08245877061469264	-0.10794602698650674	446.0	4111.328125	-0.6686656671664167	-72.0	30.044224615587154	33384.0	-10324.0	314.75609756097566	748699.0	22848.480224609375	199.08536585365854	-2314.0	-6530.0	70.54878048780489	3704.029304029304	2528.0	2356.0	-5.636363636363636	9220.0	6.019138755980861	98.12180202148835	4782480.0	22.057416267942582	-2516.0	
1424.0	20.728260869565215	346.0	9.01086956521739	2604.0	-3.8152173913043477	56.0	-0.08395802098950525	-0.1169415292353823	432.0	4121.09375	-0.6476761619190404	-78.0	30.044224615587154	33384.0	-10930.0	333.2317073170732	749019.0	22858.245849609375	207.46951219512198	-2419.0	-6805.0	73.75	3705.4945054945056	2529.0	2484.0	-5.942583732057416	8712.0	7.330143540669856	98.11872370786041	4782784.0	20.842105263157894	-3064.0	
1390.0	19.34782608695652	473.0	9.380434782608695	2646.0	-4.271739130434782	42.0	-0.06296851574212893	-0.1169415292353823	420.0	4130.859375	-0.6296851574212894	-78.0	30.044224615587154	33384.0	-11439.0	348.75000000000006	749339.0	22868.011474609375	212.7439024390244	-1906.0	-6978.0	58.10975609756098	3731.868131868132	2547.0	2788.0	-6.669856459330143	7996.0	7.779904306220096	98.11872370786041	4782784.0	19.129186602870814	-3252.0	
1369.0	18.97826086956522	507.0	9.608695652173912	2666.0	-4.489130434782608	44.0	-0.06596701649175413	-0.1169415292353823	422.0	4140.625	-0.6326836581709145	-78.0	30.044224615587154	33384.0	-12040.0	367.07317073170736	749659.0	22877.777099609375	219.60365853658539	-1141.0	-7203.0	34.78658536585366	3730.4029304029305	2546.0	2856.0	-6.832535885167464	7776.0	8.028708133971291	98.11872370786041	4782784.0	18.60287081339713	-3356.0	
1365.0	18.565217391304348	545.0	9.652173913043478	2645.0	-4.260869565217392	41.0	-0.06146926536731634	-0.13193403298350825	411.0	4150.390625	-0.616191904047976	-88.0	30.044224615587154	33384.0	-12569.0	383.20121951219517	749979.0	22887.542724609375	227.16463414634148	-467.0	-7451.0	14.237804878048781	3728.937728937729	2545.0	2812.0	-6.727272727272727	7624.0	8.095693779904305	98.11872370786041	4782784.0	18.239234449760765	-3384.0	
1413.0	17.83695652173913	612.0	9.130434782608695	2650.0	-4.315217391304348	32.0	-0.047976011994003	-0.13793103448275862	392.0	4160.15625	-0.5877061469265367	-92.0	30.044224615587154	33384.0	-12530.0	382.01219512195127	750299.0	22897.308349609375	233.99390243902442	-161.0	-7675.0	4.908536585365854	3720.1465201465203	2539.0	2840.0	-6.794258373205741	7324.0	7.492822966507177	98.11872370786041	4782784.0	17.52153110047847	-3132.0	
1485.0	16.98913043478261	690.0	8.347826086956522	2679.0	-4.630434782608695	28.0	-0.041979010494752625	-0.14992503748125938	384.0	4169.921875	-0.5757121439280359	-100.0	30.044224615587154	33384.0	-12801.0	390.2743902439025	750619.0	22907.073974609375	241.7987804878049	330.0	-7931.0	-10.060975609756099	3718.6813186813188	2538.0	2948.0	-7.052631578947368	6912.0	6.535885167464115	98.12018185601374	4782640.0	16.535885167464116	-2732.0	
1537.0	16.01086956521739	780.0	7.782608695652174	2703.0	-4.891304347826087	31.0	-0.046476761619190406	-0.14992503748125938	366.0	4179.6875	-0.5487256371814093	-100.0	30.044224615587154	33384.0	-13097.0	399.2987804878049	750939.0	22916.839599609375	251.52439024390247	889.0	-8250.0	-27.103658536585368	3736.2637362637365	2550.0	3060.0	-7.320574162679425	6396.0	5.866028708133971	98.12018185601374	4782640.0	15.301435406698564	-2452.0	
1571.0	15.619565217391305	816.0	7.413043478260869	2740.0	-5.293478260869565	18.0	-0.026986506746626684	-0.16041979010494753	354.0	4189.453125	-0.5307346326836582	-107.0	30.044224615587154	33384.0	-13057.0	398.07926829268297	751259.0	22926.605224609375	258.26219512195127	1476.0	-8471.0	-45.00000000000001	3704.029304029304	2528.0	3268.0	-7.8181818181818175	6296.0	5.454545454545454	98.12018185601374	4782640.0	15.062200956937799	-2280.0	
1609.0	15.304347826086957	845.0	7.0	2762.0	-5.532608695652174	11.0	-0.01649175412293853	-0.17241379310344826	337.0	4199.21875	-0.505247376311844	-115.0	30.044224615587154	33384.0	-13095.0	399.2378048780488	751579.0	22936.370849609375	267.5304878048781	1968.0	-8775.0	-60.00000000000001	3708.4249084249086	2531.0	3344.0	-8.0	6104.0	4.976076555023924	98.12018185601374	4782640.0	14.602870813397129	-2080.0	
1627.0	14.369565217391305	931.0	6.804347826086956	2813.0	-6.08695652173913	10.0	-0.014992503748125937	-0.17391304347826086	321.0	4208.984375	-0.48125937031484256	-116.0	30.044224615587154	33384.0	-12775.0	389.4817073170732	751899.0	22946.136474609375	276.3109756097561	2144.0	-9063.0	-65.3658536585366	3698.1684981684984	2524.0	3616.0	-8.650717703349281	5732.0	4.688995215311005	98.12018185601374	4782640.0	13.71291866028708	-1960.0	
1683.0	14.33695652173913	934.0	6.195652173913043	2887.0	-6.891304347826087	0.0	0.0	-0.16941529235382308	311.0	4218.75	-0.4662668665667166	-113.0	30.044224615587154	33384.0	-12551.0	382.6524390243903	752219.0	22955.902099609375	281.3719512195122	2334.0	-9229.0	-71.15853658536587	3715.7509157509157	2536.0	4040.0	-9.665071770334928	5744.0	4.047846889952153	98.12066790556109	4782592.0	13.741626794258373	-1692.0	
1754.0	14.293478260869565	938.0	5.423913043478261	2904.0	-7.076086956521739	-2.0	0.0029985007496251873	-0.1679160419790105	293.0	4228.515625	-0.43928035982008995	-112.0	30.044224615587154	33384.0	-12319.0	375.57926829268297	752539.0	22965.667724609375	289.45121951219517	2371.0	-9494.0	-72.28658536585367	3737.7289377289376	2551.0	4048.0	-9.68421052631579	5724.0	3.5789473684210527	98.12066790556109	4782592.0	13.69377990430622	-1496.0	
1801.0	13.793478260869565	984.0	4.913043478260869	2888.0	-6.9021739130434785	-10.0	0.014992503748125937	-0.17091454272863568	275.0	4238.28125	-0.4122938530734633	-114.0	30.044224615587154	33384.0	-11900.0	362.8048780487805	752859.0	22975.433349609375	295.82317073170736	2266.0	-9703.0	-69.08536585365854	3740.6593406593406	2553.0	4060.0	-9.71291866028708	5584.0	2.8708133971291865	98.12066790556109	4782592.0	13.358851674641148	-1200.0	
1831.0	12.597826086956522	1094.0	4.58695652173913	2869.0	-6.695652173913043	-11.0	0.01649175412293853	-0.1634182908545727	262.0	4248.046875	-0.39280359820089955	-109.0	30.044224615587154	33384.0	-11488.0	350.2439024390244	753179.0	22985.198974609375	301.7378048780488	2415.0	-9897.0	-73.62804878048782	3727.4725274725274	2544.0	3924.0	-9.38755980861244	5116.0	2.373205741626794	98.12066790556109	4782592.0	12.239234449760765	-992.0	
1863.0	11.184782608695652	1224.0	4.239130434782608	2875.0	-6.760869565217391	-14.0	0.020989505247376312	-0.17091454272863568	249.0	4257.8125	-0.3733133433283358	-114.0	30.044224615587154	33384.0	-11313.0	344.9085365853659	753499.0	22994.964599609375	305.7317073170732	2612.0	-10028.0	-79.63414634146342	3723.0769230769233	2541.0	3952.0	-9.454545454545455	4408.0	1.9521531100478469	98.12066790556109	4782592.0	10.545454545454545	-816.0	
1916.0	10.26086956521739	1309.0	3.6630434782608696	2880.0	-6.815217391304348	-18.0	0.026986506746626684	-0.1634182908545727	231.0	4267.578125	-0.34632683658170915	-109.0	30.044224615587154	33384.0	-11074.0	337.6219512195122	753819.0	23004.730224609375	309.8475609756098	3208.0	-10163.0	-97.8048780487805	3708.4249084249086	2531.0	3960.0	-9.473684210526315	3916.0	1.492822966507177	98.1177516094988	4782880.0	9.368421052631579	-624.0	
1939.0	9.25	1402.0	3.4130434782608696	2848.0	-6.467391304347826	-14.0	0.020989505247376312	-0.15142428785607195	217.0	4277.34375	-0.32533733133433285	-101.0	30.044224615587154	33384.0	-10616.0	323.6585365853659	754139.0	23014.495849609375	313.2317073170732	3670.0	-10274.0	-111.89024390243904	3715.7509157509157	2536.0	3804.0	-9.10047846889952	3464.0	1.0717703349282297	98.1177516094988	4782880.0	8.287081339712918	-448.0	
1958.0	8.184782608695652	1500.0	3.2065217391304346	2805.0	-6.0	-17.0	0.025487256371814093	-0.15592203898050974	202.0	4287.109375	-0.3028485757121439	-104.0	30.044224615587154	33384.0	-10241.0	312.2256097560976	754459.0	23024.261474609375	315.88414634146346	4132.0	-10361.0	-125.97560975609757	3734.798534798535	2549.0	3628.0	-8.679425837320574	2980.0	0.8516746411483254	98.1177516094988	4782880.0	7.1291866028708135	-356.0	
1977.0	7.054347826086956	1604.0	3.0	2754.0	-5.445652173913043	-19.0	0.02848575712143928	-0.1409295352323838	192.0	4296.875	-0.28785607196401797	-94.0	30.044224615587154	33384.0	-9997.0	304.7865853658537	754779.0	23034.027099609375	318.07926829268297	4647.0	-10433.0	-141.6768292682927	3733.3333333333335	2548.0	3340.0	-7.990430622009569	2384.0	0.6698564593301435	98.1177516094988	4782880.0	5.70334928229665	-280.0	
1993.0	6.054347826086956	1696.0	2.8260869565217392	2724.0	-5.119565217391304	-16.0	0.0239880059970015	-0.12593703148425786	180.0	4306.640625	-0.2698650674662669	-84.0	30.044224615587154	33384.0	-9382.0	286.0365853658537	755099.0	23043.792724609375	315.3963414634147	5384.0	-10345.0	-164.14634146341464	3728.937728937729	2545.0	3244.0	-7.760765550239234	2012.0	0.34449760765550236	98.1177516094988	4782880.0	4.813397129186603	-144.0	
2058.0	5.6521739130434785	1733.0	2.119565217391304	2726.0	-5.141304347826087	-18.0	0.026986506746626684	-0.13193403298350825	160.0	4316.40625	-0.239880059970015	-88.0	30.044224615587154	33384.0	-8877.0	270.64024390243907	755419.0	23053.558349609375	311.00609756097566	6183.0	-10201.0	-188.50609756097563	3742.124542124542	2554.0	3264.0	-7.8086124401913874	1744.0	-0.28708133971291866	98.11629346256727	4783024.0	4.172248803827751	120.0	
2121.0	5.4021739130434785	1756.0	1.434782608695652	2753.0	-5.434782608695652	-21.0	0.031484257871064465	-0.1184407796101949	152.0	4326.171875	-0.22788605697151423	-79.0	30.044224615587154	33384.0	-8661.0	264.0548780487805	755739.0	23063.323974609375	312.0426829268293	7114.0	-10235.0	-216.89024390243904	3730.4029304029305	2546.0	3372.0	-8.066985645933014	1640.0	-1.1291866028708133	98.11629346256727	4783024.0	3.923444976076555	472.0	
2165.0	5.304347826086956	1765.0	0.9565217391304348	2725.0	-5.130434782608695	-11.0	0.01649175412293853	-0.10944527736131934	143.0	4335.9375	-0.2143928035982009	-73.0	30.044224615587154	33384.0	-8066.0	245.91463414634148	756059.0	23073.089599609375	314.969512195122	7965.0	-10331.0	-242.83536585365857	3692.3076923076924	2520.0	3180.0	-7.607655502392344	1628.0	-1.6746411483253587	98.11629346256727	4783024.0	3.894736842105263	700.0	
2163.0	4.891304347826087	1803.0	0.9782608695652174	2661.0	-4.434782608695652	-23.0	0.034482758620689655	-0.09295352323838081	121.0	4345.703125	-0.18140929535232383	-62.0	30.044224615587154	33384.0	-7281.0	221.9817073170732	756379.0	23082.855224609375	313.719512195122	8433.0	-10290.0	-257.1036585365854	3734.798534798535	2549.0	2892.0	-6.918660287081339	1436.0	-1.6267942583732056	98.11629346256727	4783024.0	3.4354066985645932	680.0	
2170.0	4.5978260869565215	1830.0	0.9021739130434783	2634.0	-4.141304347826087	-24.0	0.035982008995502246	-0.095952023988006	120.0	4355.46875	-0.17991004497751123	-64.0	30.044224615587154	33384.0	-6654.0	202.8658536585366	756699.0	23092.620849609375	309.969512195122	8686.0	-10167.0	-264.8170731707317	3730.4029304029305	2546.0	2744.0	-6.564593301435407	1216.0	-1.6555023923444976	98.11629346256727	4783024.0	2.909090909090909	692.0	
2186.0	4.3478260869565215	1853.0	0.7282608695652174	2602.0	-3.793478260869565	-22.0	0.03298350824587706	-0.08395802098950525	111.0	4365.234375	-0.1664167916041979	-56.0	30.044224615587154	33384.0	-6148.0	187.43902439024393	757019.0	23102.386474609375	304.6036585365854	8982.0	-9991.0	-273.8414634146342	3730.4029304029305	2546.0	2616.0	-6.258373205741626	1128.0	-1.894736842105263	98.11629346256727	4783024.0	2.6985645933014353	792.0	
2226.0	4.108695652173913	1875.0	0.2934782608695652	2578.0	-3.532608695652174	-22.0	0.03298350824587706	-0.07346326836581708	104.0	4375.0	-0.15592203898050974	-49.0	30.044224615587154	33384.0	-5585.0	170.27439024390245	757339.0	23112.152099609375	297.13414634146346	9246.0	-9746.0	-281.89024390243907	3714.285714285714	2535.0	2568.0	-6.143540669856459	1072.0	-2.15311004784689	98.11629346256727	4783024.0	2.5645933014354068	900.0	
2259.0	4.195652173913043	1867.0	-0.06521739130434782	2575.0	-3.5	-21.0	0.031484257871064465	-0.06446776611694152	99.0	4384.765625	-0.14842578710644677	-43.0	30.044224615587154	33384.0	-5174.0	157.7439024390244	757659.0	23121.917724609375	291.1890243902439	9457.0	-9551.0	-288.32317073170736	3749.4505494505493	2559.0	2520.0	-6.028708133971292	1064.0	-2.650717703349282	98.11629346256727	4783024.0	2.5454545454545454	1108.0	
2269.0	4.369565217391305	1851.0	-0.17391304347826086	2555.0	-3.282608695652174	-22.0	0.03298350824587706	-0.06896551724137931	94.0	4394.53125	-0.1409295352323838	-46.0	30.044224615587154	33384.0	-4698.0	143.2317073170732	757979.0	23131.683349609375	287.8048780487805	9641.0	-9440.0	-293.9329268292683	3736.2637362637365	2550.0	2456.0	-5.875598086124402	1120.0	-2.8995215311004783	98.11629346256727	4783024.0	2.679425837320574	1212.0	
2234.0	4.663043478260869	1824.0	0.20652173913043478	2481.0	-2.4782608695652173	-20.0	0.029985007496251874	-0.05247376311844078	91.0	4404.296875	-0.136431784107946	-35.0	30.044224615587154	33384.0	-4299.0	131.06707317073173	758299.0	23141.448974609375	283.3536585365854	9514.0	-9294.0	-290.0609756097561	3714.285714285714	2535.0	2132.0	-5.100478468899522	1264.0	-2.5358851674641145	98.11629346256727	4783024.0	3.0239234449760763	1060.0	
2184.0	5.043478260869565	1789.0	0.75	2413.0	-1.7391304347826086	-18.0	0.026986506746626684	-0.05847076461769115	79.0	4414.0625	-0.1184407796101949	-39.0	30.044224615587154	33384.0	-4054.0	123.59756097560977	758619.0	23151.214599609375	274.7865853658537	9132.0	-9013.0	-278.4146341463415	3724.542124542125	2542.0	1764.0	-4.220095693779904	1424.0	-1.84688995215311	98.11677951146298	4782976.0	3.4066985645933014	772.0	
2181.0	5.565217391304348	1741.0	0.7826086956521738	2370.0	-1.2717391304347825	-21.0	0.031484257871064465	-0.050974512743628186	86.0	4423.828125	-0.12893553223388304	-34.0	30.044224615587154	33384.0	-3552.0	108.29268292682927	758939.0	23160.980224609375	262.2865853658537	8645.0	-8603.0	-263.5670731707317	3718.6813186813188	2538.0	1580.0	-3.7799043062200957	1688.0	-1.5789473684210527	98.11677951146298	4782976.0	4.038277511961723	660.0	
2227.0	6.076086956521739	1694.0	0.2826086956521739	2343.0	-0.9782608695652174	-22.0	0.03298350824587706	-0.04047976011994003	77.0	4433.59375	-0.11544227886056971	-27.0	30.044224615587154	33384.0	-3296.0	100.48780487804879	759259.0	23170.745849609375	249.5426829268293	7965.0	-8185.0	-242.83536585365857	3717.2161172161173	2537.0	1392.0	-3.3301435406698565	1920.0	-2.1818181818181817	98.11677951146298	4782976.0	4.5933014354066986	912.0	
2289.0	6.25	1678.0	-0.3913043478260869	2322.0	-0.75	-14.0	0.020989505247376312	-0.034482758620689655	76.0	4443.359375	-0.11394302848575712	-23.0	30.044224615587154	33384.0	-3232.0	98.53658536585367	759579.0	23180.511474609375	239.2378048780488	7550.0	-7847.0	-230.18292682926833	3736.2637362637365	2550.0	1296.0	-3.1004784688995213	1968.0	-2.9952153110047846	98.11677951146298	4782976.0	4.708133971291866	1252.0	
2301.0	5.826086956521739	1717.0	-0.5217391304347826	2311.0	-0.6304347826086957	-12.0	0.017991004497751123	-0.04047976011994003	71.0	4453.125	-0.10644677661169415	-27.0	30.044224615587154	33384.0	-3170.0	96.64634146341464	759899.0	23190.277099609375	230.4268292682927	7364.0	-7558.0	-224.51219512195124	3736.2637362637365	2550.0	1248.0	-2.985645933014354	1816.0	-3.1578947368421053	98.11677951146298	4782976.0	4.344497607655502	1320.0	
2256.0	5.630434782608695	1735.0	-0.03260869565217391	2268.0	-0.16304347826086957	-8.0	0.01199400299850075	-0.03298350824587706	65.0	4462.890625	-0.09745127436281859	-22.0	30.044224615587154	33384.0	-3107.0	94.72560975609757	760219.0	23200.042724609375	223.2317073170732	7252.0	-7322.0	-221.09756097560978	3727.4725274725274	2544.0	1060.0	-2.5358851674641145	1760.0	-2.650717703349282	98.115159348794	4783136.0	4.2105263157894735	1108.0	
2198.0	5.717391304347826	1727.0	0.5978260869565217	2169.0	0.9130434782608695	-6.0	0.008995502248875561	-0.034482758620689655	64.0	4472.65625	-0.095952023988006	-23.0	30.044224615587154	33384.0	-3085.0	94.0548780487805	760539.0	23209.808349609375	211.7378048780488	7158.0	-6945.0	-218.2317073170732	3702.5641025641025	2527.0	560.0	-1.339712918660287	1788.0	-1.894736842105263	98.115159348794	4783136.0	4.277511961722488	792.0	
2170.0	5.065217391304348	1787.0	0.9021739130434783	2085.0	1.826086956521739	-5.0	0.0074962518740629685	-0.035982008995502246	64.0	4482.421875	-0.095952023988006	-24.0	30.044224615587154	33384.0	-3001.0	91.4939024390244	760859.0	23219.573974609375	197.19512195121953	7148.0	-6468.0	-217.9268292682927	3721.611721611722	2540.0	136.0	-0.3253588516746411	1532.0	-1.4736842105263157	98.115159348794	4783136.0	3.665071770334928	616.0	
2177.0	4.869565217391305	1805.0	0.8260869565217391	2030.0	2.4239130434782608	-12.0	0.017991004497751123	-0.034482758620689655	69.0	4492.1875	-0.10344827586206896	-23.0	30.044224615587154	33384.0	-2876.0	87.6829268292683	761179.0	23229.339599609375	184.0548780487805	7122.0	-6037.0	-217.13414634146343	3742.124542124542	2554.0	-144.0	0.34449760765550236	1364.0	-1.6842105263157894	98.115159348794	4783136.0	3.263157894736842	704.0	
2221.0	5.423913043478261	1754.0	0.34782608695652173	1975.0	3.0217391304347827	-8.0	0.01199400299850075	-0.02848575712143928	65.0	4501.953125	-0.09745127436281859	-19.0	30.044224615587154	33384.0	-2904.0	88.53658536585367	761499.0	23239.105224609375	169.4207317073171	7273.0	-5557.0	-221.7378048780488	3712.820512820513	2534.0	-404.0	0.9665071770334928	1712.0	-2.1626794258373203	98.115159348794	4783136.0	4.095693779904306	904.0	
2256.0	6.119565217391304	1690.0	-0.03260869565217391	1935.0	3.4565217391304346	-11.0	0.01649175412293853	-0.02848575712143928	60.0	4511.71875	-0.08995502248875561	-19.0	30.044224615587154	33384.0	-2920.0	89.02439024390245	761819.0	23248.870849609375	156.46341463414635	7368.0	-5132.0	-224.63414634146343	3734.798534798535	2549.0	-580.0	1.38755980861244	2012.0	-2.650717703349282	98.11321515478588	4783328.0	4.813397129186603	1108.0	
2287.0	6.532608695652174	1652.0	-0.3695652173913043	1944.0	3.358695652173913	-9.0	0.013493253373313342	-0.01649175412293853	51.0	4521.484375	-0.07646176911544228	-11.0	30.044224615587154	33384.0	-2965.0	90.39634146341464	762139.0	23258.636474609375	144.14634146341464	7162.0	-4728.0	-218.35365853658539	3699.6336996337	2525.0	-580.0	1.38755980861244	2124.0	-3.4736842105263155	98.11321515478588	4783328.0	5.08133971291866	1452.0	
2329.0	6.771739130434782	1630.0	-0.8260869565217391	1950.0	3.293478260869565	-8.0	0.01199400299850075	-0.019490254872563718	54.0	4531.25	-0.08095952023988005	-13.0	30.044224615587154	33384.0	-3074.0	93.71951219512196	762459.0	23268.402099609375	133.9329268292683	6858.0	-4393.0	-209.08536585365854	3709.89010989011	2532.0	-536.0	1.2822966507177034	2208.0	-3.291866028708134	98.11321515478588	4783328.0	5.282296650717703	1376.0	
2332.0	7.184782608695652	1592.0	-0.858695652173913	1878.0	4.076086956521739	-10.0	0.014992503748125937	-0.01199400299850075	50.0	4541.015625	-0.07496251874062969	-8.0	30.044224615587154	33384.0	-2785.0	84.90853658536587	762779.0	23278.167724609375	120.60975609756099	6282.0	-3956.0	-191.52439024390245	3731.868131868132	2547.0	-628.0	1.5023923444976075	2412.0	-3.54066985645933	98.11321515478588	4783328.0	5.770334928229665	1480.0	
2322.0	7.83695652173913	1532.0	-0.75	1878.0	4.076086956521739	-14.0	0.020989505247376312	-0.014992503748125937	48.0	4550.78125	-0.07196401799100449	-10.0	30.044224615587154	33384.0	-2843.0	86.67682926829269	763099.0	23287.933349609375	107.7439024390244	5296.0	-3534.0	-161.46341463414635	3724.542124542125	2542.0	-760.0	1.8181818181818181	2704.0	-3.3492822966507174	98.11321515478588	4783328.0	6.4688995215311005	1400.0	
2302.0	7.532608695652174	1560.0	-0.532608695652174	1737.0	5.608695652173913	-9.0	0.013493253373313342	-0.0029985007496251873	55.0	4560.546875	-0.08245877061469264	-2.0	30.044224615587154	33384.0	-2803.0	85.45731707317074	763419.0	23297.698974609375	86.76829268292684	4204.0	-2846.0	-128.1707317073171	3739.194139194139	2552.0	-1356.0	3.2440191387559807	2776.0	-3.1674641148325358	98.11337717090345	4783312.0	6.641148325358851	1324.0	
2330.0	5.554347826086956	1742.0	-0.8369565217391304	1632.0	6.75	-16.0	0.0239880059970015	-0.005997001499250375	55.0	4570.3125	-0.08245877061469264	-4.0	30.044224615587154	33384.0	-2634.0	80.3048780487805	763739.0	23307.464599609375	64.0548780487805	3564.0	-2101.0	-108.65853658536587	3724.542124542125	2542.0	-1924.0	4.6028708133971294	1968.0	-3.4354066985645932	98.11337717090345	4783312.0	4.708133971291866	1436.0	
2316.0	3.6739130434782608	1915.0	-0.6847826086956521	1598.0	7.119565217391304	-10.0	0.014992503748125937	-0.005997001499250375	42.0	4580.078125	-0.06296851574212893	-4.0	30.044224615587154	33384.0	-2388.0	72.8048780487805	764059.0	23317.230224609375	44.54268292682927	3417.0	-1461.0	-104.17682926829269	3720.1465201465203	2539.0	-2184.0	5.22488038277512	980.0	-3.291866028708134	98.11337717090345	4783312.0	2.3444976076555024	1376.0	
2312.0	3.217391304347826	1957.0	-0.6413043478260869	1634.0	6.728260869565217	-12.0	0.017991004497751123	0.0014992503748125937	53.0	4589.84375	-0.07946026986506746	1.0	30.044224615587154	33384.0	-2119.0	64.60365853658537	764379.0	23326.995849609375	25.457317073170735	3444.0	-835.0	-105.00000000000001	3720.1465201465203	2539.0	-2060.0	4.92822966507177	676.0	-3.177033492822966	98.11337717090345	4783312.0	1.6172248803827751	1328.0	
2347.0	3.902173913043478	1894.0	-1.0217391304347825	1670.0	6.33695652173913	-18.0	0.026986506746626684	0.008995502248875561	49.0	4599.609375	-0.07346326836581708	6.0	30.044224615587154	33384.0	-1827.0	55.701219512195124	764699.0	23336.761474609375	7.896341463414635	3055.0	-259.0	-93.14024390243904	3747.985347985348	2558.0	-1832.0	4.382775119617225	956.0	-3.5598086124401913	98.11337717090345	4783312.0	2.2870813397129184	1488.0	
2395.0	4.641304347826087	1826.0	-1.5434782608695652	1709.0	5.913043478260869	-20.0	0.029985007496251874	0.005997001499250375	44.0	4609.375	-0.06596701649175413	4.0	30.044224615587154	33384.0	-1567.0	47.774390243902445	765019.0	23346.527099609375	-7.8048780487804885	2287.0	256.0	-69.72560975609757	3705.4945054945056	2529.0	-1664.0	3.9808612440191387	1364.0	-4.172248803827751	98.11434926779891	4783216.0	3.263157894736842	1744.0	
2441.0	5.119565217391304	1782.0	-2.043478260869565	1718.0	5.815217391304348	-20.0	0.029985007496251874	0.008995502248875561	47.0	4619.140625	-0.0704647676161919	6.0	30.044224615587154	33384.0	-1296.0	39.51219512195122	765339.0	23356.292724609375	-21.920731707317074	1212.0	719.0	-36.951219512195124	3723.0769230769233	2541.0	-1612.0	3.8564593301435406	1568.0	-4.698564593301435	98.11434926779891	4783216.0	3.751196172248804	1964.0	
2452.0	4.771739130434782	1814.0	-2.1630434782608696	1698.0	6.032608695652174	-24.0	0.035982008995502246	0.01199400299850075	41.0	4628.90625	-0.06146926536731634	8.0	30.044224615587154	33384.0	-934.0	28.475609756097562	765659.0	23366.058349609375	-35.73170731707317	75.0	1172.0	-2.2865853658536586	3743.5897435897436	2555.0	-1660.0	3.9712918660287078	1440.0	-4.918660287081339	98.11434926779891	4783216.0	3.4449760765550237	2056.0	
2442.0	3.8260869565217392	1901.0	-2.0543478260869565	1697.0	6.043478260869565	-22.0	0.03298350824587706	0.005997001499250375	41.0	4638.671875	-0.06146926536731634	4.0	30.044224615587154	33384.0	-411.0	12.53048780487805	765979.0	23375.823974609375	-49.51219512195122	-870.0	1624.0	26.52439024390244	3730.4029304029305	2546.0	-1700.0	4.0669856459330145	1040.0	-4.803827751196172	98.11434926779891	4783216.0	2.488038277511962	2008.0	
2391.0	2.641304347826087	2010.0	-1.5	1720.0	5.793478260869565	-32.0	0.047976011994003	0.004497751124437781	33.0	4648.4375	-0.04947526236881559	3.0	30.044224615587154	33384.0	233.0	-7.103658536585367	766299.0	23385.589599609375	-63.44512195121952	-1532.0	2081.0	46.707317073170735	3720.1465201465203	2539.0	-1576.0	3.7703349282296648	472.0	-4.373205741626794	98.11434926779891	4783216.0	1.1291866028708133	1828.0	
2372.0	1.576086956521739	2108.0	-1.2934782608695652	1771.0	5.239130434782608	-27.0	0.04047976011994003	0.01199400299850075	39.0	4658.203125	-0.05847076461769115	8.0	30.044224615587154	33384.0	979.0	-29.84756097560976	766619.0	23395.355224609375	-76.25	-1891.0	2501.0	57.65243902439025	3730.4029304029305	2546.0	-1340.0	3.2057416267942584	-44.0	-3.8564593301435406	98.1125670904061	4783392.0	-0.10526315789473684	1612.0	
2352.0	1.076086956521739	2154.0	-1.076086956521739	1833.0	4.565217391304348	-30.0	0.04497751124437781	0.0074962518740629685	49.0	4667.96875	-0.07346326836581708	5.0	30.044224615587154	33384.0	1784.0	-54.39024390243903	766939.0	23405.120849609375	-88.01829268292684	-2096.0	2887.0	63.90243902439025	3734.798534798535	2549.0	-1052.0	2.5167464114832536	-288.0	-3.5693779904306218	98.1125670904061	4783392.0	-0.6889952153110047	1492.0	
2337.0	1.25	2138.0	-0.9130434782608695	1893.0	3.9130434782608696	-32.0	0.047976011994003	0.0074962518740629685	44.0	4677.734375	-0.06596701649175413	5.0	30.044224615587154	33384.0	2460.0	-75.0	767259.0	23414.886474609375	-98.75000000000001	-2129.0	3239.0	64.90853658536587	3724.542124542125	2542.0	-892.0	2.1339712918660285	-264.0	-3.464114832535885	98.1125670904061	4783392.0	-0.631578947368421	1448.0	
2336.0	1.6195652173913042	2104.0	-0.9021739130434783	1935.0	3.4565217391304346	-30.0	0.04497751124437781	-0.0029985007496251873	42.0	4687.5	-0.06296851574212893	-2.0	30.044224615587154	33384.0	3126.0	-95.3048780487805	767579.0	23424.652099609375	-106.06707317073172	-2249.0	3479.0	68.56707317073172	3712.820512820513	2534.0	-648.0	1.5502392344497606	-48.0	-3.492822966507177	98.1125670904061	4783392.0	-0.11483253588516745	1460.0	
2326.0	2.2065217391304346	2050.0	-0.7934782608695652	1968.0	3.0978260869565215	-40.0	0.05997001499250375	-0.010494752623688156	49.0	4697.265625	-0.07346326836581708	-7.0	30.044224615587154	33384.0	3811.0	-116.18902439024392	767899.0	23434.417724609375	-112.34756097560977	-2452.0	3685.0	74.75609756097562	3742.124542124542	2554.0	-480.0	1.1483253588516746	216.0	-3.4354066985645932	98.1125670904061	4783392.0	0.5167464114832536	1436.0	
2322.0	2.684782608695652	2006.0	-0.75	1991.0	2.8478260869565215	-40.0	0.05997001499250375	-0.01649175412293853	56.0	4707.03125	-0.08395802098950525	-11.0	30.044224615587154	33384.0	4576.0	-139.51219512195124	768219.0	23444.183349609375	-116.12804878048782	-2846.0	3809.0	86.76829268292684	3731.868131868132	2547.0	-364.0	0.8708133971291866	448.0	-3.4354066985645932	98.11402523546421	4783248.0	1.0717703349282297	1436.0	
2308.0	3.0	1977.0	-0.5978260869565217	2001.0	2.7391304347826084	-37.0	0.05547226386806597	-0.029985007496251874	57.0	4716.796875	-0.08545727136431784	-20.0	30.044224615587154	33384.0	5439.0	-165.82317073170734	768539.0	23453.948974609375	-118.81097560975611	-3360.0	3897.0	102.43902439024392	3711.3553113553116	2533.0	-328.0	0.784688995215311	636.0	-3.2057416267942584	98.11402523546421	4783248.0	1.5215311004784688	1340.0	
2283.0	3.402173913043478	1940.0	-0.32608695652173914	2031.0	2.4130434782608696	-43.0	0.06446776611694152	-0.038980509745127435	59.0	4726.5625	-0.08845577211394302	-26.0	30.044224615587154	33384.0	6333.0	-193.07926829268294	768859.0	23463.714599609375	-119.29878048780489	-3877.0	3913.0	118.20121951219514	3727.4725274725274	2544.0	-204.0	0.4880382775119617	804.0	-3.004784688995215	98.11402523546421	4783248.0	1.9234449760765548	1256.0	
2267.0	4.119565217391305	1874.0	-0.15217391304347827	2091.0	1.7608695652173914	-39.0	0.05847076461769115	-0.050974512743628186	77.0	4736.328125	-0.11544227886056971	-34.0	30.044224615587154	33384.0	7119.0	-217.0426829268293	769179.0	23473.480224609375	-115.33536585365854	-4212.0	3783.0	128.41463414634148	3715.7509157509157	2536.0	84.0	-0.20095693779904306	1112.0	-2.660287081339713	98.11402523546421	4783248.0	2.660287081339713	1112.0	
2218.0	5.0978260869565215	1784.0	0.3804347826086956	2147.0	1.1521739130434783	-42.0	0.06296851574212893	-0.06296851574212893	91.0	4746.09375	-0.136431784107946	-42.0	30.044224615587154	33384.0	7718.0	-235.30487804878052	769499.0	23483.245849609375	-107.95731707317074	-4519.0	3541.0	137.77439024390245	3727.4725274725274	2544.0	344.0	-0.8229665071770335	1520.0	-2.1435406698564594	98.11402523546421	4783248.0	3.6363636363636362	896.0	
2168.0	5.771739130434782	1722.0	0.9239130434782609	2142.0	1.2065217391304348	-43.0	0.06446776611694152	-0.07946026986506746	84.0	4755.859375	-0.12593703148425786	-53.0	30.044224615587154	33384.0	8335.0	-254.11585365853662	769819.0	23493.011474609375	-101.46341463414635	-4861.0	3328.0	148.20121951219514	3727.4725274725274	2544.0	376.0	-0.8995215311004784	1888.0	-1.569377990430622	98.11386321931045	4783264.0	4.516746411483253	656.0	
2138.0	6.0978260869565215	1692.0	1.25	2130.0	1.3369565217391304	-38.0	0.05697151424287856	-0.08695652173913043	94.0	4765.625	-0.1409295352323838	-58.0	30.044224615587154	33384.0	9086.0	-277.01219512195127	770139.0	23502.777099609375	-92.77439024390245	-5286.0	3043.0	161.15853658536588	3730.4029304029305	2546.0	324.0	-0.7751196172248803	2044.0	-1.215311004784689	98.11386321931045	4783264.0	4.889952153110047	508.0	
2113.0	5.989130434782608	1702.0	1.5217391304347825	2102.0	1.641304347826087	-43.0	0.06446776611694152	-0.11244377811094453	122.0	4775.390625	-0.1829085457271364	-75.0	30.044224615587154	33384.0	9970.0	-303.9634146341464	770459.0	23512.542724609375	-82.19512195121952	-5808.0	2696.0	177.07317073170734	3718.6813186813188	2538.0	188.0	-0.4497607655502392	2056.0	-0.9665071770334928	98.11386321931045	4783264.0	4.918660287081339	404.0	
2096.0	5.717391304347826	1727.0	1.7065217391304348	2073.0	1.9565217391304348	-32.0	0.047976011994003	-0.1184407796101949	129.0	4785.15625	-0.1934032983508246	-79.0	30.044224615587154	33384.0	10763.0	-328.14024390243907	770779.0	23522.308349609375	-69.20731707317074	-6416.0	2270.0	195.609756097561	3742.124542124542	2554.0	72.0	-0.17224880382775118	1892.0	-0.7368421052631579	98.11386321931045	4783264.0	4.526315789473684	308.0	
2056.0	5.706521739130435	1728.0	2.141304347826087	2086.0	1.8152173913043477	-21.0	0.031484257871064465	-0.13193403298350825	137.0	4794.921875	-0.20539730134932532	-88.0	30.044224615587154	33384.0	11388.0	-347.19512195121956	771099.0	23532.073974609375	-53.14024390243903	-6850.0	1743.0	208.84146341463418	3723.0769230769233	2541.0	124.0	-0.2966507177033493	1916.0	-0.4401913875598086	98.11386321931045	4783264.0	4.583732057416268	184.0	
2019.0	7.228260869565217	1588.0	2.543478260869565	2089.0	1.7826086956521738	-18.0	0.026986506746626684	-0.15592203898050974	158.0	4804.6875	-0.2368815592203898	-104.0	30.044224615587154	33384.0	11526.0	-351.4024390243903	771419.0	23541.839599609375	-33.90243902439025	-6792.0	1112.0	207.07317073170734	3739.194139194139	2552.0	80.0	-0.19138755980861244	2536.0	0.23923444976076555	98.11564539749966	4783088.0	6.0669856459330145	-100.0	
1937.0	9.358695652173912	1392.0	3.434782608695652	2029.0	2.4347826086956523	-13.0	0.019490254872563718	-0.16041979010494753	177.0	4814.453125	-0.2653673163418291	-107.0	30.044224615587154	33384.0	11526.0	-351.4024390243903	771739.0	23551.605224609375	-15.365853658536587	-6601.0	504.0	201.25000000000003	3734.798534798535	2549.0	-248.0	0.5933014354066986	3620.0	1.3779904306220094	98.11564539749966	4783088.0	8.660287081339712	-576.0	
1860.0	11.717391304347826	1175.0	4.271739130434782	1967.0	3.108695652173913	1.0	-0.0014992503748125937	-0.17241379310344826	195.0	4824.21875	-0.29235382308845576	-115.0	30.044224615587154	33384.0	11876.0	-362.07317073170736	772059.0	23561.370849609375	-0.3658536585365854	-7447.0	12.0	227.0426829268293	3726.007326007326	2543.0	-476.0	1.138755980861244	4792.0	2.2200956937799043	98.11564539749966	4783088.0	11.464114832535884	-928.0	
1829.0	14.217391304347826	945.0	4.608695652173913	1891.0	3.934782608695652	16.0	-0.0239880059970015	-0.17541229385307347	210.0	4833.984375	-0.3148425787106447	-117.0	30.044224615587154	33384.0	12136.0	-370.00000000000006	772379.0	23571.136474609375	13.384146341463415	-9085.0	-439.0	276.9817073170732	3728.937728937729	2545.0	-672.0	1.6076555023923444	5404.0	2.4210526315789473	98.11564539749966	4783088.0	12.92822966507177	-1012.0	
1847.0	15.01086956521739	872.0	4.413043478260869	1840.0	4.489130434782608	32.0	-0.047976011994003	-0.18140929535232383	237.0	4843.75	-0.35532233883058467	-121.0	30.044224615587154	33384.0	12306.0	-375.18292682926835	772699.0	23580.902099609375	31.707317073170735	-11201.0	-1040.0	341.4939024390244	3714.285714285714	2535.0	-1040.0	2.488038277511962	6116.0	2.449760765550239	98.11564539749966	4783088.0	14.631578947368421	-1024.0	
1912.0	13.51086956521739	1010.0	3.7065217391304346	1850.0	4.380434782608695	46.0	-0.06896551724137931	-0.18140929535232383	258.0	4853.515625	-0.3868065967016492	-121.0	30.044224615587154	33384.0	12634.0	-385.18292682926835	773019.0	23590.667724609375	63.68902439024391	-13221.0	-2089.0	403.07926829268297	3745.054945054945	2556.0	-1036.0	2.478468899521531	5696.0	1.7511961722488039	98.11451128397982	4783200.0	13.626794258373206	-732.0	
2006.0	10.956521739130434	1245.0	2.684782608695652	1907.0	3.760869565217391	65.0	-0.09745127436281859	-0.17691154422788605	273.0	4863.28125	-0.40929535232383807	-118.0	30.044224615587154	33384.0	12910.0	-393.5975609756098	773339.0	23600.433349609375	108.62804878048782	-14540.0	-3563.0	443.2926829268293	3737.7289377289376	2551.0	-852.0	2.0382775119617222	4512.0	0.5263157894736842	98.11451128397982	4783200.0	10.794258373205741	-220.0	
2055.0	8.152173913043478	1503.0	2.152173913043478	1976.0	3.010869565217391	82.0	-0.12293853073463268	-0.1649175412293853	295.0	4873.046875	-0.4422788605697151	-110.0	30.044224615587154	33384.0	12889.0	-392.95731707317077	773659.0	23610.198974609375	166.06707317073173	-14110.0	-5447.0	430.18292682926835	3736.2637362637365	2550.0	-572.0	1.368421052631579	3164.0	-0.4497607655502392	98.11451128397982	4783200.0	7.569377990430621	188.0	
2039.0	5.25	1770.0	2.3260869565217392	1968.0	3.0978260869565215	104.0	-0.15592203898050974	-0.15442278860569714	318.0	4882.8125	-0.4767616191904048	-103.0	30.044224615587154	33384.0	12657.0	-385.88414634146346	773979.0	23619.964599609375	231.89024390243904	-10112.0	-7606.0	308.2926829268293	3727.4725274725274	2544.0	-580.0	1.38755980861244	1808.0	-0.37320574162679426	98.11451128397982	4783200.0	4.325358851674641	156.0	
1829.0	2.2391304347826084	2047.0	4.608695652173913	1755.0	5.413043478260869	104.0	-0.15592203898050974	-0.14842578710644677	335.0	4892.578125	-0.5022488755622189	-99.0	30.044224615587154	33384.0	12464.0	-380.00000000000006	774299.0	23629.730224609375	256.4634146341464	-3261.0	-8412.0	99.42073170731709	3723.0769230769233	2541.0	-1476.0	3.5311004784688995	356.0	1.8373205741626792	98.11451128397982	4783200.0	0.8516746411483254	-768.0	
1453.0	0.2391304347826087	2231.0	8.695652173913043	1623.0	6.8478260869565215	110.0	-0.1649175412293853	-0.13493253373313344	361.0	4902.34375	-0.5412293853073463	-90.0	30.044224615587154	33384.0	12013.0	-366.25000000000006	774619.0	23639.495849609375	224.75609756097563	2318.0	-7372.0	-70.67073170731707	3730.4029304029305	2546.0	-2104.0	5.033492822966507	-776.0	6.688995215311005	98.1180756422498	4782848.0	-1.8564593301435406	-2796.0	
1133.0	1.967391304347826	2072.0	12.17391304347826	1648.0	6.576086956521739	100.0	-0.14992503748125938	-0.13193403298350825	384.0	4912.109375	-0.5757121439280359	-88.0	30.044224615587154	33384.0	10825.0	-330.0304878048781	774939.0	23649.261474609375	192.40853658536588	7853.0	-6311.0	-239.4207317073171	3736.2637362637365	2550.0	-2084.0	4.985645933014354	-168.0	11.081339712918659	98.1180756422498	4782848.0	-0.4019138755980861	-4632.0	
954.0	6.076086956521739	1694.0	14.119565217391305	1744.0	5.532608695652174	91.0	-0.136431784107946	-0.12893553223388304	409.0	4921.875	-0.6131934032983508	-86.0	30.044224615587154	33384.0	10458.0	-318.8414634146342	775259.0	23659.027099609375	162.71341463414635	11411.0	-5337.0	-347.8963414634147	3734.798534798535	2549.0	-1548.0	3.7033492822966507	1836.0	13.37799043062201	98.1180756422498	4782848.0	4.392344497607655	-5592.0	
886.0	11.01086956521739	1240.0	14.858695652173912	1767.0	5.282608695652174	61.0	-0.0914542728635682	-0.13193403298350825	425.0	4931.640625	-0.6371814092953523	-88.0	30.044224615587154	33384.0	10818.0	-329.81707317073176	775579.0	23668.792724609375	135.2439024390244	11335.0	-4436.0	-345.57926829268297	3727.4725274725274	2544.0	-1432.0	3.4258373205741623	4236.0	14.01913875598086	98.1180756422498	4782848.0	10.133971291866029	-5860.0	
901.0	15.739130434782608	805.0	14.695652173913043	1697.0	6.043478260869565	45.0	-0.06746626686656672	-0.12443778110944527	441.0	4941.40625	-0.6611694152923538	-83.0	30.044224615587154	33384.0	11258.0	-343.2317073170732	775899.0	23678.558349609375	93.47560975609757	8378.0	-3066.0	-255.4268292682927	3739.194139194139	2552.0	-1604.0	3.8373205741626792	6632.0	13.799043062200957	98.1180756422498	4782848.0	15.866028708133971	-5768.0	
941.0	18.934782608695652	511.0	14.26086956521739	1704.0	5.967391304347826	41.0	-0.06146926536731634	-0.12143928035982009	458.0	4951.171875	-0.6866566716641679	-81.0	30.044224615587154	33384.0	11777.0	-359.0548780487805	776219.0	23688.323974609375	91.25000000000001	4052.0	-2993.0	-123.53658536585367	3731.868131868132	2547.0	-1692.0	4.047846889952153	8064.0	13.215311004784688	98.11726556044016	4782928.0	19.29186602870813	-5524.0	
1124.0	18.065217391304348	591.0	12.271739130434783	1787.0	5.065217391304348	39.0	-0.05847076461769115	-0.10644677661169415	473.0	4960.9375	-0.7091454272863568	-71.0	30.044224615587154	33384.0	12006.0	-366.0365853658537	776539.0	23698.089599609375	113.59756097560977	341.0	-3726.0	-10.396341463414634	3739.194139194139	2552.0	-1372.0	3.2822966507177034	7412.0	10.717703349282296	98.11726556044016	4782928.0	17.732057416267942	-4480.0	
1326.0	13.858695652173912	978.0	10.076086956521738	1833.0	4.565217391304348	30.0	-0.04497751124437781	-0.08995502248875561	486.0	4970.703125	-0.7286356821589205	-60.0	30.044224615587154	33384.0	11983.0	-365.3353658536586	776859.0	23707.855224609375	159.32926829268294	-274.0	-5226.0	8.353658536585368	3698.1684981684984	2524.0	-1256.0	3.004784688995215	5228.0	8.33492822966507	98.11726556044016	4782928.0	12.507177033492823	-3484.0	
1278.0	10.521739130434783	1285.0	10.597826086956522	1827.0	4.630434782608695	24.0	-0.035982008995502246	-0.07346326836581708	499.0	4980.46875	-0.7481259370314842	-49.0	30.044224615587154	33384.0	11523.0	-351.31097560975616	777179.0	23717.620849609375	186.58536585365854	2473.0	-6120.0	-75.39634146341464	3736.2637362637365	2550.0	-1284.0	3.0717703349282295	3696.0	9.760765550239235	98.11726556044016	4782928.0	8.842105263157894	-4080.0	
922.0	8.978260869565217	1427.0	14.467391304347826	1819.0	4.717391304347826	16.0	-0.0239880059970015	-0.05547226386806597	511.0	4990.234375	-0.7661169415292354	-37.0	30.044224615587154	33384.0	10387.0	-316.6768292682927	777499.0	23727.386474609375	152.83536585365854	7262.0	-5013.0	-221.40243902439028	3730.4029304029305	2546.0	-1200.0	2.8708133971291865	3296.0	12.028708133971291	98.11726556044016	4782928.0	7.885167464114832	-5028.0	
610.0	8.021739130434783	1515.0	17.858695652173914	1977.0	3.0	-4.0	0.005997001499250375	-0.038980509745127435	518.0	5000.0	-0.7766116941529235	-26.0	30.044224615587154	33384.0	10013.0	-305.2743902439025	777819.0	23737.152099609375	103.78048780487806	10614.0	-3404.0	-323.5975609756098	3711.3553113553116	2533.0	-644.0	1.5406698564593302	2800.0	17.004784688995215	98.11726556044016	4782928.0	6.698564593301435	-7108.0	
579.0	11.706521739130434	1176.0	18.195652173913043	2113.0	1.5217391304347825	-14.0	0.020989505247376312	-0.019490254872563718	533.0	5009.765625	-0.7991004497751124	-13.0	30.044224615587154	33384.0	9627.0	-293.50609756097566	778139.0	23746.917724609375	81.46341463414635	10853.0	-2672.0	-330.88414634146346	3743.5897435897436	2555.0	124.0	-0.2966507177033493	3760.0	18.306220095693778	98.11726556044016	4782928.0	8.995215311004785	-7652.0	
709.0	18.84782608695652	519.0	16.782608695652172	2072.0	1.967391304347826	-14.0	0.020989505247376312	-0.019490254872563718	533.0	5019.53125	-0.7991004497751124	-13.0	30.044224615587154	33384.0	9062.0	-276.2804878048781	778459.0	23756.683349609375	72.8658536585366	9111.0	-2390.0	-277.7743902439025	3702.5641025641025	2527.0	140.0	-0.33492822966507174	7000.0	16.574162679425836	98.11726556044016	4782928.0	16.74641148325359	-6928.0	
796.0	24.369565217391305	11.0	15.83695652173913	1987.0	2.891304347826087	-37.0	0.05547226386806597	0.014992503748125937	526.0	5029.296875	-0.7886056971514243	10.0	30.044224615587154	33384.0	8971.0	-273.50609756097566	778779.0	23766.448974609375	70.15243902439025	5704.0	-2301.0	-173.90243902439025	3708.4249084249086	2531.0	-284.0	0.6794258373205742	10264.0	15.24401913875598	98.11726556044016	4782928.0	24.555023923444974	-6372.0	
893.0	24.467391304347824	2.0	14.782608695652174	1927.0	3.543478260869565	-37.0	0.05547226386806597	0.014992503748125937	526.0	5039.0625	-0.7886056971514243	10.0	30.044224615587154	33384.0	9022.0	-275.0609756097561	779099.0	23776.214599609375	77.7439024390244	1139.0	-2550.0	-34.72560975609756	3739.194139194139	2552.0	-620.0	1.4832535885167464	11348.0	14.16267942583732	98.11726556044016	4782928.0	27.148325358851675	-5920.0	
1049.0	23.543478260869566	87.0	13.08695652173913	1980.0	2.967391304347826	-41.0	0.06146926536731634	0.03298350824587706	555.0	5048.828125	-0.8320839580209894	22.0	30.054166565608465	33386.0	8360.0	-254.87804878048783	779419.0	23785.980224609375	97.46951219512196	-2470.0	-3197.0	75.3048780487805	3715.7509157509157	2536.0	-452.0	1.0813397129186602	10180.0	12.287081339712918	98.11894412036611	4782928.0	24.354066985645932	-5136.0	
1137.0	19.815217391304348	430.0	12.130434782608695	2024.0	2.4891304347826084	-41.0	0.06146926536731634	0.05397301349325337	552.0	5058.59375	-0.8275862068965517	36.0	30.054166565608465	33386.0	7477.0	-227.95731707317074	779739.0	23795.745849609375	110.42682926829269	-3979.0	-3622.0	121.31097560975611	3726.007326007326	2543.0	-164.0	0.3923444976076555	8292.0	10.899521531100477	98.11894412036611	4782928.0	19.83732057416268	-4556.0	
1157.0	16.858695652173914	702.0	11.91304347826087	1971.0	3.0652173913043477	-52.0	0.07796101949025487	0.06896551724137931	551.0	5068.359375	-0.8260869565217391	46.0	30.054166565608465	33386.0	6677.0	-203.56707317073173	780059.0	23805.511474609375	116.73780487804879	-4319.0	-3829.0	131.6768292682927	3737.7289377289376	2551.0	-404.0	0.9665071770334928	6856.0	10.832535885167463	98.11894412036611	4782928.0	16.401913875598087	-4528.0	
1186.0	15.032608695652174	870.0	11.597826086956522	1871.0	4.1521739130434785	-53.0	0.07946026986506746	0.08845577211394302	561.0	5078.125	-0.841079460269865	59.0	30.054166565608465	33386.0	5986.0	-182.50000000000003	780379.0	23815.277099609375	115.67073170731709	-3903.0	-3794.0	118.9939024390244	3723.0769230769233	2541.0	-920.0	2.200956937799043	6012.0	10.516746411483254	98.11894412036611	4782928.0	14.382775119617225	-4396.0	
1243.0	13.869565217391305	977.0	10.978260869565217	1743.0	5.543478260869565	-57.0	0.08545727136431784	0.09745127436281859	556.0	5087.890625	-0.833583208395802	65.0	30.054166565608465	33386.0	5230.0	-159.45121951219514	780699.0	23825.042724609375	111.73780487804879	-3369.0	-3665.0	102.71341463414635	3720.1465201465203	2539.0	-1548.0	3.7033492822966507	5460.0	9.894736842105262	98.11894412036611	4782928.0	13.062200956937799	-4136.0	
1285.0	12.978260869565217	1059.0	10.521739130434783	1603.0	7.065217391304348	-60.0	0.08995502248875561	0.11244377811094453	557.0	5097.65625	-0.8350824587706147	75.0	30.054166565608465	33386.0	4625.0	-141.00609756097563	781019.0	23834.808349609375	107.8048780487805	-2820.0	-3536.0	85.97560975609757	3698.1684981684984	2524.0	-2260.0	5.4066985645933014	5060.0	9.311004784688995	98.13093354907762	4781744.0	12.105263157894736	-3892.0	
1316.0	12.369565217391305	1115.0	10.184782608695652	1496.0	8.228260869565217	-68.0	0.10194902548725637	0.12593703148425786	557.0	5107.421875	-0.8350824587706147	84.0	30.054166565608465	33386.0	3974.0	-121.15853658536587	781339.0	23844.573974609375	99.42073170731709	-2285.0	-3261.0	69.66463414634147	3721.611721611722	2540.0	-2740.0	6.555023923444976	4800.0	9.014354066985646	98.13093354907762	4781744.0	11.483253588516746	-3768.0	
1328.0	11.934782608695652	1155.0	10.054347826086957	1406.0	9.206521739130434	-71.0	0.10644677661169415	0.13193403298350825	563.0	5117.1875	-0.8440779610194902	88.0	30.054166565608465	33386.0	3330.0	-101.52439024390245	781659.0	23854.339599609375	85.67073170731707	-1828.0	-2810.0	55.73170731707317	3714.285714285714	2535.0	-3156.0	7.55023923444976	4600.0	8.717703349282296	98.13093354907762	4781744.0	11.004784688995215	-3644.0	
1382.0	11.706521739130434	1176.0	9.467391304347826	1373.0	9.565217391304348	-74.0	0.11094452773613193	0.13793103448275862	568.0	5126.953125	-0.8515742128935532	92.0	30.054166565608465	33386.0	2738.0	-83.47560975609757	781979.0	23864.105224609375	73.04878048780489	-1181.0	-2396.0	36.00609756097561	3734.798534798535	2549.0	-3292.0	7.875598086124402	4496.0	8.124401913875598	98.13093354907762	4781744.0	10.75598086124402	-3396.0	
1432.0	11.402173913043478	1204.0	8.92391304347826	1356.0	9.75	-69.0	0.10344827586206896	0.15292353823088456	569.0	5136.71875	-0.8530734632683658	102.0	30.054166565608465	33386.0	2106.0	-64.20731707317074	782299.0	23873.870849609375	58.71951219512196	-585.0	-1926.0	17.835365853658537	3736.2637362637365	2550.0	-3316.0	7.9330143540669855	4400.0	7.885167464114832	98.13093354907762	4781744.0	10.526315789473683	-3296.0	
1440.0	11.771739130434783	1170.0	8.83695652173913	1267.0	10.717391304347826	-81.0	0.12143928035982009	0.14992503748125938	574.0	5146.484375	-0.8605697151424287	100.0	30.054166565608465	33386.0	1369.0	-41.737804878048784	782619.0	23883.636474609375	38.23170731707317	92.0	-1254.0	-2.804878048780488	3730.4029304029305	2546.0	-3584.0	8.574162679425838	4404.0	7.435406698564593	98.12817921647508	4782016.0	10.535885167464114	-3108.0	
1410.0	13.304347826086957	1029.0	9.16304347826087	1367.0	9.630434782608695	-80.0	0.1199400299850075	0.15592203898050974	560.0	5156.25	-0.8395802098950524	104.0	30.054166565608465	33386.0	263.0	-8.01829268292683	782939.0	23893.402099609375	33.41463414634147	619.0	-1096.0	-18.871951219512198	3709.89010989011	2532.0	-3348.0	8.009569377990431	5056.0	7.760765550239234	98.12817921647508	4782016.0	12.095693779904305	-3244.0	
1353.0	13.119565217391305	1046.0	9.782608695652174	1248.0	10.92391304347826	-81.0	0.12143928035982009	0.15742128935532235	559.0	5166.015625	-0.8380809595202399	105.0	30.054166565608465	33386.0	-79.0	2.408536585365854	783259.0	23903.167724609375	6.00609756097561	1192.0	-197.0	-36.34146341463415	3728.937728937729	2545.0	-3728.0	8.91866028708134	5260.0	8.526315789473683	98.12817921647508	4782016.0	12.583732057416267	-3564.0	
1373.0	12.141304347826086	1136.0	9.565217391304348	1220.0	11.228260869565217	-84.0	0.12593703148425786	0.15892053973013492	564.0	5175.78125	-0.8455772113943029	106.0	30.054166565608465	33386.0	-218.0	6.646341463414635	783579.0	23912.933349609375	-12.865853658536587	1771.0	422.0	-53.993902439024396	3698.1684981684984	2524.0	-4064.0	9.722488038277511	4856.0	8.641148325358852	98.12817921647508	4782016.0	11.617224880382775	-3612.0	
1439.0	13.478260869565217	1013.0	8.847826086956522	1289.0	10.478260869565217	-80.0	0.1199400299850075	0.16041979010494753	564.0	5185.546875	-0.8455772113943029	107.0	30.054166565608465	33386.0	-955.0	29.115853658536587	783899.0	23922.698974609375	-17.835365853658537	1494.0	585.0	-45.54878048780488	3708.4249084249086	2531.0	-3728.0	8.91866028708134	5052.0	7.617224880382775	98.12817921647508	4782016.0	12.086124401913874	-3184.0	
1470.0	15.532608695652174	824.0	8.51086956521739	1357.0	9.73913043478261	-85.0	0.12743628185907047	0.16041979010494753	559.0	5195.3125	-0.8380809595202399	107.0	30.054166565608465	33386.0	-1995.0	60.82317073170732	784219.0	23932.464599609375	-29.664634146341466	859.0	973.0	-26.189024390243905	3714.285714285714	2535.0	-3392.0	8.114832535885167	6196.0	7.1291866028708135	98.12736911914857	4782096.0	14.822966507177034	-2980.0	
1535.0	15.532608695652174	824.0	7.804347826086956	1416.0	9.097826086956522	-85.0	0.12743628185907047	0.15892053973013492	563.0	5205.078125	-0.8440779610194902	106.0	30.054166565608465	33386.0	-2366.0	72.13414634146342	784539.0	23942.230224609375	-27.042682926829272	-262.0	887.0	7.987804878048781	3704.029304029304	2528.0	-3104.0	7.425837320574162	6356.0	6.382775119617224	98.12736911914857	4782096.0	15.205741626794257	-2668.0	
1518.0	13.967391304347826	968.0	7.989130434782608	1471.0	8.5	-77.0	0.11544227886056971	0.15142428785607195	569.0	5214.84375	-0.8530734632683658	101.0	30.054166565608465	33386.0	-2599.0	79.23780487804879	784859.0	23951.995849609375	-20.48780487804878	-1181.0	672.0	36.00609756097561	3733.3333333333335	2548.0	-2864.0	6.851674641148325	5664.0	6.392344497607655	98.12736911914857	4782096.0	13.55023923444976	-2672.0	
1414.0	11.956521739130434	1153.0	9.119565217391305	1491.0	8.282608695652174	-78.0	0.1169415292353823	0.1454272863568216	568.0	5224.609375	-0.8515742128935532	97.0	30.054166565608465	33386.0	-3182.0	97.01219512195122	785179.0	23961.761474609375	-29.725609756097565	-1492.0	975.0	45.487804878048784	3705.4945054945056	2529.0	-2720.0	6.507177033492822	4652.0	7.770334928229665	98.12736911914857	4782096.0	11.129186602870814	-3248.0	
1306.0	10.445652173913043	1292.0	10.293478260869565	1490.0	8.293478260869565	-79.0	0.1184407796101949	0.13193403298350825	560.0	5234.375	-0.8395802098950524	88.0	30.054166565608465	33386.0	-3817.0	116.37195121951221	785499.0	23971.527099609375	-41.676829268292686	-907.0	1367.0	27.652439024390247	3715.7509157509157	2536.0	-2720.0	6.507177033492822	3924.0	9.186602870813397	98.12736911914857	4782096.0	9.38755980861244	-3840.0	
1268.0	10.815217391304348	1258.0	10.706521739130434	1519.0	7.978260869565217	-74.0	0.11094452773613193	0.13493253373313344	568.0	5244.140625	-0.8515742128935532	90.0	30.054166565608465	33386.0	-4522.0	137.8658536585366	785819.0	23981.292724609375	-53.17073170731708	313.0	1744.0	-9.542682926829269	3726.007326007326	2543.0	-2596.0	6.2105263157894735	4072.0	9.68421052631579	98.12461478993097	4782368.0	9.741626794258373	-4048.0	
1228.0	12.717391304347826	1083.0	11.141304347826086	1584.0	7.271739130434782	-71.0	0.10644677661169415	0.12743628185907047	567.0	5253.90625	-0.8500749625187406	85.0	30.054166565608465	33386.0	-5432.0	165.609756097561	786139.0	23991.058349609375	-55.365853658536594	1476.0	1816.0	-45.00000000000001	3702.5641025641025	2527.0	-2272.0	5.435406698564593	4988.0	10.095693779904305	98.12461478993097	4782368.0	11.933014354066986	-4220.0	
1223.0	14.804347826086957	891.0	11.195652173913043	1677.0	6.260869565217391	-69.0	0.10344827586206896	0.10644677661169415	566.0	5263.671875	-0.848575712143928	71.0	30.054166565608465	33386.0	-6179.0	188.38414634146343	786459.0	24000.823974609375	-62.01219512195122	2100.0	2034.0	-64.02439024390245	3724.542124542125	2542.0	-1844.0	4.411483253588517	6004.0	10.086124401913874	98.12461478993097	4782368.0	14.363636363636363	-4216.0	
1181.0	16.358695652173914	748.0	11.652173913043478	1748.0	5.489130434782608	-67.0	0.10044977511244378	0.10344827586206896	564.0	5273.4375	-0.8455772113943029	69.0	30.054166565608465	33386.0	-7008.0	213.65853658536588	786779.0	24010.589599609375	-56.463414634146346	2250.0	1852.0	-68.59756097560977	3705.4945054945056	2529.0	-1460.0	3.492822966507177	6676.0	10.526315789473683	98.12461478993097	4782368.0	15.971291866028707	-4400.0	
1160.0	16.456521739130434	739.0	11.880434782608695	1820.0	4.706521739130435	-69.0	0.10344827586206896	0.08695652173913043	564.0	5283.203125	-0.8455772113943029	58.0	30.054166565608465	33386.0	-7618.0	232.25609756097563	787099.0	24020.355224609375	-51.737804878048784	2592.0	1697.0	-79.02439024390245	3698.1684981684984	2524.0	-1208.0	2.889952153110048	6660.0	10.91866028708134	98.12461478993097	4782368.0	15.933014354066986	-4564.0	
1077.0	16.33695652173913	750.0	12.782608695652174	1874.0	4.119565217391305	-70.0	0.10494752623688156	0.0704647676161919	560.0	5292.96875	-0.8395802098950524	47.0	30.054166565608465	33386.0	-8313.0	253.44512195121953	787419.0	24030.120849609375	-44.11585365853659	2990.0	1447.0	-91.15853658536587	3726.007326007326	2543.0	-1012.0	2.4210526315789473	6576.0	11.473684210526315	98.12315661669824	4782512.0	15.732057416267942	-4796.0	
1014.0	16.445652173913043	740.0	13.467391304347826	1927.0	3.543478260869565	-69.0	0.10344827586206896	0.047976011994003	552.0	5302.734375	-0.8275862068965517	32.0	30.054166565608465	33386.0	-9004.0	274.51219512195127	787739.0	24039.886474609375	-40.1829268292683	3487.0	1318.0	-106.31097560975611	3745.054945054945	2556.0	-712.0	1.7033492822966507	6636.0	12.440191387559809	98.12315661669824	4782512.0	15.875598086124402	-5200.0	
970.0	16.73913043478261	713.0	13.945652173913043	2003.0	2.717391304347826	-71.0	0.10644677661169415	0.034482758620689655	555.0	5312.5	-0.8320839580209894	23.0	30.054166565608465	33386.0	-9590.0	292.37804878048786	788059.0	24049.652099609375	-27.408536585365855	3854.0	899.0	-117.50000000000001	3708.4249084249086	2531.0	-448.0	1.0717703349282297	6716.0	13.043062200956937	98.12315661669824	4782512.0	16.066985645933013	-5452.0	
965.0	17.34782608695652	657.0	14.0	2098.0	1.684782608695652	-62.0	0.09295352323838081	0.008995502248875561	543.0	5322.265625	-0.8140929535232384	6.0	30.054166565608465	33386.0	-10296.0	313.9024390243903	788379.0	24059.417724609375	-14.085365853658537	4029.0	462.0	-122.83536585365854	3728.937728937729	2545.0	36.0	-0.08612440191387559	6984.0	13.148325358851674	98.12315661669824	4782512.0	16.708133971291865	-5496.0	
988.0	17.891304347826086	607.0	13.75	2205.0	0.5217391304347826	-66.0	0.09895052473763118	-0.0029985007496251873	544.0	5332.03125	-0.815592203898051	-2.0	30.054166565608465	33386.0	-10922.0	332.9878048780488	788699.0	24069.183349609375	3.353658536585366	4008.0	-110.0	-122.19512195121952	3731.868131868132	2547.0	568.0	-1.3588516746411483	7272.0	12.813397129186603	98.12315661669824	4782512.0	17.39712918660287	-5356.0	
1010.0	18.07608695652174	590.0	13.51086956521739	2302.0	-0.532608695652174	-75.0	0.11244377811094453	-0.025487256371814093	538.0	5341.796875	-0.8065967016491754	-17.0	30.054166565608465	33386.0	-11408.0	347.8048780487805	789019.0	24078.948974609375	21.585365853658537	3977.0	-708.0	-121.25000000000001	3708.4249084249086	2531.0	1068.0	-2.555023923444976	7420.0	12.583732057416267	98.12186046332901	4782640.0	17.751196172248804	-5260.0	
1026.0	17.75	620.0	13.33695652173913	2360.0	-1.1630434782608696	-83.0	0.12443778110944527	-0.047976011994003	520.0	5351.5625	-0.7796101949025487	-32.0	30.054166565608465	33386.0	-11870.0	361.89024390243907	789339.0	24088.714599609375	40.274390243902445	3875.0	-1321.0	-118.14024390243904	3717.2161172161173	2537.0	1348.0	-3.2248803827751193	7276.0	12.296650717703349	98.12186046332901	4782640.0	17.406698564593302	-5140.0	
1058.0	17.065217391304348	683.0	12.989130434782608	2393.0	-1.5217391304347825	-85.0	0.12743628185907047	-0.08245877061469264	519.0	5361.328125	-0.7781109445277361	-55.0	30.054166565608465	33386.0	-12235.0	373.01829268292687	789659.0	24098.480224609375	61.06707317073171	3929.0	-2003.0	-119.78658536585367	3704.029304029304	2528.0	1544.0	-3.69377990430622	6984.0	11.990430622009569	98.12186046332901	4782640.0	16.708133971291865	-5012.0	
1090.0	16.565217391304348	729.0	12.641304347826086	2397.0	-1.5652173913043477	-91.0	0.136431784107946	-0.08995502248875561	506.0	5371.09375	-0.7586206896551724	-60.0	30.054166565608465	33386.0	-12484.0	380.609756097561	789979.0	24108.245849609375	80.00000000000001	3625.0	-2624.0	-110.51829268292684	3734.798534798535	2549.0	1592.0	-3.8086124401913874	6732.0	11.435406698564593	98.12186046332901	4782640.0	16.105263157894736	-4780.0	
1154.0	16.26086956521739	757.0	11.945652173913043	2370.0	-1.2717391304347825	-93.0	0.1394302848575712	-0.11094452773613193	487.0	5380.859375	-0.7301349325337331	-74.0	30.054166565608465	33386.0	-12591.0	383.87195121951225	790299.0	24118.011474609375	98.56707317073172	2969.0	-3233.0	-90.51829268292684	3750.915750915751	2560.0	1520.0	-3.6363636363636362	6588.0	10.708133971291865	98.12186046332901	4782640.0	15.760765550239233	-4476.0	
1201.0	15.978260869565217	783.0	11.434782608695652	2361.0	-1.1739130434782608	-100.0	0.14992503748125938	-0.12293853073463268	465.0	5390.625	-0.697151424287856	-82.0	30.054166565608465	33386.0	-12548.0	382.56097560975616	790619.0	24127.777099609375	114.78658536585367	2321.0	-3765.0	-70.76219512195122	3728.937728937729	2545.0	1400.0	-3.3492822966507174	6468.0	10.095693779904305	98.1212123868616	4782704.0	15.473684210526315	-4220.0	
1239.0	15.391304347826086	837.0	11.021739130434783	2307.0	-0.5869565217391304	-107.0	0.16041979010494753	-0.1424287856071964	463.0	5400.390625	-0.6941529235382309	-95.0	30.054166565608465	33386.0	-12560.0	382.9268292682927	790939.0	24137.542724609375	123.81097560975611	1705.0	-4061.0	-51.98170731707317	3727.4725274725274	2544.0	1176.0	-2.813397129186603	6212.0	9.722488038277511	98.1212123868616	4782704.0	14.861244019138756	-4064.0	
1277.0	14.391304347826086	929.0	10.608695652173912	2274.0	-0.22826086956521738	-119.0	0.17841079460269865	-0.1634182908545727	437.0	5410.15625	-0.6551724137931034	-109.0	30.054166565608465	33386.0	-12490.0	380.7926829268293	791259.0	24147.308349609375	130.70121951219514	1397.0	-4287.0	-42.59146341463415	3705.4945054945056	2529.0	984.0	-2.354066985645933	5740.0	9.138755980861244	98.1212123868616	4782704.0	13.732057416267942	-3820.0	
1321.0	13.641304347826086	998.0	10.130434782608695	2286.0	-0.358695652173913	-122.0	0.1829085457271364	-0.1664167916041979	421.0	5419.921875	-0.631184407796102	-111.0	30.054166565608465	33386.0	-12348.0	376.4634146341464	791579.0	24157.073974609375	135.88414634146343	1363.0	-4457.0	-41.554878048780495	3717.2161172161173	2537.0	1064.0	-2.5454545454545454	5400.0	8.641148325358852	98.1212123868616	4782704.0	12.91866028708134	-3612.0	
1352.0	13.08695652173913	1049.0	9.793478260869565	2295.0	-0.45652173913043476	-129.0	0.1934032983508246	-0.17541229385307347	399.0	5429.6875	-0.5982008995502248	-117.0	30.054166565608465	33386.0	-12289.0	374.6646341463415	791899.0	24166.839599609375	140.57926829268294	1450.0	-4611.0	-44.207317073170735	3705.4945054945056	2529.0	1068.0	-2.555023923444976	5136.0	8.133971291866029	98.1212123868616	4782704.0	12.287081339712918	-3400.0	
1400.0	12.67391304347826	1087.0	9.271739130434783	2312.0	-0.6413043478260869	-132.0	0.19790104947526235	-0.18440779610194902	379.0	5439.453125	-0.568215892053973	-123.0	30.054166565608465	33386.0	-12162.0	370.7926829268293	792219.0	24176.605224609375	146.64634146341464	1491.0	-4810.0	-45.457317073170735	3705.4945054945056	2529.0	1176.0	-2.813397129186603	5000.0	7.636363636363636	98.12056431053904	4782768.0	11.961722488038276	-3192.0	
1429.0	12.478260869565217	1105.0	8.956521739130434	2322.0	-0.75	-142.0	0.2128935532233883	-0.18440779610194902	357.0	5449.21875	-0.5352323838080959	-123.0	30.054166565608465	33386.0	-11945.0	364.1768292682927	792539.0	24186.370849609375	153.0487804878049	1802.0	-5020.0	-54.93902439024391	3740.6593406593406	2553.0	1212.0	-2.8995215311004783	4984.0	7.3971291866028706	98.12056431053904	4782768.0	11.923444976076555	-3092.0	
1457.0	12.0	1149.0	8.652173913043478	2335.0	-0.8913043478260869	-141.0	0.21139430284857572	-0.20239880059970014	331.0	5458.984375	-0.4962518740629685	-135.0	30.054166565608465	33386.0	-11725.0	357.469512195122	792859.0	24196.136474609375	160.609756097561	2166.0	-5268.0	-66.03658536585367	3745.054945054945	2556.0	1328.0	-3.177033492822966	4760.0	7.090909090909091	98.12056431053904	4782768.0	11.38755980861244	-2964.0	
1493.0	11.478260869565217	1197.0	8.26086956521739	2395.0	-1.5434782608695652	-146.0	0.21889055472263869	-0.20239880059970014	318.0	5468.75	-0.4767616191904048	-135.0	30.054166565608465	33386.0	-11639.0	354.8475609756098	793179.0	24205.902099609375	165.4268292682927	2850.0	-5426.0	-86.89024390243904	3704.029304029304	2528.0	1488.0	-3.5598086124401913	4476.0	6.77511961722488	98.12056431053904	4782768.0	10.708133971291865	-2832.0	
1557.0	10.989130434782608	1242.0	7.565217391304348	2423.0	-1.8478260869565217	-151.0	0.22638680659670163	-0.20539730134932532	296.0	5478.515625	-0.44377811094452774	-137.0	30.054166565608465	33386.0	-11471.0	349.7256097560976	793499.0	24215.667724609375	175.2439024390244	3587.0	-5748.0	-109.35975609756099	3734.798534798535	2549.0	1736.0	-4.15311004784689	4228.0	6.114832535885167	98.12056431053904	4782768.0	10.114832535885167	-2556.0	
1630.0	10.978260869565217	1243.0	6.771739130434782	2438.0	-2.010869565217391	-156.0	0.2338830584707646	-0.19790104947526235	280.0	5488.28125	-0.4197901049475262	-132.0	30.054166565608465	33386.0	-11127.0	339.2378048780488	793819.0	24225.433349609375	187.16463414634148	3733.0	-6139.0	-113.81097560975611	3693.772893772894	2521.0	1768.0	-4.229665071770334	4176.0	5.1387559808612435	98.1207263296061	4782752.0	9.990430622009569	-2148.0	
1697.0	11.467391304347826	1198.0	6.043478260869565	2430.0	-1.9239130434782608	-157.0	0.2353823088455772	-0.1889055472263868	259.0	5498.046875	-0.38830584707646176	-126.0	30.054166565608465	33386.0	-10947.0	333.75000000000006	794139.0	24235.198974609375	196.89024390243904	4124.0	-6458.0	-125.73170731707319	3715.7509157509157	2536.0	1760.0	-4.2105263157894735	4420.0	4.258373205741627	98.1207263296061	4782752.0	10.574162679425838	-1780.0	
1747.0	11.195652173913043	1223.0	5.5	2394.0	-1.5326086956521738	-162.0	0.24287856071964017	-0.18440779610194902	235.0	5507.8125	-0.3523238380809595	-123.0	30.054166565608465	33386.0	-10674.0	325.4268292682927	794459.0	24244.964599609375	209.1768292682927	4036.0	-6861.0	-123.04878048780489	3717.2161172161173	2537.0	1576.0	-3.7703349282296648	4344.0	3.4545454545454546	98.1207263296061	4782752.0	10.392344497607654	-1444.0	
1781.0	10.66304347826087	1272.0	5.130434782608695	2373.0	-1.3043478260869565	-164.0	0.24587706146926536	-0.17691154422788605	216.0	5517.578125	-0.3238380809595202	-118.0	30.054166565608465	33386.0	-10410.0	317.37804878048786	794779.0	24254.730224609375	220.45731707317074	3722.0	-7231.0	-113.47560975609757	3711.3553113553116	2533.0	1496.0	-3.5789473684210527	4076.0	3.090909090909091	98.1207263296061	4782752.0	9.751196172248804	-1292.0	
1792.0	10.119565217391305	1322.0	5.010869565217392	2340.0	-0.9456521739130435	-175.0	0.2623688155922039	-0.1679160419790105	199.0	5527.34375	-0.2983508245877061	-112.0	30.054166565608465	33386.0	-10222.0	311.6463414634147	795099.0	24264.495849609375	228.47560975609758	3632.0	-7494.0	-110.73170731707319	3739.194139194139	2552.0	1336.0	-3.1961722488038276	3828.0	2.8421052631578947	98.1207263296061	4782752.0	9.157894736842104	-1188.0	
1816.0	9.51086956521739	1378.0	4.75	2312.0	-0.6413043478260869	-167.0	0.25037481259370314	-0.1454272863568216	180.0	5537.109375	-0.2698650674662669	-97.0	30.054166565608465	33386.0	-9749.0	297.2256097560976	795419.0	24274.261474609375	232.83536585365854	3480.0	-7637.0	-106.09756097560977	3746.5201465201467	2557.0	1280.0	-3.062200956937799	3556.0	2.6698564593301435	98.11699989335331	4783120.0	8.507177033492823	-1116.0	
1837.0	8.92391304347826	1432.0	4.521739130434782	2307.0	-0.5869565217391304	-166.0	0.24887556221889054	-0.136431784107946	156.0	5546.875	-0.2338830584707646	-91.0	30.054166565608465	33386.0	-9449.0	288.07926829268297	795739.0	24284.027099609375	236.37195121951223	3336.0	-7753.0	-101.70731707317074	3718.6813186813188	2538.0	1184.0	-2.832535885167464	3276.0	2.4210526315789473	98.11699989335331	4783120.0	7.837320574162679	-1012.0	
1873.0	8.554347826086957	1466.0	4.130434782608695	2292.0	-0.42391304347826086	-160.0	0.239880059970015	-0.12593703148425786	137.0	5556.640625	-0.20539730134932532	-84.0	30.054166565608465	33386.0	-9320.0	284.1463414634147	796059.0	24293.792724609375	239.14634146341464	3181.0	-7844.0	-96.98170731707317	3728.937728937729	2545.0	1108.0	-2.650717703349282	3080.0	2.0669856459330145	98.11699989335331	4783120.0	7.368421052631579	-864.0	
1891.0	8.152173913043478	1503.0	3.934782608695652	2265.0	-0.13043478260869565	-153.0	0.22938530734632684	-0.095952023988006	112.0	5566.40625	-0.1679160419790105	-64.0	30.054166565608465	33386.0	-8909.0	271.6158536585366	796379.0	24303.558349609375	241.64634146341464	3286.0	-7926.0	-100.1829268292683	3701.0989010989015	2526.0	964.0	-2.3062200956937797	2932.0	1.7799043062200957	98.11699989335331	4783120.0	7.0143540669856455	-744.0	
1907.0	7.608695652173913	1553.0	3.760869565217391	2230.0	0.25	-156.0	0.2338830584707646	-0.08245877061469264	102.0	5576.171875	-0.15292353823088456	-55.0	30.054166565608465	33386.0	-8461.0	257.95731707317077	796699.0	24313.323974609375	243.75000000000003	3094.0	-7995.0	-94.32926829268294	3717.2161172161173	2537.0	788.0	-1.8851674641148324	2664.0	1.6267942583732056	98.11699989335331	4783120.0	6.373205741626794	-680.0	
1905.0	7.032608695652174	1606.0	3.782608695652174	2201.0	0.5652173913043478	-154.0	0.23088455772113942	-0.06896551724137931	88.0	5585.9375	-0.13193403298350825	-46.0	30.054166565608465	33386.0	-8253.0	251.61585365853662	797019.0	24323.089599609375	243.71951219512198	3053.0	-7994.0	-93.07926829268294	3714.285714285714	2535.0	608.0	-1.4545454545454546	2352.0	1.5598086124401913	98.11586576153103	4783232.0	5.626794258373206	-652.0	
1923.0	6.021739130434782	1699.0	3.5869565217391304	2128.0	1.358695652173913	-145.0	0.21739130434782608	-0.05547226386806597	73.0	5595.703125	-0.10944527736131934	-37.0	30.054166565608465	33386.0	-7780.0	237.19512195121953	797339.0	24332.855224609375	241.70731707317074	3190.0	-7928.0	-97.25609756097562	3704.029304029304	2528.0	416.0	-0.9952153110047847	2148.0	1.492822966507177	98.11586576153103	4783232.0	5.1387559808612435	-624.0	
1943.0	4.858695652173913	1806.0	3.369565217391304	2070.0	1.9891304347826086	-137.0	0.20539730134932532	-0.038980509745127435	64.0	5605.46875	-0.095952023988006	-26.0	30.054166565608465	33386.0	-7228.0	220.3658536585366	797659.0	24342.620849609375	235.4268292682927	3298.0	-7722.0	-100.54878048780489	3726.007326007326	2543.0	96.0	-0.2296650717703349	1628.0	1.263157894736842	98.11586576153103	4783232.0	3.894736842105263	-528.0	
1996.0	3.902173913043478	1894.0	2.793478260869565	2032.0	2.402173913043478	-140.0	0.2098950524737631	-0.017991004497751123	50.0	5615.234375	-0.07496251874062969	-12.0	30.054166565608465	33386.0	-6702.0	204.32926829268294	797979.0	24352.386474609375	229.81707317073173	3422.0	-7538.0	-104.32926829268294	3743.5897435897436	2555.0	-40.0	0.09569377990430622	1108.0	0.7177033492822966	98.11586576153103	4783232.0	2.650717703349282	-300.0	
2043.0	3.4239130434782608	1938.0	2.282608695652174	2038.0	2.3369565217391304	-126.0	0.1889055472263868	-0.004497751124437781	40.0	5625.0	-0.05997001499250375	-3.0	30.054166565608465	33386.0	-6417.0	195.64024390243904	798299.0	24362.152099609375	227.22560975609758	3756.0	-7453.0	-114.51219512195124	3714.285714285714	2535.0	-148.0	0.354066985645933	788.0	0.20095693779904306	98.11586576153103	4783232.0	1.8851674641148324	-84.0	
2070.0	3.3260869565217392	1947.0	1.9891304347826086	2029.0	2.4347826086956523	-115.0	0.17241379310344826	0.010494752623688156	31.0	5634.765625	-0.046476761619190406	7.0	30.054166565608465	33386.0	-5875.0	179.1158536585366	798619.0	24371.917724609375	224.26829268292684	4032.0	-7356.0	-122.92682926829269	3737.7289377289376	2551.0	-172.0	0.41148325358851673	748.0	-0.3062200956937799	98.11845806349072	4782976.0	1.7894736842105263	128.0	
2092.0	3.652173913043478	1917.0	1.75	2031.0	2.4130434782608696	-106.0	0.15892053973013492	0.029985007496251874	23.0	5644.53125	-0.034482758620689655	20.0	30.054166565608465	33386.0	-5379.0	163.9939024390244	798939.0	24381.683349609375	221.859756097561	4118.0	-7277.0	-125.54878048780489	3689.37728937729	2518.0	-164.0	0.3923444976076555	860.0	-0.49760765550239233	98.11845806349072	4782976.0	2.0574162679425836	208.0	
2079.0	4.163043478260869	1870.0	1.891304347826087	2026.0	2.467391304347826	-105.0	0.15742128935532235	0.041979010494752625	10.0	5654.296875	-0.014992503748125937	28.0	30.054166565608465	33386.0	-5024.0	153.1707317073171	799259.0	24391.448974609375	217.50000000000003	4210.0	-7134.0	-128.35365853658539	3724.542124542125	2542.0	-200.0	0.4784688995215311	1104.0	-0.4593301435406698	98.11845806349072	4782976.0	2.6411483253588517	192.0	
2063.0	4.3478260869565215	1853.0	2.0652173913043477	2018.0	2.5543478260869565	-99.0	0.14842578710644677	0.047976011994003	1.0	5664.0625	-0.0014992503748125937	32.0	30.054166565608465	33386.0	-4619.0	140.82317073170734	799579.0	24401.214599609375	210.45731707317074	4469.0	-6903.0	-136.25	3702.5641025641025	2527.0	-200.0	0.4784688995215311	1236.0	-0.28708133971291866	98.11845806349072	4782976.0	2.956937799043062	120.0	
2063.0	3.9782608695652173	1887.0	2.0652173913043477	1967.0	3.108695652173913	-87.0	0.13043478260869565	0.06146926536731634	-2.0	5673.828125	0.0029985007496251873	41.0	30.054166565608465	33386.0	-4051.0	123.50609756097562	799899.0	24410.980224609375	204.14634146341464	4514.0	-6696.0	-137.6219512195122	3709.89010989011	2532.0	-440.0	1.0526315789473684	1088.0	-0.20095693779904306	98.11845806349072	4782976.0	2.602870813397129	84.0	
2052.0	3.6739130434782608	1915.0	2.1847826086956523	1919.0	3.6304347826086953	-81.0	0.12143928035982009	0.07946026986506746	-6.0	5683.59375	0.008995502248875561	53.0	30.054166565608465	33386.0	-3561.0	108.56707317073172	800219.0	24420.745849609375	196.95121951219514	4338.0	-6460.0	-132.25609756097563	3734.798534798535	2549.0	-672.0	1.6076555023923444	932.0	-0.21052631578947367	98.1168378744944	4783136.0	2.229665071770335	88.0	
2058.0	3.7282608695652173	1910.0	2.119565217391304	1887.0	3.9782608695652173	-75.0	0.11244377811094453	0.08695652173913043	-8.0	5693.359375	0.01199400299850075	58.0	30.054166565608465	33386.0	-3201.0	97.59146341463415	800539.0	24430.511474609375	188.59756097560978	4170.0	-6186.0	-127.13414634146342	3749.4505494505493	2559.0	-768.0	1.8373205741626792	936.0	-0.1339712918660287	98.1168378744944	4783136.0	2.2392344497607652	56.0	
2049.0	4.184782608695652	1868.0	2.217391304347826	1851.0	4.369565217391305	-71.0	0.10644677661169415	0.095952023988006	-8.0	5703.125	0.01199400299850075	64.0	30.054166565608465	33386.0	-2979.0	90.82317073170732	800859.0	24440.277099609375	179.0548780487805	4043.0	-5873.0	-123.26219512195124	3717.2161172161173	2537.0	-1000.0	2.3923444976076556	1156.0	0.057416267942583726	98.1168378744944	4783136.0	2.7655502392344498	-24.0	
2054.0	4.869565217391305	1805.0	2.1630434782608696	1753.0	5.434782608695652	-64.0	0.095952023988006	0.10644677661169415	-12.0	5712.890625	0.017991004497751123	71.0	30.054166565608465	33386.0	-2594.0	79.08536585365854	801179.0	24450.042724609375	166.4939024390244	3683.0	-5461.0	-112.28658536585367	3728.937728937729	2545.0	-1460.0	3.492822966507177	1484.0	0.03827751196172249	98.1168378744944	4783136.0	3.5502392344497604	-16.0	
2090.0	5.043478260869565	1789.0	1.7717391304347825	1611.0	6.978260869565217	-56.0	0.08395802098950525	0.10344827586206896	-17.0	5722.65625	0.025487256371814093	69.0	30.054166565608465	33386.0	-2303.0	70.21341463414635	801499.0	24459.808349609375	150.27439024390245	3127.0	-4929.0	-95.33536585365854	3704.029304029304	2528.0	-2180.0	5.215311004784689	1568.0	-0.5454545454545454	98.1168378744944	4783136.0	3.751196172248804	228.0	
2176.0	4.58695652173913	1831.0	0.8369565217391304	1502.0	8.16304347826087	-46.0	0.06896551724137931	0.1184407796101949	-20.0	5732.421875	0.029985007496251874	79.0	30.054166565608465	33386.0	-2004.0	61.09756097560976	801819.0	24469.573974609375	133.50609756097563	2588.0	-4379.0	-78.90243902439025	3718.6813186813188	2538.0	-2716.0	6.497607655502392	1300.0	-1.5502392344497606	98.11473163015222	4783344.0	3.110047846889952	648.0	
2229.0	3.9130434782608696	1893.0	0.2608695652173913	1440.0	8.83695652173913	-47.0	0.0704647676161919	0.12743628185907047	-17.0	5742.1875	0.025487256371814093	85.0	30.054166565608465	33386.0	-1660.0	50.60975609756098	802139.0	24479.339599609375	116.37195121951221	1992.0	-3817.0	-60.73170731707317	3706.959706959707	2530.0	-3008.0	7.196172248803827	980.0	-2.3349282296650715	98.11473163015222	4783344.0	2.3444976076555024	976.0	
2232.0	3.5760869565217392	1924.0	0.22826086956521738	1336.0	9.967391304347826	-34.0	0.050974512743628186	0.12443778110944527	-18.0	5751.953125	0.026986506746626684	83.0	30.054166565608465	33386.0	-1312.0	40.00000000000001	802459.0	24489.105224609375	93.59756097560977	1677.0	-3070.0	-51.12804878048781	3696.703296703297	2523.0	-3288.0	7.866028708133971	860.0	-2.3827751196172247	98.11473163015222	4783344.0	2.0574162679425836	996.0	
2186.0	4.706521739130435	1820.0	0.7282608695652174	1380.0	9.48913043478261	-34.0	0.050974512743628186	0.12293853073463268	-18.0	5761.71875	0.026986506746626684	82.0	30.054166565608465	33386.0	-1177.0	35.88414634146342	802779.0	24498.870849609375	78.96341463414635	1189.0	-2590.0	-36.25	3712.820512820513	2534.0	-3208.0	7.6746411483253585	1280.0	-1.7416267942583732	98.11473163015222	4783344.0	3.062200956937799	728.0	
2169.0	2.880434782608696	1988.0	0.9130434782608695	1249.0	10.91304347826087	-30.0	0.04497751124437781	0.13343328335832083	-22.0	5771.484375	0.03298350824587706	89.0	30.054166565608465	33386.0	-464.0	14.146341463414636	803099.0	24508.636474609375	46.493902439024396	568.0	-1525.0	-17.31707317073171	3742.124542124542	2554.0	-3512.0	8.401913875598085	1044.0	-1.444976076555024	98.11473163015222	4783344.0	2.4976076555023923	604.0	
2175.0	1.5108695652173914	2114.0	0.8478260869565217	1105.0	12.478260869565217	-29.0	0.043478260869565216	0.13193403298350825	-21.0	5781.25	0.031484257871064465	88.0	30.054166565608465	33386.0	177.0	-5.396341463414634	803419.0	24518.402099609375	13.231707317073171	381.0	-434.0	-11.615853658536587	3715.7509157509157	2536.0	-4468.0	10.688995215311005	-60.0	-1.4066985645933014	98.11473163015222	4783344.0	-0.14354066985645933	588.0	
2218.0	2.2282608695652173	2048.0	0.3804347826086956	1135.0	12.152173913043478	-32.0	0.047976011994003	0.12593703148425786	-19.0	5791.015625	0.02848575712143928	84.0	30.054166565608465	33386.0	86.0	-2.6219512195121952	803739.0	24528.167724609375	-7.5304878048780495	1119.0	247.0	-34.11585365853659	3745.054945054945	2556.0	-4476.0	10.708133971291865	116.0	-1.770334928229665	98.11473163015222	4783344.0	0.27751196172248804	740.0	
2272.0	3.5217391304347827	1929.0	-0.20652173913043478	1241.0	11.0	-23.0	0.034482758620689655	0.12293853073463268	-22.0	5800.78125	0.03298350824587706	82.0	30.054166565608465	33386.0	495.0	-15.091463414634148	804059.0	24537.933349609375	-28.719512195121954	799.0	942.0	-24.35975609756098	3737.7289377289376	2551.0	-3972.0	9.502392344497608	752.0	-2.526315789473684	98.11473163015222	4783344.0	1.7990430622009568	1056.0	
2346.0	5.717391304347826	1727.0	-1.0108695652173914	1423.0	9.021739130434783	-29.0	0.043478260869565216	0.13343328335832083	-20.0	5810.546875	0.029985007496251874	89.0	30.054166565608465	33386.0	905.0	-27.59146341463415	804379.0	24547.698974609375	-45.274390243902445	-48.0	1485.0	1.4634146341463417	3728.937728937729	2545.0	-3108.0	7.435406698564593	1756.0	-3.5693779904306218	98.11473163015222	4783344.0	4.200956937799043	1492.0	
2388.0	7.532608695652174	1560.0	-1.467391304347826	1585.0	7.260869565217391	-33.0	0.04947526236881559	0.13343328335832083	-12.0	5820.3125	0.017991004497751123	89.0	30.054166565608465	33386.0	913.0	-27.83536585365854	804699.0	24557.464599609375	-54.146341463414636	-915.0	1776.0	27.896341463414636	3733.3333333333335	2548.0	-2264.0	5.4162679425837315	2592.0	-4.200956937799043	98.11473163015222	4783344.0	6.200956937799043	1756.0	
2390.0	7.630434782608695	1551.0	-1.4891304347826086	1663.0	6.413043478260869	-38.0	0.05697151424287856	0.1199400299850075	-18.0	5830.078125	0.026986506746626684	80.0	30.054166565608465	33386.0	993.0	-30.27439024390244	805019.0	24567.230224609375	-63.56707317073171	-1726.0	2085.0	52.6219512195122	3708.4249084249086	2531.0	-1892.0	4.526315789473684	2756.0	-4.200956937799043	98.11440759269689	4783376.0	6.5933014354066986	1756.0	
2348.0	6.184782608695652	1684.0	-1.0326086956521738	1688.0	6.141304347826087	-36.0	0.05397301349325337	0.12443778110944527	-21.0	5839.84375	0.031484257871064465	83.0	30.054166565608465	33386.0	1332.0	-40.60975609756098	805339.0	24576.995849609375	-73.56707317073172	-2183.0	2413.0	66.5548780487805	3736.2637362637365	2550.0	-1768.0	4.229665071770334	2112.0	-3.8468899521531097	98.11440759269689	4783376.0	5.052631578947368	1608.0	
2331.0	4.33695652173913	1854.0	-0.8478260869565217	1657.0	6.478260869565217	-42.0	0.06296851574212893	0.11544227886056971	-21.0	5849.609375	0.031484257871064465	77.0	30.054166565608465	33386.0	1782.0	-54.32926829268293	805659.0	24586.761474609375	-84.90853658536587	-2167.0	2785.0	66.06707317073172	3749.4505494505493	2559.0	-1872.0	4.4784688995215305	1220.0	-3.4258373205741623	98.11440759269689	4783376.0	2.9186602870813396	1432.0	
2316.0	3.2391304347826084	1955.0	-0.6847826086956521	1652.0	6.532608695652174	-52.0	0.07796101949025487	0.11094452773613193	-21.0	5859.375	0.031484257871064465	74.0	30.054166565608465	33386.0	2275.0	-69.35975609756098	805979.0	24596.527099609375	-97.56097560975611	-1837.0	3200.0	56.00609756097562	3721.611721611722	2540.0	-1972.0	4.717703349282297	748.0	-3.263157894736842	98.11440759269689	4783376.0	1.7894736842105263	1364.0	
2323.0	3.3478260869565215	1945.0	-0.7608695652173912	1669.0	6.3478260869565215	-51.0	0.07646176911544228	0.10344827586206896	-13.0	5869.140625	0.019490254872563718	69.0	30.054166565608465	33386.0	2789.0	-85.03048780487805	806299.0	24606.292724609375	-108.71951219512196	-1521.0	3566.0	46.3719512195122	3727.4725274725274	2544.0	-1876.0	4.488038277511961	776.0	-3.2822966507177034	98.11440759269689	4783376.0	1.8564593301435406	1372.0	
2305.0	4.0978260869565215	1876.0	-0.5652173913043478	1705.0	5.956521739130435	-61.0	0.0914542728635682	0.10344827586206896	-15.0	5878.90625	0.022488755622188904	69.0	30.054166565608465	33386.0	3255.0	-99.23780487804879	806619.0	24616.058349609375	-118.9939024390244	-1448.0	3903.0	44.146341463414636	3712.820512820513	2534.0	-1680.0	4.019138755980861	1184.0	-3.1196172248803826	98.11473163015222	4783344.0	2.832535885167464	1304.0	
2284.0	5.010869565217392	1792.0	-0.33695652173913043	1766.0	5.293478260869565	-61.0	0.0914542728635682	0.08845577211394302	-10.0	5888.671875	0.014992503748125937	59.0	30.054166565608465	33386.0	3694.0	-112.62195121951221	806939.0	24625.823974609375	-129.75609756097563	-1760.0	4256.0	53.65853658536586	3724.542124542125	2542.0	-1376.0	3.291866028708134	1572.0	-2.7942583732057416	98.11473163015222	4783344.0	3.7607655502392343	1168.0	
2260.0	5.739130434782608	1725.0	-0.07608695652173914	1852.0	4.358695652173913	-71.0	0.10644677661169415	0.08545727136431784	-11.0	5898.4375	0.01649175412293853	57.0	30.054166565608465	33386.0	4115.0	-125.45731707317074	807259.0	24635.589599609375	-139.72560975609758	-2265.0	4583.0	69.0548780487805	3705.4945054945056	2529.0	-952.0	2.277511961722488	1884.0	-2.679425837320574	98.11473163015222	4783344.0	4.507177033492823	1120.0	
2269.0	6.08695652173913	1693.0	-0.17391304347826086	1918.0	3.641304347826087	-72.0	0.10794602698650674	0.06896551724137931	-2.0	5908.203125	0.0029985007496251873	46.0	30.054166565608465	33386.0	4545.0	-138.56707317073173	807579.0	24645.355224609375	-147.7439024390244	-2864.0	4846.0	87.31707317073172	3696.703296703297	2523.0	-784.0	1.875598086124402	1996.0	-2.679425837320574	98.11473163015222	4783344.0	4.77511961722488	1120.0	
2269.0	6.173913043478261	1685.0	-0.17391304347826086	1949.0	3.3043478260869565	-81.0	0.12143928035982009	0.05547226386806597	6.0	5917.96875	-0.008995502248875561	37.0	30.054166565608465	33386.0	5036.0	-153.53658536585368	807899.0	24655.120849609375	-152.9878048780488	-3469.0	5018.0	105.76219512195122	3737.7289377289376	2551.0	-520.0	1.244019138755981	2072.0	-2.7464114832535884	98.11473163015222	4783344.0	4.956937799043062	1148.0	
2260.0	6.032608695652174	1698.0	-0.07608695652173914	1987.0	2.891304347826087	-77.0	0.11544227886056971	0.04497751124437781	12.0	5927.734375	-0.017991004497751123	30.0	30.054166565608465	33386.0	5602.0	-170.7926829268293	808219.0	24664.886474609375	-156.06707317073173	-4104.0	5119.0	125.12195121951221	3733.3333333333335	2548.0	-388.0	0.9282296650717703	2024.0	-2.7177033492822966	98.11408355527776	4783408.0	4.842105263157895	1136.0	
2253.0	5.663043478260869	1732.0	0.0	2025.0	2.4782608695652173	-93.0	0.1394302848575712	0.034482758620689655	3.0	5937.5	-0.004497751124437781	23.0	30.054166565608465	33386.0	6253.0	-190.64024390243904	808539.0	24674.652099609375	-157.53048780487805	-4692.0	5167.0	143.0487804878049	3712.820512820513	2534.0	-220.0	0.5263157894736842	1852.0	-2.4976076555023923	98.11408355527776	4783408.0	4.430622009569378	1044.0	
2230.0	5.195652173913043	1775.0	0.25	2039.0	2.3260869565217392	-96.0	0.14392803598200898	0.01649175412293853	14.0	5947.265625	-0.020989505247376312	11.0	30.054166565608465	33386.0	6944.0	-211.70731707317074	808859.0	24684.417724609375	-155.4878048780488	-5144.0	5100.0	156.82926829268294	3745.054945054945	2556.0	-108.0	0.2583732057416268	1660.0	-2.277511961722488	98.11408355527776	4783408.0	3.9712918660287078	952.0	
2201.0	4.891304347826087	1803.0	0.5652173913043478	2083.0	1.8478260869565217	-94.0	0.1409295352323838	-0.0014992503748125937	26.0	5957.03125	-0.038980509745127435	-1.0	30.054166565608465	33386.0	7640.0	-232.9268292682927	809179.0	24694.183349609375	-151.4329268292683	-5401.0	4967.0	164.66463414634148	3696.703296703297	2523.0	88.0	-0.21052631578947367	1516.0	-1.9617224880382775	98.11408355527776	4783408.0	3.626794258373206	820.0	
2169.0	4.880434782608695	1804.0	0.9130434782608695	2133.0	1.3043478260869565	-101.0	0.15142428785607195	-0.025487256371814093	43.0	5966.796875	-0.06446776611694152	-17.0	30.054166565608465	33386.0	8283.0	-252.53048780487808	809499.0	24703.948974609375	-145.51829268292684	-5533.0	4773.0	168.68902439024393	3717.2161172161173	2537.0	296.0	-0.708133971291866	1464.0	-1.6172248803827751	98.11408355527776	4783408.0	3.5023923444976077	676.0	
2134.0	5.054347826086956	1788.0	1.2934782608695652	2176.0	0.8369565217391304	-95.0	0.1424287856071964	-0.046476761619190406	46.0	5976.5625	-0.06896551724137931	-31.0	30.054166565608465	33386.0	8912.0	-271.70731707317077	809819.0	24713.714599609375	-138.90243902439025	-5504.0	4556.0	167.8048780487805	3708.4249084249086	2531.0	488.0	-1.1674641148325358	1504.0	-1.2057416267942582	98.11327346188828	4783488.0	3.5980861244019136	504.0	
2111.0	5.0978260869565215	1784.0	1.5434782608695652	2178.0	0.8152173913043478	-103.0	0.15442278860569714	-0.06446776611694152	53.0	5986.328125	-0.07946026986506746	-43.0	30.054166565608465	33386.0	9519.0	-290.2134146341464	810139.0	24723.480224609375	-130.4268292682927	-5431.0	4278.0	165.57926829268294	3711.3553113553116	2533.0	556.0	-1.3301435406698565	1588.0	-0.9090909090909091	98.11327346188828	4783488.0	3.799043062200957	380.0	
2078.0	5.239130434782608	1771.0	1.9021739130434783	2180.0	0.7934782608695652	-100.0	0.14992503748125938	-0.08245877061469264	71.0	5996.09375	-0.10644677661169415	-55.0	30.054166565608465	33386.0	10158.0	-309.69512195121956	810459.0	24733.245849609375	-122.04268292682929	-5413.0	4003.0	165.03048780487808	3734.798534798535	2549.0	536.0	-1.2822966507177034	1632.0	-0.6124401913875598	98.11327346188828	4783488.0	3.9043062200956937	256.0	
2062.0	5.33695652173913	1762.0	2.0760869565217392	2159.0	1.0217391304347825	-97.0	0.1454272863568216	-0.10494752623688156	88.0	6005.859375	-0.13193403298350825	-70.0	30.054166565608465	33386.0	10827.0	-330.0914634146342	810779.0	24743.011474609375	-113.62804878048782	-5368.0	3727.0	163.65853658536588	3745.054945054945	2556.0	556.0	-1.3301435406698565	1700.0	-0.3253588516746411	98.11327346188828	4783488.0	4.0669856459330145	136.0	
2036.0	5.315217391304348	1764.0	2.358695652173913	2158.0	1.0326086956521738	-90.0	0.13493253373313344	-0.1394302848575712	100.0	6015.625	-0.14992503748125938	-93.0	30.054166565608465	33386.0	11443.0	-348.87195121951225	811099.0	24752.777099609375	-104.69512195121952	-5286.0	3434.0	161.15853658536588	3717.2161172161173	2537.0	444.0	-1.062200956937799	1708.0	0.028708133971291863	98.11327346188828	4783488.0	4.086124401913875	-12.0	
2007.0	5.423913043478261	1754.0	2.6739130434782608	2166.0	0.9456521739130435	-90.0	0.13493253373313344	-0.1394302848575712	100.0	6025.390625	-0.14992503748125938	-93.0	30.054166565608465	33386.0	11962.0	-364.69512195121956	811419.0	24762.542724609375	-94.51219512195122	-5233.0	3100.0	159.5426829268293	3711.3553113553116	2533.0	460.0	-1.1004784688995215	1708.0	0.27751196172248804	98.11294942459585	4783520.0	4.086124401913875	-116.0	
1987.0	6.032608695652174	1698.0	2.891304347826087	2212.0	0.44565217391304346	-85.0	0.12743628185907047	-0.16941529235382308	122.0	6035.15625	-0.1829085457271364	-113.0	30.054166565608465	33386.0	12424.0	-378.7804878048781	811739.0	24772.308349609375	-80.85365853658537	-5266.0	2652.0	160.5487804878049	3708.4249084249086	2531.0	716.0	-1.7129186602870812	2028.0	0.6602870813397129	98.11294942459585	4783520.0	4.851674641148326	-276.0	
1951.0	7.521739130434782	1561.0	3.282608695652174	2267.0	-0.15217391304347827	-85.0	0.12743628185907047	-0.16941529235382308	122.0	6044.921875	-0.1829085457271364	-113.0	30.054166565608465	33386.0	12672.0	-386.3414634146342	812059.0	24782.073974609375	-64.39024390243902	-5408.0	2112.0	164.87804878048783	3721.611721611722	2540.0	976.0	-2.3349282296650715	2716.0	1.1291866028708133	98.11294942459585	4783520.0	6.497607655502392	-472.0	
1900.0	9.141304347826086	1412.0	3.8369565217391304	2264.0	-0.11956521739130435	-81.0	0.12143928035982009	-0.19040479760119938	155.0	6054.6875	-0.23238380809595202	-127.0	30.054166565608465	33386.0	13003.0	-396.43292682926835	812379.0	24791.839599609375	-46.25000000000001	-6160.0	1517.0	187.8048780487805	3702.5641025641025	2527.0	916.0	-2.1913875598086126	3484.0	1.4066985645933014	98.11294942459585	4783520.0	8.33492822966507	-588.0	
1867.0	10.152173913043478	1319.0	4.195652173913043	2243.0	0.10869565217391304	-71.0	0.10644677661169415	-0.19490254872563717	177.0	6064.453125	-0.2653673163418291	-130.0	30.054166565608465	33386.0	13606.0	-414.81707317073176	812699.0	24801.605224609375	-28.231707317073173	-7774.0	926.0	237.01219512195124	3692.3076923076924	2520.0	856.0	-2.047846889952153	3760.0	1.9808612440191387	98.11294942459585	4783520.0	8.995215311004785	-828.0	
1845.0	10.597826086956522	1278.0	4.434782608695652	2229.0	0.2608695652173913	-63.0	0.0944527736131934	-0.21589205397301348	197.0	6074.21875	-0.29535232383808097	-144.0	30.054166565608465	33386.0	14310.0	-436.2804878048781	813019.0	24811.370849609375	-5.670731707317073	-9868.0	186.0	300.8536585365854	3720.1465201465203	2539.0	816.0	-1.9521531100478469	4080.0	2.200956937799043	98.11197731293578	4783616.0	9.760765550239235	-920.0	
1869.0	10.380434782608695	1298.0	4.173913043478261	2214.0	0.42391304347826086	-54.0	0.08095952023988005	-0.23088455772113942	220.0	6083.984375	-0.3298350824587706	-154.0	30.054166565608465	33386.0	14863.0	-453.14024390243907	813339.0	24821.136474609375	27.439024390243905	-11702.0	-900.0	356.76829268292687	3737.7289377289376	2551.0	788.0	-1.8851674641148324	4060.0	2.0191387559808613	98.11197731293578	4783616.0	9.71291866028708	-844.0	
1888.0	9.25	1402.0	3.967391304347826	2251.0	0.021739130434782608	-30.0	0.04497751124437781	-0.2353823088455772	247.0	6093.75	-0.3703148425787106	-157.0	30.054166565608465	33386.0	15278.0	-465.7926829268293	813659.0	24830.902099609375	70.79268292682927	-12985.0	-2322.0	395.88414634146346	3704.029304029304	2528.0	832.0	-1.9904306220095693	3588.0	1.6555023923444976	98.11197731293578	4783616.0	8.583732057416267	-692.0	
1863.0	8.347826086956522	1485.0	4.239130434782608	2237.0	0.17391304347826086	-10.0	0.014992503748125937	-0.24587706146926536	270.0	6103.515625	-0.4047976011994003	-164.0	30.054166565608465	33386.0	15465.0	-471.49390243902445	813979.0	24840.667724609375	118.10975609756099	-14158.0	-3874.0	431.6463414634147	3742.124542124542	2554.0	884.0	-2.114832535885167	3012.0	1.8660287081339713	98.11197731293578	4783616.0	7.205741626794258	-780.0	
1763.0	9.51086956521739	1378.0	5.326086956521739	2188.0	0.7065217391304348	11.0	-0.01649175412293853	-0.23238380809595202	291.0	6113.28125	-0.43628185907046474	-155.0	30.054166565608465	33386.0	15079.0	-459.7256097560976	814299.0	24850.433349609375	166.9817073170732	-15188.0	-5477.0	463.04878048780495	3699.6336996337	2525.0	648.0	-1.5502392344497606	3348.0	2.9952153110047846	98.11197731293578	4783616.0	8.009569377990431	-1252.0	
1602.0	12.565217391304348	1097.0	7.076086956521739	2089.0	1.7826086956521738	38.0	-0.05697151424287856	-0.23238380809595202	324.0	6123.046875	-0.48575712143928035	-155.0	30.054166565608465	33386.0	14295.0	-435.82317073170736	814619.0	24860.198974609375	219.39024390243904	-15950.0	-7196.0	486.2804878048781	3726.007326007326	2543.0	188.0	-0.4497607655502392	4708.0	4.947368421052631	98.11392153658176	4783424.0	11.263157894736842	-2068.0	
1434.0	14.391304347826086	929.0	8.902173913043478	2018.0	2.5543478260869565	61.0	-0.0914542728635682	-0.22188905547226387	353.0	6132.8125	-0.5292353823088456	-148.0	30.054166565608465	33386.0	13531.0	-412.5304878048781	814939.0	24869.964599609375	281.3109756097561	-15618.0	-9227.0	476.1585365853659	3709.89010989011	2532.0	-304.0	0.7272727272727273	5868.0	7.0143540669856455	98.11392153658176	4783424.0	14.038277511961722	-2932.0	
1354.0	10.66304347826087	1272.0	9.771739130434783	1994.0	2.8152173913043477	82.0	-0.12293853073463268	-0.20389805097451275	379.0	6142.578125	-0.568215892053973	-136.0	30.054166565608465	33386.0	13648.0	-416.0975609756098	815259.0	24879.730224609375	353.87195121951225	-13189.0	-11607.0	402.1036585365854	3714.285714285714	2535.0	-464.0	1.1100478468899522	4380.0	8.066985645933014	98.11392153658176	4783424.0	10.47846889952153	-3372.0	
1229.0	4.141304347826087	1872.0	11.130434782608695	1855.0	4.326086956521739	98.0	-0.14692653673163417	-0.18140929535232383	400.0	6152.34375	-0.5997001499250375	-121.0	30.054166565608465	33386.0	14172.0	-432.07317073170736	815579.0	24889.495849609375	386.9207317073171	-9691.0	-12691.0	295.45731707317077	3731.868131868132	2547.0	-1048.0	2.5071770334928227	1220.0	9.464114832535884	98.11392153658176	4783424.0	2.9186602870813396	-3956.0	
958.0	-0.75	2322.0	14.076086956521738	1659.0	6.456521739130435	105.0	-0.15742128935532235	-0.15592203898050974	427.0	6162.109375	-0.6401799100449775	-104.0	30.054166565608465	33386.0	13346.0	-406.89024390243907	815899.0	24899.261474609375	381.31097560975616	-5721.0	-12507.0	174.4207317073171	3745.054945054945	2556.0	-1912.0	4.574162679425837	-1364.0	13.138755980861243	98.11392153658176	4783424.0	-3.263157894736842	-5492.0	
554.0	-1.0978260869565217	2354.0	18.467391304347824	1438.0	8.858695652173912	109.0	-0.1634182908545727	-0.13793103448275862	462.0	6171.875	-0.6926536731634183	-92.0	30.054166565608465	33386.0	10476.0	-319.39024390243907	816219.0	24909.027099609375	361.5853658536586	-197.0	-11860.0	6.00609756097561	3721.611721611722	2540.0	-3152.0	7.5406698564593295	-1600.0	18.516746411483254	98.11570374273546	4783248.0	-3.827751196172249	-7740.0	
192.0	2.8152173913043477	1994.0	22.402173913043477	1235.0	11.065217391304348	93.0	-0.1394302848575712	-0.11244377811094453	479.0	6181.640625	-0.7181409295352323	-75.0	30.054166565608465	33386.0	8795.0	-268.14024390243907	816539.0	24918.792724609375	332.7439024390244	4546.0	-10914.0	-138.59756097560978	3724.542124542125	2542.0	-4072.0	9.741626794258373	616.0	23.062200956937797	98.11570374273546	4783248.0	1.4736842105263157	-9640.0	
4.0	10.728260869565217	1266.0	24.445652173913043	1060.0	12.967391304347826	76.0	-0.11394302848575712	-0.09895052473763118	497.0	6191.40625	-0.7451274362818591	-66.0	30.054166565608465	33386.0	8078.0	-246.28048780487808	816859.0	24928.558349609375	290.2439024390244	6430.0	-9520.0	-196.03658536585368	3708.4249084249086	2531.0	-4840.0	11.578947368421051	4576.0	25.196172248803826	98.11570374273546	4783248.0	10.947368421052632	-10532.0	
9.0	18.34782608695652	565.0	24.391304347826086	1040.0	13.184782608695652	60.0	-0.08995502248875561	-0.095952023988006	512.0	6201.171875	-0.767616191904048	-64.0	30.054166565608465	33386.0	7696.0	-234.63414634146343	817179.0	24938.323974609375	270.3048780487805	6821.0	-8866.0	-207.95731707317074	3723.0769230769233	2541.0	-4860.0	11.626794258373206	8088.0	24.74641148325359	98.11570374273546	4783248.0	19.349282296650717	-10344.0	
104.0	21.304347826086957	293.0	23.358695652173914	1126.0	12.25	39.0	-0.05847076461769115	-0.0914542728635682	524.0	6210.9375	-0.7856071964017991	-61.0	30.054166565608465	33386.0	7746.0	-236.15853658536588	817499.0	24948.089599609375	249.72560975609758	6051.0	-8191.0	-184.4817073170732	3699.6336996337	2525.0	-4624.0	11.062200956937799	8916.0	24.086124401913874	98.11570374273546	4783248.0	21.330143540669855	-10068.0	
345.0	19.02173913043478	503.0	20.73913043478261	1253.0	10.869565217391305	23.0	-0.034482758620689655	-0.07346326836581708	540.0	6220.703125	-0.8095952023988006	-49.0	30.054166565608465	33386.0	7309.0	-222.83536585365854	817819.0	24957.855224609375	220.3048780487805	5606.0	-7226.0	-170.91463414634148	3693.772893772894	2521.0	-3996.0	9.559808612440191	8484.0	21.55023923444976	98.11894412036611	4782928.0	20.296650717703347	-9008.0	
535.0	15.695652173913043	809.0	18.67391304347826	1343.0	9.891304347826086	8.0	-0.01199400299850075	-0.07346326836581708	547.0	6230.46875	-0.8200899550224887	-49.0	30.054166565608465	33386.0	6176.0	-188.2926829268293	818139.0	24967.620849609375	201.64634146341464	5709.0	-6614.0	-174.0548780487805	3721.611721611722	2540.0	-3508.0	8.392344497607656	6648.0	18.89952153110048	98.11894412036611	4782928.0	15.904306220095693	-7900.0	
688.0	12.945652173913043	1062.0	17.01086956521739	1378.0	9.51086956521739	-6.0	0.008995502248875561	-0.05847076461769115	562.0	6240.234375	-0.8425787106446776	-39.0	30.054166565608465	33386.0	5687.0	-173.38414634146343	818459.0	24977.386474609375	180.4878048780488	6602.0	-5920.0	-201.28048780487808	3740.6593406593406	2553.0	-3228.0	7.722488038277512	5264.0	16.870813397129186	98.11894412036611	4782928.0	12.593301435406698	-7052.0	
781.0	12.945652173913043	1062.0	16.0	1403.0	9.23913043478261	-23.0	0.034482758620689655	-0.046476761619190406	558.0	6250.0	-0.8365817091454273	-31.0	30.054166565608465	33386.0	4917.0	-149.90853658536588	818779.0	24987.152099609375	158.78048780487805	7009.0	-5208.0	-213.68902439024393	3714.285714285714	2535.0	-3168.0	7.578947368421052	4948.0	15.789473684210526	98.11894412036611	4782928.0	11.837320574162678	-6600.0	
889.0	13.304347826086957	1029.0	14.826086956521738	1331.0	10.021739130434783	-36.0	0.05397301349325337	-0.031484257871064465	568.0	6259.765625	-0.8515742128935532	-21.0	30.054166565608465	33386.0	4343.0	-132.40853658536585	819099.0	24996.917724609375	129.63414634146343	7715.0	-4252.0	-235.21341463414637	3736.2637362637365	2550.0	-3196.0	7.645933014354067	5292.0	14.30622009569378	98.11894412036611	4782928.0	12.660287081339712	-5980.0	
934.0	11.826086956521738	1165.0	14.33695652173913	1098.0	12.554347826086957	-48.0	0.07196401799100449	-0.025487256371814093	577.0	6269.53125	-0.8650674662668666	-17.0	30.054166565608465	33386.0	4166.0	-127.01219512195124	819419.0	25006.683349609375	87.31707317073172	9310.0	-2864.0	-283.8414634146342	3701.0989010989015	2526.0	-4492.0	10.746411483253588	4828.0	13.808612440191387	98.11829604455036	4782992.0	11.55023923444976	-5772.0	
1082.0	9.75	1356.0	12.728260869565217	1091.0	12.630434782608695	-58.0	0.08695652173913043	-0.008995502248875561	575.0	6279.296875	-0.8620689655172413	-6.0	30.054166565608465	33386.0	4298.0	-131.03658536585368	819739.0	25016.448974609375	46.554878048780495	10697.0	-1527.0	-326.12804878048786	3715.7509157509157	2536.0	-4604.0	11.014354066985646	3716.0	12.095693779904305	98.11829604455036	4782992.0	8.889952153110048	-5056.0	
1260.0	10.326086956521738	1303.0	10.793478260869565	1209.0	11.347826086956522	-81.0	0.12143928035982009	0.0014992503748125937	575.0	6289.0625	-0.8620689655172413	1.0	30.054166565608465	33386.0	3742.0	-114.08536585365854	820059.0	25026.214599609375	16.890243902439025	11551.0	-554.0	-352.1646341463415	3714.285714285714	2535.0	-4132.0	9.885167464114833	3752.0	9.84688995215311	98.11829604455036	4782992.0	8.976076555023923	-4116.0	
1382.0	13.521739130434781	1009.0	9.467391304347826	1338.0	9.945652173913043	-79.0	0.1184407796101949	0.013493253373313342	585.0	6298.828125	-0.8770614692653673	9.0	30.054166565608465	33386.0	2253.0	-68.68902439024392	820379.0	25035.980224609375	-5.640243902439025	11433.0	185.0	-348.56707317073176	3709.89010989011	2532.0	-3500.0	8.373205741626794	5092.0	8.229665071770334	98.11829604455036	4782992.0	12.181818181818182	-3440.0	
1451.0	18.141304347826086	584.0	8.717391304347826	1482.0	8.380434782608695	-92.0	0.13793103448275862	0.022488755622188904	586.0	6308.59375	-0.8785607196401799	15.0	30.054166565608465	33386.0	675.0	-20.57926829268293	820699.0	25045.745849609375	-29.939024390243905	10098.0	982.0	-307.8658536585366	3730.4029304029305	2546.0	-2640.0	6.315789473684211	7396.0	7.301435406698564	98.11829604455036	4782992.0	17.69377990430622	-3052.0	
1561.0	20.956521739130434	325.0	7.521739130434782	1497.0	8.217391304347826	-99.0	0.14842578710644677	0.035982008995502246	583.0	6318.359375	-0.8740629685157421	24.0	30.06907949282322	33389.0	928.0	-28.292682926829272	821019.0	25055.511474609375	-52.865853658536594	7484.0	1734.0	-228.1707317073171	3737.7289377289376	2551.0	-2504.0	5.990430622009569	8924.0	5.904306220095694	98.1208138933559	4782992.0	21.349282296650717	-2468.0	
1710.0	22.57608695652174	176.0	5.9021739130434785	1534.0	7.815217391304348	-100.0	0.14992503748125938	0.038980509745127435	585.0	6328.125	-0.8770614692653673	26.0	30.06907949282322	33389.0	1140.0	-34.75609756097561	821339.0	25065.277099609375	-44.78658536585366	4229.0	1469.0	-128.9329268292683	3711.3553113553116	2533.0	-2500.0	5.980861244019138	9608.0	3.9330143540669855	98.1208138933559	4782992.0	22.985645933014354	-1644.0	
1829.0	21.434782608695652	281.0	4.608695652173913	1559.0	7.543478260869565	-104.0	0.15592203898050974	0.041979010494752625	581.0	6337.890625	-0.8710644677661169	28.0	30.06907949282322	33389.0	609.0	-18.56707317073171	821659.0	25075.042724609375	-25.457317073170735	1314.0	835.0	-40.0609756097561	3723.0769230769233	2541.0	-2380.0	5.69377990430622	8884.0	2.5167464114832536	98.1208138933559	4782992.0	21.25358851674641	-1052.0	
1832.0	19.152173913043477	491.0	4.576086956521739	1598.0	7.119565217391304	-99.0	0.14842578710644677	0.041979010494752625	589.0	6347.65625	-0.8830584707646176	28.0	30.06907949282322	33389.0	-82.0	2.5000000000000004	821979.0	25084.808349609375	-15.182926829268293	-635.0	498.0	19.35975609756098	3711.3553113553116	2533.0	-2172.0	5.196172248803827	7748.0	2.727272727272727	98.1208138933559	4782992.0	18.535885167464116	-1140.0	
1753.0	17.141304347826086	676.0	5.434782608695652	1636.0	6.706521739130435	-97.0	0.1454272863568216	0.04047976011994003	584.0	6357.421875	-0.8755622188905547	27.0	30.06907949282322	33389.0	-769.0	23.445121951219516	822299.0	25094.573974609375	-12.500000000000002	-1694.0	410.0	51.646341463414636	3715.7509157509157	2536.0	-2024.0	4.842105263157895	6832.0	3.866028708133971	98.1208138933559	4782992.0	16.3444976076555	-1616.0	
1656.0	15.978260869565217	783.0	6.489130434782608	1657.0	6.478260869565217	-97.0	0.1454272863568216	0.050974512743628186	586.0	6367.1875	-0.8785607196401799	34.0	30.06907949282322	33389.0	-1240.0	37.804878048780495	822619.0	25104.339599609375	-15.76219512195122	-2298.0	517.0	70.0609756097561	3702.5641025641025	2527.0	-1972.0	4.717703349282297	6540.0	4.45933014354067	98.12956314234039	4782128.0	15.645933014354066	-1864.0	
1584.0	15.456521739130434	831.0	7.271739130434782	1631.0	6.760869565217391	-93.0	0.1394302848575712	0.035982008995502246	587.0	6376.953125	-0.8800599700149925	24.0	30.06907949282322	33389.0	-1594.0	48.59756097560976	822939.0	25114.105224609375	-22.926829268292686	-2470.0	752.0	75.3048780487805	3704.029304029304	2528.0	-2036.0	4.8708133971291865	6276.0	5.5311004784688995	98.12956314234039	4782128.0	15.014354066985645	-2312.0	
1534.0	15.032608695652174	870.0	7.815217391304348	1617.0	6.913043478260869	-92.0	0.13793103448275862	0.035982008995502246	596.0	6386.71875	-0.8935532233883058	24.0	30.06907949282322	33389.0	-2088.0	63.65853658536586	823259.0	25123.870849609375	-28.323170731707318	-2333.0	929.0	71.12804878048782	3721.611721611722	2540.0	-2096.0	5.0143540669856455	6108.0	6.1913875598086126	98.12956314234039	4782128.0	14.61244019138756	-2588.0	
1494.0	14.0	965.0	8.25	1596.0	7.141304347826087	-94.0	0.1409295352323838	0.02848575712143928	587.0	6396.484375	-0.8800599700149925	19.0	30.06907949282322	33389.0	-2997.0	91.3719512195122	823579.0	25133.636474609375	-39.81707317073171	-1675.0	1306.0	51.06707317073171	3737.7289377289376	2551.0	-2148.0	5.1387559808612435	5616.0	6.822966507177033	98.12956314234039	4782128.0	13.435406698564593	-2852.0	
1473.0	13.51086956521739	1010.0	8.478260869565217	1616.0	6.923913043478261	-87.0	0.13043478260869565	0.02848575712143928	583.0	6406.25	-0.8740629685157421	19.0	30.06907949282322	33389.0	-3486.0	106.28048780487806	823899.0	25143.402099609375	-47.5609756097561	-1087.0	1560.0	33.140243902439025	3709.89010989011	2532.0	-2156.0	5.157894736842105	5332.0	6.918660287081339	98.12956314234039	4782128.0	12.75598086124402	-2892.0	
1402.0	13.967391304347826	968.0	9.25	1617.0	6.913043478260869	-77.0	0.11544227886056971	0.0074962518740629685	583.0	6416.015625	-0.8740629685157421	5.0	30.06907949282322	33389.0	-4313.0	131.4939024390244	824219.0	25153.167724609375	-53.26219512195122	-433.0	1747.0	13.201219512195124	3742.124542124542	2554.0	-2148.0	5.1387559808612435	5472.0	7.8086124401913874	98.12535053768288	4782544.0	13.09090909090909	-3264.0	
1374.0	13.739130434782608	989.0	9.554347826086957	1648.0	6.576086956521739	-82.0	0.12293853073463268	0.0	583.0	6425.78125	-0.8740629685157421	0.0	30.06907949282322	33389.0	-4913.0	149.78658536585368	824539.0	25162.933349609375	-67.8048780487805	408.0	2224.0	-12.439024390243903	3736.2637362637365	2550.0	-2004.0	4.794258373205741	5488.0	8.229665071770334	98.12535053768288	4782544.0	13.129186602870814	-3440.0	
1335.0	13.217391304347826	1037.0	9.978260869565217	1692.0	6.0978260869565215	-79.0	0.1184407796101949	-0.0074962518740629685	576.0	6435.546875	-0.8635682158920539	-5.0	30.06907949282322	33389.0	-5337.0	162.71341463414635	824859.0	25172.698974609375	-61.64634146341464	1470.0	2022.0	-44.81707317073171	3720.1465201465203	2539.0	-1876.0	4.488038277511961	5216.0	8.564593301435407	98.12535053768288	4782544.0	12.47846889952153	-3580.0	
1293.0	13.83695652173913	980.0	10.434782608695652	1743.0	5.543478260869565	-76.0	0.11394302848575712	-0.017991004497751123	574.0	6445.3125	-0.8605697151424287	-12.0	30.06907949282322	33389.0	-6026.0	183.71951219512198	825179.0	25182.464599609375	-74.17682926829269	2338.0	2433.0	-71.28048780487805	3712.820512820513	2534.0	-1644.0	3.9330143540669855	5436.0	9.320574162679426	98.12535053768288	4782544.0	13.004784688995215	-3896.0	
1209.0	14.304347826086957	937.0	11.347826086956522	1792.0	5.010869565217392	-78.0	0.1169415292353823	-0.034482758620689655	566.0	6455.078125	-0.848575712143928	-23.0	30.06907949282322	33389.0	-6644.0	202.56097560975613	825499.0	25192.230224609375	-63.32317073170732	3358.0	2077.0	-102.37804878048782	3711.3553113553116	2533.0	-1372.0	3.2822966507177034	5680.0	10.153110047846889	98.12535053768288	4782544.0	13.588516746411482	-4244.0	
1128.0	15.41304347826087	835.0	12.228260869565217	1838.0	4.510869565217392	-78.0	0.1169415292353823	-0.04047976011994003	558.0	6464.84375	-0.8365817091454273	-27.0	30.06907949282322	33389.0	-7795.0	237.65243902439028	825819.0	25201.995849609375	-76.15853658536587	4254.0	2498.0	-129.69512195121953	3737.7289377289376	2551.0	-1040.0	2.488038277511962	6172.0	11.291866028708133	98.12324423764859	4782752.0	14.765550239234448	-4720.0	
1111.0	15.293478260869565	846.0	12.41304347826087	1892.0	3.9239130434782608	-76.0	0.11394302848575712	-0.05697151424287856	556.0	6474.609375	-0.833583208395802	-38.0	30.06907949282322	33389.0	-8297.0	252.95731707317074	826139.0	25211.761474609375	-61.82926829268293	5435.0	2028.0	-165.70121951219514	3742.124542124542	2554.0	-848.0	2.028708133971292	6152.0	11.39712918660287	98.12324423764859	4782752.0	14.717703349282296	-4764.0	
1081.0	15.576086956521738	820.0	12.739130434782608	1944.0	3.358695652173913	-79.0	0.1184407796101949	-0.07346326836581708	551.0	6484.375	-0.8260869565217391	-49.0	30.06907949282322	33389.0	-9036.0	275.4878048780488	826459.0	25221.527099609375	-50.36585365853659	6234.0	1652.0	-190.06097560975613	3712.820512820513	2534.0	-572.0	1.368421052631579	6252.0	11.837320574162678	98.12324423764859	4782752.0	14.956937799043061	-4948.0	
1079.0	16.07608695652174	774.0	12.76086956521739	2003.0	2.717391304347826	-84.0	0.12593703148425786	-0.0914542728635682	540.0	6494.140625	-0.8095952023988006	-61.0	30.06907949282322	33389.0	-9745.0	297.1036585365854	826779.0	25231.292724609375	-38.90243902439025	6942.0	1276.0	-211.64634146341464	3726.007326007326	2543.0	-284.0	0.6794258373205742	6512.0	11.741626794258373	98.12324423764859	4782752.0	15.578947368421051	-4908.0	
1089.0	16.956521739130434	693.0	12.652173913043478	2050.0	2.2065217391304346	-86.0	0.12893553223388304	-0.10494752623688156	528.0	6503.90625	-0.7916041979010494	-70.0	30.06907949282322	33389.0	-10404.0	317.19512195121956	827099.0	25241.058349609375	-22.59146341463415	7454.0	741.0	-227.25609756097563	3711.3553113553116	2533.0	-64.0	0.15311004784688995	6944.0	11.607655502392344	98.12324423764859	4782752.0	16.61244019138756	-4852.0	
1100.0	17.684782608695652	626.0	12.532608695652174	2137.0	1.2608695652173914	-94.0	0.1409295352323838	-0.1199400299850075	524.0	6513.671875	-0.7856071964017991	-80.0	30.06907949282322	33389.0	-10965.0	334.2987804878049	827419.0	25250.823974609375	-7.378048780487806	8219.0	242.0	-250.57926829268294	3714.285714285714	2535.0	384.0	-0.9186602870813396	7240.0	11.4066985645933	98.12259614563808	4782816.0	17.320574162679424	-4768.0	
1087.0	18.08695652173913	589.0	12.67391304347826	2250.0	0.03260869565217391	-106.0	0.15892053973013492	-0.13043478260869565	505.0	6523.4375	-0.7571214392803598	-87.0	30.06907949282322	33389.0	-11527.0	351.4329268292683	827739.0	25260.589599609375	17.896341463414636	9116.0	-587.0	-277.9268292682927	3709.89010989011	2532.0	664.0	-1.588516746411483	7280.0	11.502392344497608	98.12259614563808	4782816.0	17.41626794258373	-4808.0	
1094.0	18.815217391304348	522.0	12.597826086956522	2361.0	-1.1739130434782608	-120.0	0.17991004497751123	-0.13793103448275862	491.0	6533.203125	-0.7361319340329835	-92.0	30.06907949282322	33389.0	-12273.0	374.1768292682927	828059.0	25270.355224609375	44.78658536585366	9348.0	-1469.0	-285.0	3706.959706959707	2530.0	1232.0	-2.9473684210526314	7584.0	11.54066985645933	98.12259614563808	4782816.0	18.14354066985646	-4824.0	
1129.0	19.413043478260867	467.0	12.217391304347826	2408.0	-1.684782608695652	-131.0	0.19640179910044978	-0.15742128935532235	472.0	6542.96875	-0.7076461769115442	-105.0	30.06907949282322	33389.0	-12557.0	382.8353658536586	828379.0	25280.120849609375	76.12804878048782	8920.0	-2497.0	-271.95121951219517	3714.285714285714	2535.0	1600.0	-3.827751196172249	7992.0	11.081339712918659	98.12259614563808	4782816.0	19.119617224880383	-4632.0	
1141.0	19.73913043478261	437.0	12.08695652173913	2462.0	-2.2717391304347827	-146.0	0.21889055472263869	-0.1649175412293853	462.0	6552.734375	-0.6926536731634183	-110.0	30.06907949282322	33389.0	-12471.0	380.2134146341464	828699.0	25289.886474609375	104.0548780487805	8325.0	-3413.0	-253.81097560975613	3734.798534798535	2549.0	1848.0	-4.421052631578947	8188.0	10.803827751196172	98.12259614563808	4782816.0	19.588516746411482	-4516.0	
1150.0	19.554347826086957	454.0	11.989130434782608	2565.0	-3.391304347826087	-161.0	0.24137931034482757	-0.17091454272863568	432.0	6562.5	-0.6476761619190404	-114.0	30.06907949282322	33389.0	-12728.0	388.0487804878049	829019.0	25299.652099609375	121.03658536585367	7798.0	-3970.0	-237.74390243902442	3709.89010989011	2532.0	2320.0	-5.55023923444976	8144.0	10.76555023923445	98.11919366495881	4783152.0	19.483253588516746	-4500.0	
1162.0	18.619565217391305	540.0	11.858695652173912	2633.0	-4.130434782608695	-177.0	0.2653673163418291	-0.17841079460269865	422.0	6572.265625	-0.6326836581709145	-119.0	30.06907949282322	33389.0	-12857.0	391.9817073170732	829339.0	25309.417724609375	142.25609756097563	7795.0	-4666.0	-237.65243902439028	3742.124542124542	2554.0	2768.0	-6.62200956937799	7744.0	10.497607655502392	98.11919366495881	4783152.0	18.526315789473685	-4388.0	
1194.0	17.456521739130434	647.0	11.51086956521739	2736.0	-5.25	-192.0	0.28785607196401797	-0.1829085457271364	398.0	6582.03125	-0.5967016491754122	-122.0	30.06907949282322	33389.0	-12842.0	391.5243902439025	829659.0	25319.183349609375	161.859756097561	7939.0	-5309.0	-242.0426829268293	3699.6336996337	2525.0	3200.0	-7.655502392344498	7188.0	10.239234449760765	98.11919366495881	4783152.0	17.196172248803826	-4280.0	
1290.0	16.51086956521739	734.0	10.467391304347826	2778.0	-5.706521739130435	-199.0	0.2983508245877061	-0.1829085457271364	374.0	6591.796875	-0.56071964017991	-122.0	30.06907949282322	33389.0	-12696.0	387.07317073170736	829979.0	25328.948974609375	184.90853658536588	7784.0	-6065.0	-237.31707317073173	3721.611721611722	2540.0	3428.0	-8.200956937799043	6720.0	9.119617224880383	98.11919366495881	4783152.0	16.076555023923444	-3812.0	
1403.0	15.869565217391305	793.0	9.23913043478261	2821.0	-6.173913043478261	-211.0	0.31634182908545727	-0.1679160419790105	355.0	6601.5625	-0.5322338830584707	-112.0	30.06907949282322	33389.0	-12397.0	377.95731707317077	830299.0	25338.714599609375	209.20731707317074	7238.0	-6862.0	-220.6707317073171	3714.285714285714	2535.0	3612.0	-8.641148325358852	6392.0	7.645933014354067	98.11919366495881	4783152.0	15.291866028708133	-3196.0	
1486.0	15.217391304347826	853.0	8.33695652173913	2804.0	-5.989130434782608	-221.0	0.3313343328335832	-0.1619190404797601	326.0	6611.328125	-0.48875562218890556	-108.0	30.06907949282322	33389.0	-12174.0	371.1585365853659	830619.0	25348.480224609375	231.37195121951223	6251.0	-7589.0	-190.57926829268294	3712.820512820513	2534.0	3568.0	-8.535885167464114	6104.0	6.574162679425837	98.1177354601753	4783296.0	14.602870813397129	-2748.0	
1523.0	14.728260869565217	898.0	7.934782608695652	2782.0	-5.75	-233.0	0.3493253373313343	-0.1649175412293853	303.0	6621.09375	-0.4542728635682159	-110.0	30.06907949282322	33389.0	-12012.0	366.219512195122	830939.0	25358.245849609375	251.70731707317074	5177.0	-8256.0	-157.83536585365854	3724.542124542125	2542.0	3452.0	-8.258373205741627	5872.0	6.0765550239234445	98.1177354601753	4783296.0	14.047846889952153	-2540.0	
1524.0	13.934782608695652	971.0	7.923913043478261	2736.0	-5.25	-239.0	0.3583208395802099	-0.15142428785607195	280.0	6630.859375	-0.4197901049475262	-101.0	30.06907949282322	33389.0	-11690.0	356.4024390243903	831259.0	25368.011474609375	264.4207317073171	4151.0	-8673.0	-126.5548780487805	3726.007326007326	2543.0	3252.0	-7.779904306220096	5532.0	6.057416267942584	98.1177354601753	4783296.0	13.23444976076555	-2532.0	
1544.0	12.75	1080.0	7.706521739130435	2722.0	-5.0978260869565215	-243.0	0.36431784107946025	-0.13793103448275862	262.0	6640.625	-0.39280359820089955	-92.0	30.06907949282322	33389.0	-11326.0	345.3048780487805	831579.0	25377.777099609375	275.0609756097561	3437.0	-9022.0	-104.78658536585367	3731.868131868132	2547.0	3168.0	-7.578947368421052	4980.0	5.885167464114832	98.1177354601753	4783296.0	11.913875598086124	-2460.0	
1591.0	11.576086956521738	1188.0	7.195652173913043	2721.0	-5.08695652173913	-243.0	0.36431784107946025	-0.13193403298350825	238.0	6650.390625	-0.3568215892053973	-88.0	30.06907949282322	33389.0	-11017.0	335.88414634146346	831899.0	25387.542724609375	287.6524390243903	2686.0	-9435.0	-81.89024390243904	3727.4725274725274	2544.0	3180.0	-7.607655502392344	4408.0	5.186602870813397	98.1177354601753	4783296.0	10.545454545454545	-2168.0	
1635.0	10.532608695652174	1284.0	6.717391304347826	2685.0	-4.695652173913043	-241.0	0.3613193403298351	-0.11544227886056971	203.0	6660.15625	-0.3043478260869565	-77.0	30.06907949282322	33389.0	-10824.0	330.00000000000006	832219.0	25397.308349609375	304.7865853658537	1758.0	-9997.0	-53.59756097560976	3704.029304029304	2528.0	2940.0	-7.033492822966507	3952.0	4.755980861244019	98.11822152835502	4783248.0	9.454545454545455	-1988.0	
1658.0	9.989130434782608	1334.0	6.467391304347826	2621.0	-4.0	-238.0	0.3568215892053973	-0.10344827586206896	181.0	6669.921875	-0.27136431784107945	-69.0	30.06907949282322	33389.0	-10414.0	317.50000000000006	832539.0	25407.073974609375	317.8353658536586	1095.0	-10425.0	-33.38414634146342	3720.1465201465203	2539.0	2528.0	-6.047846889952153	3772.0	4.45933014354067	98.11822152835502	4783248.0	9.023923444976075	-1864.0	
1676.0	9.641304347826086	1366.0	6.271739130434782	2513.0	-2.8260869565217392	-234.0	0.35082458770614694	-0.08845577211394302	157.0	6679.6875	-0.2353823088455772	-59.0	30.06907949282322	33389.0	-9798.0	298.719512195122	832859.0	25416.839599609375	324.51219512195127	100.0	-10644.0	-3.0487804878048785	3721.611721611722	2540.0	2196.0	-5.253588516746412	3700.0	4.325358851674641	98.11822152835502	4783248.0	8.851674641148325	-1808.0	
1684.0	8.815217391304348	1442.0	6.184782608695652	2434.0	-1.967391304347826	-230.0	0.3448275862068965	-0.07496251874062969	137.0	6689.453125	-0.20539730134932532	-50.0	30.06907949282322	33389.0	-9360.0	285.3658536585366	833179.0	25426.605224609375	327.13414634146346	-954.0	-10730.0	29.08536585365854	3702.5641025641025	2527.0	1804.0	-4.315789473684211	3356.0	4.315789473684211	98.11822152835502	4783248.0	8.028708133971291	-1804.0	
1694.0	8.119565217391305	1506.0	6.076086956521739	2418.0	-1.7934782608695652	-213.0	0.3193403298350824	-0.07646176911544228	106.0	6699.21875	-0.15892053973013492	-51.0	30.06907949282322	33389.0	-9157.0	279.1768292682927	833499.0	25436.370849609375	327.0426829268293	-1825.0	-10727.0	55.64024390243903	3717.2161172161173	2537.0	1728.0	-4.133971291866029	2992.0	4.2105263157894735	98.11822152835502	4783248.0	7.157894736842105	-1760.0	
1718.0	7.4021739130434785	1572.0	5.815217391304348	2387.0	-1.4565217391304348	-205.0	0.3073463268365817	-0.05997001499250375	90.0	6708.984375	-0.13493253373313344	-40.0	30.06907949282322	33389.0	-8916.0	271.82926829268297	833819.0	25446.136474609375	325.76219512195127	-2477.0	-10685.0	75.51829268292684	3734.798534798535	2549.0	1624.0	-3.8851674641148324	2688.0	3.913875598086124	98.11692534672349	4783376.0	6.430622009569378	-1636.0	
1731.0	6.684782608695652	1638.0	5.673913043478261	2347.0	-1.0217391304347825	-189.0	0.2833583208395802	-0.04497751124437781	80.0	6718.75	-0.1199400299850075	-30.0	30.06907949282322	33389.0	-8597.0	262.1036585365854	834139.0	25455.902099609375	318.68902439024396	-3052.0	-10453.0	93.04878048780489	3711.3553113553116	2533.0	1424.0	-3.4066985645933014	2368.0	3.7224880382775116	98.11692534672349	4783376.0	5.665071770334928	-1556.0	
1753.0	5.956521739130435	1705.0	5.434782608695652	2309.0	-0.6086956521739131	-172.0	0.2578710644677661	-0.034482758620689655	57.0	6728.515625	-0.08545727136431784	-23.0	30.06907949282322	33389.0	-8263.0	251.9207317073171	834459.0	25465.667724609375	306.4329268292683	-3353.0	-10051.0	102.22560975609757	3720.1465201465203	2539.0	1232.0	-2.9473684210526314	2028.0	3.54066985645933	98.11692534672349	4783376.0	4.851674641148326	-1480.0	
1800.0	4.989130434782608	1794.0	4.923913043478261	2310.0	-0.6195652173913043	-157.0	0.2353823088455772	-0.0239880059970015	43.0	6738.28125	-0.06446776611694152	-16.0	30.06907949282322	33389.0	-8025.0	244.66463414634148	834779.0	25475.433349609375	295.9146341463415	-3262.0	-9706.0	99.45121951219514	3701.0989010989015	2526.0	1212.0	-2.8995215311004783	1600.0	2.976076555023923	98.11692534672349	4783376.0	3.827751196172249	-1244.0	
1846.0	4.119565217391305	1874.0	4.423913043478261	2270.0	-0.18478260869565216	-133.0	0.19940029985007496	-0.004497751124437781	31.0	6748.046875	-0.046476761619190406	-3.0	30.06907949282322	33389.0	-7724.0	235.4878048780488	835099.0	25485.198974609375	285.2134146341464	-2933.0	-9355.0	89.42073170731709	3728.937728937729	2545.0	1036.0	-2.478468899521531	1172.0	2.4210526315789473	98.11692534672349	4783376.0	2.803827751196172	-1012.0	
1885.0	3.184782608695652	1960.0	4.0	2221.0	0.34782608695652173	-121.0	0.18140929535232383	0.013493253373313342	23.0	6757.8125	-0.034482758620689655	9.0	30.06907949282322	33389.0	-7279.0	221.9207317073171	835419.0	25494.964599609375	272.3780487804878	-2261.0	-8934.0	68.9329268292683	3718.6813186813188	2538.0	744.0	-1.7799043062200957	672.0	1.9617224880382775	98.116439278761	4783424.0	1.6076555023923444	-820.0	
1920.0	2.0543478260869565	2064.0	3.619565217391304	2149.0	1.1304347826086956	-110.0	0.1649175412293853	0.017991004497751123	3.0	6767.578125	-0.004497751124437781	12.0	30.06907949282322	33389.0	-6797.0	207.22560975609758	835739.0	25504.730224609375	258.9024390243903	-1478.0	-8492.0	45.0609756097561	3706.959706959707	2530.0	428.0	-1.0239234449760766	220.0	1.5023923444976075	98.116439278761	4783424.0	0.5263157894736842	-628.0	
1963.0	1.5978260869565217	2106.0	3.152173913043478	2078.0	1.9021739130434783	-94.0	0.1409295352323838	0.04047976011994003	1.0	6777.34375	-0.0014992503748125937	27.0	30.06907949282322	33389.0	-6329.0	192.95731707317074	836059.0	25514.495849609375	244.57317073170734	-512.0	-8022.0	15.609756097560977	3745.054945054945	2556.0	164.0	-0.3923444976076555	-32.0	0.985645933014354	98.116439278761	4783424.0	-0.07655502392344497	-412.0	
2004.0	1.6630434782608696	2100.0	2.7065217391304346	2033.0	2.391304347826087	-85.0	0.12743628185907047	0.05247376311844078	-4.0	6787.109375	0.005997001499250375	35.0	30.06907949282322	33389.0	-5928.0	180.7317073170732	836379.0	25524.261474609375	230.3048780487805	469.0	-7554.0	-14.29878048780488	3726.007326007326	2543.0	-120.0	0.28708133971291866	12.0	0.507177033492823	98.116439278761	4783424.0	0.028708133971291863	-212.0	
2026.0	2.0978260869565215	2060.0	2.467391304347826	1989.0	2.869565217391304	-69.0	0.10344827586206896	0.06596701649175413	-14.0	6796.875	0.020989505247376312	44.0	30.06907949282322	33389.0	-5300.0	161.58536585365854	836699.0	25534.027099609375	216.15853658536588	1238.0	-7090.0	-37.743902439024396	3715.7509157509157	2536.0	-376.0	0.8995215311004784	276.0	0.21052631578947367	98.116439278761	4783424.0	0.6602870813397129	-88.0	
2029.0	2.684782608695652	2006.0	2.4347826086956523	1918.0	3.641304347826087	-62.0	0.09295352323838081	0.0704647676161919	-15.0	6806.640625	0.022488755622188904	47.0	30.06907949282322	33389.0	-4847.0	147.77439024390245	837019.0	25543.792724609375	200.70121951219514	1700.0	-6583.0	-51.82926829268293	3730.4029304029305	2546.0	-688.0	1.645933014354067	528.0	0.14354066985645933	98.11627725612495	4783440.0	1.263157894736842	-60.0	
2044.0	3.0217391304347827	1975.0	2.2717391304347827	1870.0	4.163043478260869	-53.0	0.07946026986506746	0.08545727136431784	-21.0	6816.40625	0.031484257871064465	57.0	30.06907949282322	33389.0	-4584.0	139.75609756097563	837339.0	25553.558349609375	184.359756097561	1967.0	-6047.0	-59.96951219512196	3696.703296703297	2523.0	-928.0	2.2200956937799043	640.0	0.09569377990430622	98.11627725612495	4783440.0	1.5311004784688995	-40.0	
2052.0	3.119565217391304	1966.0	2.1847826086956523	1833.0	4.565217391304348	-45.0	0.06746626686656672	0.09895052473763118	-24.0	6826.171875	0.035982008995502246	66.0	30.06907949282322	33389.0	-3899.0	118.87195121951221	837659.0	25563.323974609375	165.4268292682927	1985.0	-5426.0	-60.518292682926834	3726.007326007326	2543.0	-1268.0	3.0334928229665072	680.0	-0.009569377990430622	98.11627725612495	4783440.0	1.6267942583732056	4.0	
2070.0	3.1630434782608696	1962.0	1.9891304347826086	1803.0	4.891304347826087	-32.0	0.047976011994003	0.11094452773613193	-30.0	6835.9375	0.04497751124437781	74.0	30.06907949282322	33389.0	-3422.0	104.32926829268294	837979.0	25573.089599609375	146.58536585365854	1807.0	-4808.0	-55.09146341463415	3726.007326007326	2543.0	-1160.0	2.77511961722488	712.0	-0.21052631578947367	98.11627725612495	4783440.0	1.7033492822966507	88.0	
2080.0	3.141304347826087	1964.0	1.8804347826086956	1788.0	5.054347826086956	-31.0	0.046476761619190406	0.1184407796101949	-23.0	6845.703125	0.034482758620689655	79.0	30.06907949282322	33389.0	-2993.0	91.25000000000001	838299.0	25582.855224609375	129.2987804878049	1637.0	-4241.0	-49.90853658536586	3731.868131868132	2547.0	-1264.0	3.0239234449760763	680.0	-0.37320574162679426	98.11627725612495	4783440.0	1.6267942583732056	156.0	
2085.0	3.3043478260869565	1949.0	1.826086956521739	1754.0	5.423913043478261	-25.0	0.037481259370314844	0.12743628185907047	-28.0	6855.46875	0.041979010494752625	85.0	30.06907949282322	33389.0	-2549.0	77.71341463414635	838619.0	25592.620849609375	111.31097560975611	1389.0	-3651.0	-42.34756097560976	3714.285714285714	2535.0	-1404.0	3.3588516746411483	736.0	-0.4019138755980861	98.11368489517896	4783696.0	1.7607655502392343	168.0	
2099.0	3.608695652173913	1921.0	1.6739130434782608	1700.0	6.010869565217392	-19.0	0.02848575712143928	0.13343328335832083	-27.0	6865.234375	0.04047976011994003	89.0	30.06907949282322	33389.0	-2145.0	65.39634146341464	838939.0	25602.386474609375	92.59146341463415	1075.0	-3037.0	-32.774390243902445	3727.4725274725274	2544.0	-1632.0	3.9043062200956937	880.0	-0.49760765550239233	98.11368489517896	4783696.0	2.1052631578947367	208.0	
2100.0	3.7282608695652173	1910.0	1.6630434782608696	1644.0	6.619565217391304	-11.0	0.01649175412293853	0.13043478260869565	-31.0	6875.0	0.046476761619190406	87.0	30.06907949282322	33389.0	-1716.0	52.31707317073171	839259.0	25612.152099609375	73.47560975609757	658.0	-2410.0	-20.0609756097561	3715.7509157509157	2536.0	-1924.0	4.6028708133971294	972.0	-0.6028708133971291	98.11368489517896	4783696.0	2.325358851674641	252.0	
2099.0	3.8152173913043477	1902.0	1.6739130434782608	1545.0	7.695652173913043	-5.0	0.0074962518740629685	0.12893553223388304	-27.0	6884.765625	0.04047976011994003	86.0	30.06907949282322	33389.0	-1261.0	38.44512195121951	839579.0	25621.917724609375	53.8109756097561	246.0	-1765.0	-7.500000000000001	3733.3333333333335	2548.0	-2332.0	5.578947368421052	1012.0	-0.6220095693779905	98.11368489517896	4783696.0	2.4210526315789473	260.0	
2077.0	3.858695652173913	1898.0	1.9130434782608696	1455.0	8.67391304347826	-6.0	0.008995502248875561	0.14392803598200898	-34.0	6894.53125	0.050974512743628186	96.0	30.06907949282322	33389.0	-802.0	24.451219512195124	839899.0	25631.683349609375	33.109756097560975	-153.0	-1086.0	4.664634146341464	3705.4945054945056	2529.0	-2828.0	6.765550239234449	1076.0	-0.354066985645933	98.11368489517896	4783696.0	2.574162679425837	148.0	
2023.0	4.173913043478261	1869.0	2.5	1398.0	9.293478260869565	-10.0	0.014992503748125937	0.14842578710644677	-43.0	6904.296875	0.06446776611694152	99.0	30.06907949282322	33389.0	-366.0	11.158536585365855	840219.0	25641.448974609375	10.091463414634147	-624.0	-331.0	19.02439024390244	3733.3333333333335	2548.0	-3164.0	7.569377990430621	1176.0	0.3253588516746411	98.11465703026215	4783600.0	2.813397129186603	-136.0	
1984.0	4.032608695652174	1882.0	2.9239130434782608	1357.0	9.73913043478261	-3.0	0.004497751124437781	0.1409295352323838	-30.0	6914.0625	0.04497751124437781	94.0	30.06907949282322	33389.0	167.0	-5.091463414634147	840539.0	25651.214599609375	-12.286585365853659	-926.0	403.0	28.231707317073173	3715.7509157509157	2536.0	-3276.0	7.837320574162679	1128.0	0.9282296650717703	98.11465703026215	4783600.0	2.6985645933014353	-388.0	
1986.0	3.0217391304347827	1975.0	2.902173913043478	1229.0	11.130434782608695	-7.0	0.010494752623688156	0.1454272863568216	-32.0	6923.828125	0.047976011994003	97.0	30.06907949282322	33389.0	963.0	-29.35975609756098	840859.0	25660.980224609375	-38.38414634146342	-1491.0	1259.0	45.457317073170735	3712.820512820513	2534.0	-3956.0	9.464114832535884	712.0	0.8421052631578947	98.11465703026215	4783600.0	1.7033492822966507	-352.0	
1991.0	3.3152173913043477	1948.0	2.8478260869565215	1220.0	11.228260869565217	-9.0	0.013493253373313342	0.13793103448275862	-26.0	6933.59375	0.038980509745127435	92.0	30.06907949282322	33389.0	1547.0	-47.16463414634147	841179.0	25670.745849609375	-58.8719512195122	-1728.0	1931.0	52.6829268292683	3731.868131868132	2547.0	-3992.0	9.55023923444976	760.0	0.8038277511961722	98.11465703026215	4783600.0	1.8181818181818181	-336.0	
2006.0	3.543478260869565	1927.0	2.684782608695652	1270.0	10.684782608695652	-16.0	0.0239880059970015	0.13343328335832083	-31.0	6943.359375	0.046476761619190406	89.0	30.06907949282322	33389.0	2079.0	-63.38414634146342	841499.0	25680.511474609375	-78.26219512195122	-2097.0	2567.0	63.9329268292683	3726.007326007326	2543.0	-3692.0	8.832535885167463	928.0	0.6602870813397129	98.11465703026215	4783600.0	2.2200956937799043	-276.0	
2012.0	4.239130434782608	1863.0	2.619565217391304	1357.0	9.73913043478261	-14.0	0.020989505247376312	0.13343328335832083	-36.0	6953.125	0.05397301349325337	89.0	30.06907949282322	33389.0	2646.0	-80.67073170731707	841819.0	25690.277099609375	-96.18902439024392	-2675.0	3155.0	81.5548780487805	3718.6813186813188	2538.0	-3288.0	7.866028708133971	1256.0	0.4880382775119617	98.11449500772567	4783616.0	3.004784688995215	-204.0	
2009.0	4.706521739130435	1820.0	2.652173913043478	1442.0	8.815217391304348	-23.0	0.034482758620689655	0.12593703148425786	-29.0	6962.890625	0.043478260869565216	84.0	30.06907949282322	33389.0	3127.0	-95.33536585365854	842139.0	25700.042724609375	-110.76219512195122	-3211.0	3633.0	97.89634146341464	3728.937728937729	2545.0	-2856.0	6.832535885167464	1488.0	0.42105263157894735	98.11449500772567	4783616.0	3.5598086124401913	-176.0	
2014.0	4.532608695652174	1836.0	2.5978260869565215	1544.0	7.706521739130435	-25.0	0.037481259370314844	0.12293853073463268	-30.0	6972.65625	0.04497751124437781	82.0	30.06907949282322	33389.0	3684.0	-112.31707317073172	842459.0	25709.808349609375	-124.57317073170732	-3738.0	4086.0	113.96341463414635	3705.4945054945056	2529.0	-2372.0	5.6746411483253585	1308.0	0.5167464114832536	98.11449500772567	4783616.0	3.129186602870813	-216.0	
2004.0	3.684782608695652	1914.0	2.7065217391304346	1632.0	6.75	-26.0	0.038980509745127435	0.11244377811094453	-26.0	6982.421875	0.038980509745127435	75.0	30.06907949282322	33389.0	4288.0	-130.7317073170732	842779.0	25719.573974609375	-136.06707317073173	-4003.0	4463.0	122.04268292682929	3715.7509157509157	2536.0	-2156.0	5.157894736842105	1112.0	0.5837320574162679	98.11449500772567	4783616.0	2.660287081339713	-244.0	
2010.0	3.1304347826086953	1965.0	2.641304347826087	1687.0	6.1521739130434785	-34.0	0.050974512743628186	0.10194902548725637	-22.0	6992.1875	0.03298350824587706	68.0	30.06907949282322	33389.0	4929.0	-150.27439024390245	843099.0	25729.339599609375	-146.3109756097561	-3988.0	4799.0	121.58536585365854	3724.542124542125	2542.0	-1848.0	4.421052631578947	732.0	0.49760765550239233	98.11449500772567	4783616.0	1.7511961722488039	-208.0	
2018.0	2.6739130434782608	2007.0	2.5543478260869565	1701.0	6.0	-41.0	0.06146926536731634	0.08545727136431784	-20.0	7001.953125	0.029985007496251874	57.0	30.06907949282322	33389.0	5556.0	-169.39024390243904	843419.0	25739.105224609375	-156.28048780487805	-3878.0	5126.0	118.23170731707319	3699.6336996337	2525.0	-1760.0	4.2105263157894735	504.0	0.4593301435406698	98.11352287269675	4783712.0	1.2057416267942582	-192.0	
2004.0	2.5543478260869565	2018.0	2.7065217391304346	1699.0	6.021739130434782	-41.0	0.06146926536731634	0.08545727136431784	-20.0	7011.71875	0.029985007496251874	57.0	30.06907949282322	33389.0	6155.0	-187.65243902439025	843739.0	25748.870849609375	-165.76219512195124	-3712.0	5437.0	113.17073170731709	3726.007326007326	2543.0	-1748.0	4.181818181818182	440.0	0.5263157894736842	98.11352287269675	4783712.0	1.0526315789473684	-220.0	
1975.0	2.4456521739130435	2028.0	3.0217391304347827	1707.0	5.934782608695652	-54.0	0.08095952023988005	0.0704647676161919	-13.0	7021.484375	0.019490254872563718	47.0	30.06907949282322	33389.0	6748.0	-205.7317073170732	844059.0	25758.636474609375	-174.5426829268293	-3603.0	5725.0	109.84756097560977	3724.542124542125	2542.0	-1688.0	4.038277511961723	384.0	0.784688995215311	98.11352287269675	4783712.0	0.9186602870813396	-328.0	
1934.0	2.5760869565217392	2016.0	3.467391304347826	1741.0	5.565217391304348	-54.0	0.08095952023988005	0.0704647676161919	-13.0	7031.25	0.019490254872563718	47.0	30.06907949282322	33389.0	7302.0	-222.62195121951223	844379.0	25768.402099609375	-182.43902439024393	-3532.0	5984.0	107.6829268292683	3723.0769230769233	2541.0	-1572.0	3.7607655502392343	428.0	1.2918660287081338	98.11352287269675	4783712.0	1.0239234449760766	-540.0	
1888.0	2.9891304347826084	1978.0	3.967391304347826	1765.0	5.304347826086956	-69.0	0.10344827586206896	0.043478260869565216	-9.0	7041.015625	0.013493253373313342	29.0	30.06907949282322	33389.0	7850.0	-239.32926829268294	844699.0	25778.167724609375	-188.65853658536588	-3543.0	6188.0	108.01829268292684	3728.937728937729	2545.0	-1428.0	3.416267942583732	616.0	1.7416267942583732	98.11352287269675	4783712.0	1.4736842105263157	-728.0	
1871.0	3.9456521739130435	1890.0	4.1521739130434785	1815.0	4.760869565217392	-70.0	0.10494752623688156	0.022488755622188904	-2.0	7050.78125	0.0029985007496251873	15.0	30.06907949282322	33389.0	8328.0	-253.90243902439028	845019.0	25787.933349609375	-193.2926829268293	-3665.0	6340.0	111.73780487804879	3695.2380952380954	2522.0	-1220.0	2.9186602870813396	1052.0	2.0669856459330145	98.11433298519823	4783632.0	2.5167464114832536	-864.0	
1859.0	5.054347826086956	1788.0	4.282608695652174	1863.0	4.239130434782608	-73.0	0.10944527736131934	0.0074962518740629685	13.0	7060.546875	-0.019490254872563718	5.0	30.06907949282322	33389.0	8771.0	-267.4085365853659	845339.0	25797.698974609375	-196.25000000000003	-3809.0	6437.0	116.12804878048782	3720.1465201465203	2539.0	-956.0	2.2870813397129184	1524.0	2.2583732057416266	98.11433298519823	4783632.0	3.6459330143540667	-944.0	
1849.0	5.913043478260869	1709.0	4.391304347826087	1913.0	3.6956521739130435	-81.0	0.12143928035982009	-0.01649175412293853	15.0	7070.3125	-0.022488755622188904	-11.0	30.06907949282322	33389.0	9244.0	-281.82926829268297	845659.0	25807.464599609375	-196.9207317073171	-3923.0	6459.0	119.60365853658537	3721.611721611722	2540.0	-740.0	1.770334928229665	1916.0	2.354066985645933	98.11433298519823	4783632.0	4.583732057416268	-984.0	
1833.0	6.369565217391304	1667.0	4.565217391304348	1938.0	3.4239130434782608	-85.0	0.12743628185907047	-0.037481259370314844	26.0	7080.078125	-0.038980509745127435	-25.0	30.06907949282322	33389.0	9724.0	-296.4634146341464	845979.0	25817.230224609375	-196.6768292682927	-3920.0	6451.0	119.51219512195124	3712.820512820513	2534.0	-604.0	1.444976076555024	2160.0	2.526315789473684	98.11433298519823	4783632.0	5.167464114832535	-1056.0	
1815.0	6.739130434782608	1633.0	4.760869565217392	1960.0	3.184782608695652	-88.0	0.13193403298350825	-0.05997001499250375	44.0	7089.84375	-0.06596701649175413	-40.0	30.06907949282322	33389.0	10210.0	-311.2804878048781	846299.0	25826.995849609375	-196.7987804878049	-3830.0	6455.0	116.76829268292684	3730.4029304029305	2546.0	-516.0	1.2344497607655502	2272.0	2.77511961722488	98.11433298519823	4783632.0	5.435406698564593	-1160.0	
1788.0	6.728260869565217	1634.0	5.054347826086956	1976.0	3.010869565217391	-91.0	0.136431784107946	-0.07196401799100449	58.0	7099.609375	-0.08695652173913043	-48.0	30.06907949282322	33389.0	10727.0	-327.0426829268293	846619.0	25836.761474609375	-197.07317073170734	-3649.0	6464.0	111.25000000000001	3721.611721611722	2540.0	-388.0	0.9282296650717703	2312.0	3.129186602870813	98.11546714308041	4783520.0	5.5311004784688995	-1308.0	
1750.0	7.1521739130434785	1595.0	5.467391304347826	2039.0	2.3260869565217392	-95.0	0.1424287856071964	-0.095952023988006	71.0	7109.375	-0.10644677661169415	-64.0	30.06907949282322	33389.0	11153.0	-340.0304878048781	846939.0	25846.527099609375	-195.3658536585366	-3546.0	6408.0	108.10975609756099	3706.959706959707	2530.0	-140.0	0.33492822966507174	2520.0	3.5502392344497604	98.11546714308041	4783520.0	6.028708133971292	-1484.0	
1699.0	8.217391304347826	1497.0	6.021739130434782	2150.0	1.1195652173913042	-95.0	0.1424287856071964	-0.12143928035982009	89.0	7119.140625	-0.13343328335832083	-81.0	30.06907949282322	33389.0	11383.0	-347.0426829268293	847259.0	25856.292724609375	-190.70121951219514	-3247.0	6255.0	98.9939024390244	3726.007326007326	2543.0	504.0	-1.2057416267942582	3060.0	4.095693779904306	98.11546714308041	4783520.0	7.320574162679425	-1712.0	
1657.0	9.630434782608695	1367.0	6.478260869565217	2243.0	0.10869565217391304	-100.0	0.14992503748125938	-0.13793103448275862	104.0	7128.90625	-0.15592203898050974	-92.0	30.06907949282322	33389.0	11436.0	-348.6585365853659	847579.0	25866.058349609375	-184.14634146341464	-2598.0	6040.0	79.20731707317074	3711.3553113553116	2533.0	884.0	-2.114832535885167	3668.0	4.765550239234449	98.11546714308041	4783520.0	8.77511961722488	-1992.0	
1612.0	10.17391304347826	1317.0	6.967391304347826	2270.0	-0.18478260869565216	-102.0	0.15292353823088456	-0.16041979010494753	122.0	7138.671875	-0.1829085457271364	-107.0	30.06907949282322	33389.0	11680.0	-356.0975609756098	847899.0	25875.823974609375	-177.8658536585366	-2317.0	5834.0	70.64024390243902	3712.820512820513	2534.0	960.0	-2.2966507177033493	3832.0	5.0047846889952154	98.11546714308041	4783520.0	9.167464114832535	-2092.0	
1625.0	10.532608695652174	1284.0	6.826086956521739	2271.0	-0.19565217391304346	-101.0	0.15142428785607195	-0.1664167916041979	138.0	7148.4375	-0.20689655172413793	-111.0	30.06907949282322	33389.0	12213.0	-372.3475609756098	848219.0	25885.589599609375	-171.70731707317074	-2826.0	5632.0	86.15853658536587	3715.7509157509157	2536.0	952.0	-2.277511961722488	3940.0	5.043062200956937	98.11400894017048	4783664.0	9.425837320574162	-2108.0	
1668.0	11.206521739130434	1222.0	6.358695652173913	2264.0	-0.11956521739130435	-107.0	0.16041979010494753	-0.18440779610194902	166.0	7158.203125	-0.24887556221889054	-123.0	30.06907949282322	33389.0	12515.0	-381.5548780487805	848539.0	25895.355224609375	-158.20121951219514	-3609.0	5189.0	110.03048780487806	3705.4945054945056	2529.0	976.0	-2.3349282296650715	4244.0	4.574162679425837	98.11400894017048	4783664.0	10.153110047846889	-1912.0	
1689.0	12.17391304347826	1133.0	6.130434782608695	2225.0	0.30434782608695654	-102.0	0.15292353823088456	-0.20089955022488756	181.0	7167.96875	-0.27136431784107945	-134.0	30.06907949282322	33389.0	12682.0	-386.6463414634147	848859.0	25905.120849609375	-140.88414634146343	-5062.0	4621.0	154.32926829268294	3720.1465201465203	2539.0	800.0	-1.9138755980861244	4628.0	4.248803827751196	98.11400894017048	4783664.0	11.07177033492823	-1776.0	
1681.0	13.26086956521739	1033.0	6.217391304347826	2203.0	0.5434782608695652	-101.0	0.15142428785607195	-0.21889055472263869	205.0	7177.734375	-0.3073463268365817	-146.0	30.06907949282322	33389.0	12941.0	-394.5426829268293	849179.0	25914.886474609375	-122.95731707317074	-6614.0	4033.0	201.64634146341464	3717.2161172161173	2537.0	700.0	-1.6746411483253587	5180.0	4.2105263157894735	98.11400894017048	4783664.0	12.392344497607654	-1760.0	
1667.0	13.728260869565217	990.0	6.369565217391304	2252.0	0.010869565217391304	-92.0	0.13793103448275862	-0.22188905547226387	223.0	7187.5	-0.33433283358320837	-148.0	30.06907949282322	33389.0	13369.0	-407.5914634146342	849499.0	25924.652099609375	-102.37804878048782	-7699.0	3358.0	234.72560975609758	3727.4725274725274	2544.0	852.0	-2.0382775119617222	5512.0	4.382775119617225	98.11400894017048	4783664.0	13.186602870813397	-1832.0	
1629.0	12.717391304347826	1083.0	6.782608695652174	2299.0	-0.5	-77.0	0.11544227886056971	-0.2383808095952024	253.0	7197.265625	-0.3793103448275862	-159.0	30.06907949282322	33389.0	13882.0	-423.2317073170732	849819.0	25934.417724609375	-82.16463414634147	-7574.0	2695.0	230.91463414634148	3736.2637362637365	2550.0	1148.0	-2.7464114832535884	5180.0	4.650717703349282	98.11384691767019	4783680.0	12.392344497607654	-1944.0	
1571.0	10.739130434782608	1265.0	7.413043478260869	2375.0	-1.326086956521739	-68.0	0.10194902548725637	-0.2353823088455772	271.0	7207.03125	-0.40629685157421286	-157.0	30.06907949282322	33389.0	14254.0	-434.57317073170736	850139.0	25944.183349609375	-64.42073170731707	-5988.0	2113.0	182.56097560975613	3705.4945054945056	2529.0	1436.0	-3.4354066985645932	4208.0	5.38755980861244	98.11384691767019	4783680.0	10.066985645933014	-2252.0	
1457.0	9.358695652173912	1392.0	8.652173913043478	2424.0	-1.858695652173913	-61.0	0.0914542728635682	-0.24137931034482757	294.0	7216.796875	-0.4407796101949025	-161.0	30.06907949282322	33389.0	14111.0	-430.2134146341464	850459.0	25953.948974609375	-46.585365853658544	-3386.0	1528.0	103.23170731707317	3728.937728937729	2545.0	1652.0	-3.952153110047847	3400.0	6.937799043062201	98.11384691767019	4783680.0	8.133971291866029	-2900.0	
1323.0	10.532608695652174	1284.0	10.108695652173912	2391.0	-1.5	-49.0	0.07346326836581708	-0.24437781109445278	317.0	7226.5625	-0.4752623688155922	-163.0	30.06907949282322	33389.0	13430.0	-409.45121951219517	850779.0	25963.714599609375	-25.884146341463417	-2368.0	849.0	72.19512195121952	3715.7509157509157	2536.0	1528.0	-3.6555023923444976	3776.0	8.698564593301436	98.11384691767019	4783680.0	9.033492822966506	-3636.0	
1244.0	14.25	942.0	10.967391304347826	2227.0	0.2826086956521739	-49.0	0.07346326836581708	-0.24287856071964017	341.0	7236.328125	-0.5112443778110944	-162.0	30.06907949282322	33389.0	12966.0	-395.30487804878055	851099.0	25973.480224609375	-10.609756097560977	-3204.0	348.0	97.6829268292683	3705.4945054945056	2529.0	772.0	-1.84688995215311	5704.0	9.71291866028708	98.11384691767019	4783680.0	13.645933014354066	-4060.0	
1260.0	17.695652173913043	625.0	10.793478260869565	2120.0	1.4456521739130435	-40.0	0.05997001499250375	-0.2383808095952024	367.0	7246.09375	-0.5502248875562219	-159.0	30.06907949282322	33389.0	12980.0	-395.7317073170732	851419.0	25983.245849609375	9.756097560975611	-5419.0	-320.0	165.21341463414635	3740.6593406593406	2553.0	252.0	-0.6028708133971291	7368.0	9.349282296650717	98.11417096267982	4783648.0	17.626794258373206	-3908.0	
1337.0	18.402173913043477	560.0	9.956521739130434	2128.0	1.358695652173913	-28.0	0.041979010494752625	-0.2338830584707646	386.0	7255.859375	-0.5787106446776612	-156.0	30.06907949282322	33389.0	13268.0	-404.51219512195127	851739.0	25993.011474609375	35.396341463414636	-7291.0	-1161.0	222.28658536585368	3737.7289377289376	2551.0	340.0	-0.8133971291866028	7644.0	8.344497607655502	98.11417096267982	4783648.0	18.28708133971292	-3488.0	
1405.0	16.130434782608695	769.0	9.217391304347826	2196.0	0.6195652173913043	-27.0	0.04047976011994003	-0.23088455772113942	414.0	7265.625	-0.6206896551724138	-154.0	30.06907949282322	33389.0	13300.0	-405.4878048780488	852059.0	26002.777099609375	63.810975609756106	-7442.0	-2093.0	226.89024390243904	3736.2637362637365	2550.0	672.0	-1.6076555023923444	6400.0	7.5311004784688995	98.11417096267982	4783648.0	15.311004784688995	-3148.0	
1334.0	12.021739130434783	1147.0	9.989130434782608	2192.0	0.6630434782608695	-16.0	0.0239880059970015	-0.21139430284857572	431.0	7275.390625	-0.6461769115442278	-141.0	30.06907949282322	33389.0	13127.0	-400.2134146341464	852379.0	26012.542724609375	77.98780487804879	-3723.0	-2558.0	113.50609756097562	3727.4725274725274	2544.0	568.0	-1.3588516746411483	4392.0	8.660287081339712	98.11417096267982	4783648.0	10.507177033492823	-3620.0	
1094.0	9.217391304347826	1405.0	12.597826086956522	2114.0	1.5108695652173914	-7.0	0.010494752623688156	-0.191904047976012	446.0	7285.15625	-0.6686656671664167	-128.0	30.06907949282322	33389.0	12219.0	-372.5304878048781	852699.0	26022.308349609375	59.84756097560976	2089.0	-1963.0	-63.68902439024391	3709.89010989011	2532.0	192.0	-0.4593301435406698	3108.0	12.16267942583732	98.11417096267982	4783648.0	7.435406698564593	-5084.0	
849.0	8.48913043478261	1472.0	15.26086956521739	2148.0	1.141304347826087	-8.0	0.01199400299850075	-0.19040479760119938	463.0	7294.921875	-0.6941529235382309	-127.0	30.06907949282322	33389.0	11729.0	-357.5914634146342	853019.0	26032.073974609375	63.71951219512196	8013.0	-2090.0	-244.2987804878049	3723.0769230769233	2541.0	232.0	-0.5550239234449761	2848.0	13.607655502392344	98.11676332406027	4783392.0	6.813397129186603	-5688.0	
639.0	12.152173913043478	1135.0	17.543478260869566	2245.0	0.08695652173913043	-23.0	0.034482758620689655	-0.17241379310344826	482.0	7304.6875	-0.7226386806596702	-115.0	30.06907949282322	33389.0	10963.0	-334.2378048780488	853339.0	26041.839599609375	53.59756097560976	11279.0	-1758.0	-343.87195121951225	3731.868131868132	2547.0	464.0	-1.1100478468899522	3816.0	16.660287081339714	98.11676332406027	4783392.0	9.129186602870814	-6964.0	
595.0	19.98913043478261	414.0	18.02173913043478	2302.0	-0.532608695652174	-44.0	0.06596701649175413	-0.1664167916041979	493.0	7314.453125	-0.7391304347826086	-111.0	30.06907949282322	33389.0	9073.0	-276.6158536585366	853659.0	26051.605224609375	36.06707317073171	11370.0	-1183.0	-346.6463414634147	3706.959706959707	2530.0	1176.0	-2.813397129186603	7172.0	18.03827751196172	98.11676332406027	4783392.0	17.157894736842106	-7540.0	
701.0	24.467391304347824	2.0	16.869565217391305	2256.0	-0.03260869565217391	-60.0	0.08995502248875561	-0.1394302848575712	506.0	7324.21875	-0.7586206896551724	-93.0	30.06907949282322	33389.0	8797.0	-268.20121951219517	853979.0	26061.370849609375	56.615853658536594	9060.0	-1857.0	-276.219512195122	3718.6813186813188	2538.0	884.0	-2.114832535885167	10848.0	16.507177033492823	98.11676332406027	4783392.0	25.952153110047846	-6900.0	
756.0	24.467391304347824	2.0	16.27173913043478	2195.0	0.6304347826086957	-71.0	0.10644677661169415	-0.11544227886056971	520.0	7333.984375	-0.7796101949025487	-77.0	30.06907949282322	33389.0	8628.0	-263.0487804878049	854299.0	26071.136474609375	62.25609756097562	5694.0	-2042.0	-173.59756097560978	3720.1465201465203	2539.0	768.0	-1.8373205741626792	12944.0	15.71291866028708	98.11676332406027	4783392.0	30.966507177033492	-6568.0	
923.0	24.478260869565215	1.0	14.456521739130434	2108.0	1.576086956521739	-83.0	0.12443778110944527	-0.10344827586206896	527.0	7343.75	-0.7901049475262368	-69.0	30.06907949282322	33389.0	7056.0	-215.12195121951223	854619.0	26080.902099609375	53.993902439024396	1240.0	-1771.0	-37.804878048780495	3723.0769230769233	2541.0	412.0	-0.985645933014354	14268.0	14.086124401913874	98.11611523349792	4783456.0	34.133971291866025	-5888.0	
1151.0	24.467391304347824	2.0	11.978260869565217	1989.0	2.869565217391304	-87.0	0.13043478260869565	-0.0914542728635682	535.0	7353.515625	-0.8020989505247376	-61.0	30.06907949282322	33389.0	5865.0	-178.81097560975613	854939.0	26090.667724609375	72.37804878048782	-1874.0	-2374.0	57.13414634146342	3726.007326007326	2543.0	-204.0	0.4880382775119617	12936.0	10.937799043062201	98.11611523349792	4783456.0	30.94736842105263	-4572.0	
1320.0	24.33695652173913	14.0	10.141304347826086	1880.0	4.054347826086956	-87.0	0.13043478260869565	-0.08395802098950525	538.0	7363.28125	-0.8065967016491754	-56.0	30.06907949282322	33389.0	5175.0	-157.77439024390245	855259.0	26100.433349609375	79.02439024390245	-3122.0	-2592.0	95.1829268292683	3701.0989010989015	2526.0	-776.0	1.8564593301435406	10944.0	8.899521531100477	98.11611523349792	4783456.0	26.18181818181818	-3720.0	
1413.0	20.82608695652174	337.0	9.130434782608695	1724.0	5.75	-88.0	0.13193403298350825	-0.06896551724137931	543.0	7373.046875	-0.8140929535232384	-46.0	30.06907949282322	33389.0	4166.0	-127.01219512195124	855579.0	26110.198974609375	80.2439024390244	-3223.0	-2632.0	98.26219512195122	3734.798534798535	2549.0	-1568.0	3.751196172248804	8644.0	7.779904306220096	98.11611523349792	4783456.0	20.679425837320572	-3252.0	
1518.0	17.58695652173913	635.0	7.989130434782608	1598.0	7.119565217391304	-85.0	0.12743628185907047	-0.06446776611694152	549.0	7382.8125	-0.8230884557721139	-43.0	30.06907949282322	33389.0	3024.0	-92.19512195121952	855899.0	26119.964599609375	70.79268292682927	-2227.0	-2322.0	67.89634146341464	3730.4029304029305	2546.0	-2204.0	5.2727272727272725	7128.0	6.449760765550239	98.11611523349792	4783456.0	17.052631578947366	-2696.0	
1544.0	15.021739130434781	871.0	7.706521739130435	1224.0	11.184782608695652	-90.0	0.13493253373313344	-0.05997001499250375	550.0	7392.578125	-0.8245877061469266	-40.0	30.06907949282322	33389.0	2396.0	-73.04878048780489	856219.0	26129.730224609375	46.737804878048784	-854.0	-1533.0	26.03658536585366	3706.959706959707	2530.0	-3964.0	9.483253588516746	5832.0	6.200956937799043	98.116439278761	4783424.0	13.952153110047846	-2592.0	
1485.0	14.293478260869565	938.0	8.347826086956522	1411.0	9.152173913043478	-86.0	0.12893553223388304	-0.06296851574212893	554.0	7402.34375	-0.8305847076461769	-42.0	30.06907949282322	33389.0	1113.0	-33.9329268292683	856539.0	26139.495849609375	82.92682926829269	837.0	-2720.0	-25.51829268292683	3739.194139194139	2552.0	-2980.0	7.1291866028708135	5604.0	6.92822966507177	98.116439278761	4783424.0	13.4066985645933	-2896.0	
1264.0	16.445652173913043	740.0	10.75	436.0	19.75	-92.0	0.13793103448275862	-0.04947526236881559	559.0	7412.109375	-0.8380809595202399	-33.0	30.06907949282322	33389.0	-477.0	14.54268292682927	856859.0	26149.261474609375	-45.85365853658537	3019.0	1504.0	-92.04268292682927	3702.5641025641025	2527.0	-7960.0	19.043062200956935	6744.0	10.220095693779903	98.116439278761	4783424.0	16.13397129186603	-4272.0	
1562.0	19.206521739130434	486.0	7.510869565217391	339.0	20.804347826086957	-98.0	0.14692653673163417	-0.047976011994003	550.0	7421.875	-0.8245877061469266	-32.0	30.06907949282322	33389.0	-731.0	22.28658536585366	857179.0	26159.027099609375	-42.896341463414636	4175.0	1407.0	-127.28658536585367	3711.3553113553116	2533.0	-8200.0	19.617224880382775	8184.0	5.358851674641148	98.116439278761	4783424.0	19.57894736842105	-2240.0	
1923.0	18.880434782608695	516.0	3.5869565217391304	659.0	17.32608695652174	-96.0	0.14392803598200898	-0.038980509745127435	552.0	7431.640625	-0.8275862068965517	-26.0	30.06907949282322	33389.0	-858.0	26.158536585365855	857499.0	26168.792724609375	-59.96951219512196	2315.0	1967.0	-70.57926829268294	3726.007326007326	2543.0	-6380.0	15.26315789473684	7724.0	0.8612440191387559	98.116439278761	4783424.0	18.47846889952153	-360.0	
1984.0	14.543478260869565	915.0	2.9239130434782608	1101.0	12.521739130434781	-99.0	0.14842578710644677	-0.05247376311844078	552.0	7441.40625	-0.8275862068965517	-35.0	30.06907949282322	33389.0	-1316.0	40.1219512195122	857819.0	26178.558349609375	-34.32926829268293	1501.0	1126.0	-45.76219512195122	3708.4249084249086	2531.0	-4284.0	10.248803827751196	5444.0	1.0334928229665072	98.11708736939576	4783360.0	13.023923444976075	-432.0	
1870.0	12.184782608695652	1132.0	4.163043478260869	1407.0	9.195652173913043	-101.0	0.15142428785607195	-0.04497751124437781	555.0	7451.171875	-0.8320839580209894	-30.0	30.06907949282322	33389.0	-1558.0	47.50000000000001	858139.0	26188.323974609375	-47.31707317073171	1663.0	1552.0	-50.701219512195124	3715.7509157509157	2536.0	-3428.0	8.200956937799043	4768.0	1.6555023923444976	98.11708736939576	4783360.0	11.4066985645933	-692.0	
1792.0	14.043478260869565	961.0	5.010869565217392	1621.0	6.869565217391304	-96.0	0.14392803598200898	-0.05547226386806597	553.0	7460.9375	-0.8290854572713643	-37.0	30.06907949282322	33389.0	-2037.0	62.10365853658537	858459.0	26198.089599609375	-42.43902439024391	2876.0	1392.0	-87.6829268292683	3695.2380952380954	2522.0	-2356.0	5.636363636363636	5244.0	3.1004784688995213	98.11708736939576	4783360.0	12.545454545454545	-1296.0	
1748.0	16.195652173913043	763.0	5.489130434782608	1730.0	5.684782608695652	-101.0	0.15142428785607195	-0.06296851574212893	551.0	7470.703125	-0.8260869565217391	-42.0	30.06907949282322	33389.0	-2622.0	79.93902439024392	858779.0	26207.855224609375	-32.01219512195122	2761.0	1050.0	-84.17682926829269	3712.820512820513	2534.0	-1732.0	4.143540669856459	6340.0	3.5980861244019136	98.11708736939576	4783360.0	15.167464114832535	-1504.0	
1739.0	17.51086956521739	642.0	5.58695652173913	1802.0	4.9021739130434785	-98.0	0.14692653673163417	-0.05247376311844078	545.0	7480.46875	-0.8170914542728636	-35.0	30.06907949282322	33389.0	-2810.0	85.67073170731707	859099.0	26217.620849609375	-31.09756097560976	1882.0	1020.0	-57.37804878048781	3717.2161172161173	2537.0	-1368.0	3.2727272727272725	7224.0	3.952153110047847	98.11708736939576	4783360.0	17.282296650717704	-1652.0	
1673.0	17.01086956521739	688.0	6.304347826086956	1922.0	3.5978260869565215	-98.0	0.14692653673163417	-0.06146926536731634	546.0	7490.234375	-0.8185907046476761	-41.0	30.06907949282322	33389.0	-3199.0	97.53048780487806	859419.0	26227.386474609375	-3.414634146341464	1474.0	112.0	-44.93902439024391	3709.89010989011	2532.0	-840.0	2.0095693779904304	7024.0	4.45933014354067	98.11886961938802	4783184.0	16.80382775119617	-1864.0	
1603.0	16.782608695652172	709.0	7.065217391304348	2016.0	2.5760869565217392	-96.0	0.14392803598200898	-0.0704647676161919	544.0	7500.0	-0.815592203898051	-47.0	30.06907949282322	33389.0	-3589.0	109.42073170731709	859739.0	26237.152099609375	-5.579268292682928	817.0	183.0	-24.908536585365855	3706.959706959707	2530.0	-236.0	0.5645933014354066	6764.0	5.358851674641148	98.11886961938802	4783184.0	16.18181818181818	-2240.0	
1543.0	16.891304347826086	699.0	7.717391304347826	2094.0	1.7282608695652173	-107.0	0.16041979010494753	-0.07496251874062969	538.0	7509.765625	-0.8065967016491754	-50.0	30.06907949282322	33389.0	-4233.0	129.0548780487805	860059.0	26246.917724609375	3.353658536585366	551.0	-110.0	-16.79878048780488	3733.3333333333335	2548.0	116.0	-0.27751196172248804	6876.0	5.990430622009569	98.11886961938802	4783184.0	16.449760765550238	-2504.0	
1478.0	16.75	712.0	8.42391304347826	2170.0	0.9021739130434783	-107.0	0.16041979010494753	-0.08245877061469264	538.0	7519.53125	-0.8065967016491754	-55.0	30.06907949282322	33389.0	-4871.0	148.50609756097563	860379.0	26256.683349609375	13.384146341463415	376.0	-439.0	-11.463414634146343	3690.842490842491	2519.0	488.0	-1.1674641148325358	6776.0	6.8708133971291865	98.11886961938802	4783184.0	16.210526315789473	-2872.0	
1426.0	17.01086956521739	688.0	8.98913043478261	2200.0	0.5760869565217391	-102.0	0.15292353823088456	-0.09295352323838081	533.0	7529.296875	-0.7991004497751124	-62.0	30.06907949282322	33389.0	-5339.0	162.77439024390245	860699.0	26266.448974609375	12.256097560975611	209.0	-402.0	-6.371951219512196	3733.3333333333335	2548.0	688.0	-1.645933014354067	6900.0	7.598086124401914	98.11886961938802	4783184.0	16.507177033492823	-3176.0	
1412.0	17.054347826086957	684.0	9.141304347826086	2226.0	0.2934782608695652	-111.0	0.1664167916041979	-0.0914542728635682	522.0	7539.0625	-0.7826086956521738	-61.0	30.06907949282322	33389.0	-5754.0	175.4268292682927	861019.0	26276.214599609375	20.182926829268293	119.0	-662.0	-3.628048780487805	3728.937728937729	2545.0	764.0	-1.8277511961722488	6928.0	7.760765550239234	98.116439278761	4783424.0	16.574162679425836	-3244.0	
1403.0	16.684782608695652	718.0	9.23913043478261	2260.0	-0.07608695652173914	-106.0	0.15892053973013492	-0.11244377811094453	510.0	7548.828125	-0.7646176911544228	-75.0	30.06907949282322	33389.0	-6215.0	189.4817073170732	861339.0	26285.980224609375	26.06707317073171	419.0	-855.0	-12.77439024390244	3715.7509157509157	2536.0	916.0	-2.1913875598086126	6772.0	7.894736842105263	98.116439278761	4783424.0	16.20095693779904	-3300.0	
1380.0	16.304347826086957	753.0	9.48913043478261	2296.0	-0.46739130434782605	-109.0	0.1634182908545727	-0.1169415292353823	510.0	7558.59375	-0.7646176911544228	-78.0	30.06907949282322	33389.0	-6822.0	207.9878048780488	861659.0	26295.745849609375	33.75	759.0	-1107.0	-23.140243902439025	3726.007326007326	2543.0	1132.0	-2.7081339712918657	6488.0	8.200956937799043	98.116439278761	4783424.0	15.521531100478468	-3428.0	
1383.0	16.47826086956522	737.0	9.456521739130434	2350.0	-1.0543478260869565	-109.0	0.1634182908545727	-0.13043478260869565	502.0	7568.359375	-0.7526236881559221	-87.0	30.06907949282322	33389.0	-7554.0	230.3048780487805	861979.0	26305.511474609375	34.81707317073171	1205.0	-1142.0	-36.737804878048784	3709.89010989011	2532.0	1392.0	-3.3301435406698565	6624.0	8.14354066985646	98.116439278761	4783424.0	15.84688995215311	-3404.0	
1385.0	16.163043478260867	766.0	9.434782608695652	2401.0	-1.608695652173913	-114.0	0.17091454272863568	-0.13043478260869565	495.0	7578.125	-0.7421289355322339	-87.0	30.06907949282322	33389.0	-7983.0	243.38414634146343	862299.0	26315.277099609375	46.768292682926834	1691.0	-1534.0	-51.554878048780495	3708.4249084249086	2531.0	1604.0	-3.8373205741626792	6484.0	7.990430622009569	98.116439278761	4783424.0	15.511961722488037	-3340.0	
1381.0	15.576086956521738	820.0	9.478260869565217	2449.0	-2.130434782608696	-118.0	0.17691154422788605	-0.1394302848575712	485.0	7587.890625	-0.7271364317841079	-93.0	30.088963399850762	33393.0	-8509.0	259.4207317073171	862619.0	26325.042724609375	54.87804878048781	2400.0	-1800.0	-73.17073170731707	3721.611721611722	2540.0	1928.0	-4.6124401913875595	6192.0	7.980861244019138	98.11979631445458	4783424.0	14.813397129186603	-3336.0	
1417.0	14.826086956521738	889.0	9.08695652173913	2533.0	-3.043478260869565	-123.0	0.18440779610194902	-0.15592203898050974	464.0	7597.65625	-0.6956521739130435	-104.0	30.088963399850762	33393.0	-8982.0	273.8414634146342	862939.0	26334.808349609375	63.9329268292683	3466.0	-2097.0	-105.67073170731709	3717.2161172161173	2537.0	2076.0	-4.966507177033493	6008.0	7.779904306220096	98.11979631445458	4783424.0	14.373205741626794	-3252.0	
1425.0	13.989130434782608	966.0	9.0	2641.0	-4.217391304347826	-132.0	0.19790104947526235	-0.1619190404797601	454.0	7607.421875	-0.6806596701649176	-108.0	30.088963399850762	33393.0	-9407.0	286.7987804878049	863259.0	26344.573974609375	79.54268292682927	5301.0	-2609.0	-161.6158536585366	3723.0769230769233	2541.0	2552.0	-6.105263157894736	5636.0	7.454545454545454	98.11979631445458	4783424.0	13.483253588516746	-3116.0	
1451.0	13.434782608695652	1017.0	8.717391304347826	2757.0	-5.478260869565217	-147.0	0.22038980509745126	-0.17391304347826086	445.0	7617.1875	-0.6671664167916042	-116.0	30.088963399850762	33393.0	-9787.0	298.38414634146346	863579.0	26354.339599609375	100.15243902439025	7098.0	-3285.0	-216.40243902439028	3733.3333333333335	2548.0	3148.0	-7.5311004784688995	5264.0	7.2727272727272725	98.11979631445458	4783424.0	12.593301435406698	-3040.0	
1497.0	13.76086956521739	987.0	8.217391304347826	2844.0	-6.423913043478261	-148.0	0.22188905547226387	-0.18440779610194902	427.0	7626.953125	-0.6401799100449775	-123.0	30.088963399850762	33393.0	-10277.0	313.32317073170736	863899.0	26364.105224609375	125.51829268292684	8494.0	-4117.0	-258.9634146341464	3717.2161172161173	2537.0	3584.0	-8.574162679425838	5304.0	6.77511961722488	98.11979631445458	4783424.0	12.688995215311005	-2832.0	
1546.0	14.402173913043478	928.0	7.684782608695652	2930.0	-7.358695652173913	-165.0	0.24737631184407796	-0.17991004497751123	402.0	7636.71875	-0.6026986506746627	-120.0	30.088963399850762	33393.0	-10602.0	323.2317073170732	864219.0	26373.870849609375	156.6768292682927	9577.0	-5139.0	-291.9817073170732	3711.3553113553116	2533.0	4068.0	-9.732057416267942	5632.0	6.057416267942584	98.12789772107493	4782624.0	13.473684210526315	-2532.0	
1586.0	15.01086956521739	872.0	7.25	2971.0	-7.804347826086956	-180.0	0.2698650674662669	-0.17691154422788605	402.0	7646.484375	-0.6026986506746627	-118.0	30.088963399850762	33393.0	-10456.0	318.7804878048781	864539.0	26383.636474609375	190.3048780487805	9622.0	-6242.0	-293.3536585365854	3690.842490842491	2519.0	4328.0	-10.354066985645932	5932.0	5.483253588516746	98.12789772107493	4782624.0	14.191387559808613	-2292.0	
1613.0	15.58695652173913	819.0	6.956521739130435	3043.0	-8.58695652173913	-193.0	0.2893553223388306	-0.17241379310344826	376.0	7656.25	-0.5637181409295352	-115.0	30.088963399850762	33393.0	-10505.0	320.2743902439025	864859.0	26393.402099609375	217.56097560975613	9440.0	-7136.0	-287.8048780487805	3721.611721611722	2540.0	4704.0	-11.253588516746412	6244.0	5.1291866028708135	98.12789772107493	4782624.0	14.937799043062201	-2144.0	
1604.0	15.032608695652174	870.0	7.054347826086956	3090.0	-9.097826086956522	-207.0	0.3103448275862069	-0.1634182908545727	354.0	7666.015625	-0.5307346326836582	-109.0	30.088963399850762	33393.0	-10420.0	317.6829268292683	865179.0	26403.167724609375	245.94512195121953	9221.0	-8067.0	-281.12804878048786	3739.194139194139	2552.0	4940.0	-11.818181818181818	6040.0	5.08133971291866	98.12789772107493	4782624.0	14.449760765550238	-2124.0	
1606.0	14.08695652173913	957.0	7.032608695652174	3100.0	-9.206521739130434	-221.0	0.3313343328335832	-0.14842578710644677	334.0	7675.78125	-0.5007496251874063	-99.0	30.088963399850762	33393.0	-10246.0	312.37804878048786	865499.0	26412.933349609375	271.4939024390244	8811.0	-8905.0	-268.6280487804878	3728.937728937729	2545.0	5044.0	-12.066985645933014	5584.0	5.148325358851674	98.12789772107493	4782624.0	13.358851674641148	-2152.0	
1622.0	13.75	988.0	6.858695652173913	3007.0	-8.195652173913043	-233.0	0.3493253373313343	-0.1394302848575712	307.0	7685.546875	-0.46026986506746626	-93.0	30.088963399850762	33393.0	-9965.0	303.8109756097561	865819.0	26422.698974609375	297.2865853658537	7549.0	-9751.0	-230.15243902439028	3734.798534798535	2549.0	4584.0	-10.966507177033492	5412.0	5.0143540669856455	98.1256293249402	4782848.0	12.947368421052632	-2096.0	
1637.0	13.717391304347826	991.0	6.695652173913043	2909.0	-7.130434782608695	-246.0	0.36881559220389803	-0.13493253373313344	287.0	7695.3125	-0.4302848575712144	-90.0	30.088963399850762	33393.0	-9568.0	291.70731707317077	866139.0	26432.464599609375	315.82317073170736	6036.0	-10359.0	-184.02439024390245	3730.4029304029305	2546.0	4076.0	-9.751196172248804	5416.0	4.746411483253588	98.1256293249402	4782848.0	12.956937799043061	-1984.0	
1648.0	13.097826086956522	1048.0	6.576086956521739	2827.0	-6.239130434782608	-250.0	0.3748125937031484	-0.10944527736131934	262.0	7705.078125	-0.39280359820089955	-73.0	30.088963399850762	33393.0	-9314.0	283.9634146341464	866459.0	26442.230224609375	325.70121951219517	4487.0	-10683.0	-136.7987804878049	3709.89010989011	2532.0	3692.0	-8.832535885167463	5140.0	4.650717703349282	98.1256293249402	4782848.0	12.296650717703349	-1944.0	
1639.0	11.967391304347826	1152.0	6.673913043478261	2771.0	-5.630434782608695	-258.0	0.3868065967016492	-0.0944527736131934	241.0	7714.84375	-0.3613193403298351	-63.0	30.088963399850762	33393.0	-9198.0	280.4268292682927	866779.0	26451.995849609375	332.7743902439025	3122.0	-10915.0	-95.1829268292683	3727.4725274725274	2544.0	3424.0	-8.191387559808613	4548.0	4.880382775119617	98.1256293249402	4782848.0	10.880382775119617	-2040.0	
1614.0	10.543478260869565	1283.0	6.945652173913043	2734.0	-5.228260869565217	-260.0	0.38980509745127434	-0.09295352323838081	209.0	7724.609375	-0.31334332833583206	-62.0	30.088963399850762	33393.0	-9026.0	275.1829268292683	867099.0	26461.761474609375	336.9207317073171	2259.0	-11051.0	-68.8719512195122	3698.1684981684984	2524.0	3224.0	-7.712918660287081	3924.0	5.1291866028708135	98.1256293249402	4782848.0	9.38755980861244	-2144.0	
1603.0	9.380434782608695	1390.0	7.065217391304348	2644.0	-4.25	-255.0	0.3823088455772114	-0.08095952023988005	190.0	7734.375	-0.2848575712143928	-54.0	30.088963399850762	33393.0	-8821.0	268.9329268292683	867419.0	26471.527099609375	340.6707317073171	1491.0	-11174.0	-45.457317073170735	3717.2161172161173	2537.0	2688.0	-6.430622009569378	3408.0	5.196172248803827	98.12870786298157	4782544.0	8.153110047846889	-2172.0	
1609.0	8.5	1471.0	7.0	2533.0	-3.043478260869565	-245.0	0.36731634182908546	-0.06596701649175413	161.0	7744.140625	-0.24137931034482757	-44.0	30.088963399850762	33393.0	-8586.0	261.76829268292687	867739.0	26481.292724609375	340.9146341463415	828.0	-11182.0	-25.243902439024392	3720.1465201465203	2539.0	2204.0	-5.2727272727272725	3052.0	5.023923444976076	98.12870786298157	4782544.0	7.301435406698564	-2100.0	
1655.0	7.771739130434782	1538.0	6.5	2436.0	-1.9891304347826086	-238.0	0.3568215892053973	-0.06146926536731634	148.0	7753.90625	-0.22188905547226387	-41.0	30.088963399850762	33393.0	-8345.0	254.4207317073171	868059.0	26491.058349609375	337.7134146341464	197.0	-11077.0	-6.00609756097561	3711.3553113553116	2533.0	1948.0	-4.660287081339713	2872.0	4.832535885167464	98.12870786298157	4782544.0	6.8708133971291865	-2020.0	
1691.0	7.08695652173913	1601.0	6.108695652173913	2398.0	-1.576086956521739	-232.0	0.34782608695652173	-0.04497751124437781	130.0	7763.671875	-0.19490254872563717	-30.0	30.088963399850762	33393.0	-8217.0	250.51829268292684	868379.0	26500.823974609375	332.95731707317077	-244.0	-10921.0	7.439024390243903	3745.054945054945	2556.0	1696.0	-4.057416267942584	2508.0	4.373205741626794	98.12870786298157	4782544.0	6.0	-1828.0	
1737.0	6.706521739130435	1636.0	5.608695652173913	2373.0	-1.3043478260869565	-216.0	0.3238380809595202	-0.035982008995502246	107.0	7773.4375	-0.16041979010494753	-24.0	30.088963399850762	33393.0	-8139.0	248.14024390243904	868699.0	26510.589599609375	327.7439024390244	-547.0	-10750.0	16.676829268292686	3733.3333333333335	2548.0	1572.0	-3.7607655502392343	2236.0	3.818181818181818	98.12870786298157	4782544.0	5.349282296650718	-1596.0	
1783.0	6.282608695652174	1675.0	5.108695652173913	2291.0	-0.41304347826086957	-204.0	0.3058470764617691	-0.0239880059970015	93.0	7783.203125	-0.1394302848575712	-16.0	30.088963399850762	33393.0	-7853.0	239.4207317073171	869019.0	26520.355224609375	320.00000000000006	-899.0	-10496.0	27.408536585365855	3704.029304029304	2528.0	1244.0	-2.976076555023923	2124.0	3.2248803827751193	98.12303687438722	4783104.0	5.08133971291866	-1348.0	
1832.0	6.010869565217392	1700.0	4.576086956521739	2176.0	0.8369565217391304	-193.0	0.2893553223388306	-0.017991004497751123	72.0	7792.96875	-0.10794602698650674	-12.0	30.088963399850762	33393.0	-7565.0	230.64024390243904	869339.0	26530.120849609375	306.0975609756098	-1432.0	-10040.0	43.65853658536586	3723.0769230769233	2541.0	656.0	-1.569377990430622	1992.0	2.688995215311005	98.12303687438722	4783104.0	4.765550239234449	-1124.0	
1879.0	5.445652173913043	1752.0	4.065217391304348	2121.0	1.434782608695652	-184.0	0.27586206896551724	0.0074962518740629685	55.0	7802.734375	-0.08245877061469264	5.0	30.088963399850762	33393.0	-7357.0	224.2987804878049	869659.0	26539.886474609375	289.7865853658537	-1716.0	-9505.0	52.31707317073171	3705.4945054945056	2529.0	344.0	-0.8229665071770335	1780.0	2.0956937799043063	98.12303687438722	4783104.0	4.258373205741627	-876.0	
1927.0	4.684782608695652	1822.0	3.543478260869565	2071.0	1.9782608695652173	-174.0	0.2608695652173913	0.01649175412293853	50.0	7812.5	-0.07496251874062969	11.0	30.088963399850762	33393.0	-7227.0	220.33536585365854	869979.0	26549.652099609375	273.8109756097561	-1671.0	-8981.0	50.94512195121952	3724.542124542125	2542.0	112.0	-0.2679425837320574	1420.0	1.444976076555024	98.12303687438722	4783104.0	3.3971291866028706	-604.0	
1949.0	3.6630434782608696	1916.0	3.3043478260869565	2040.0	2.3152173913043477	-162.0	0.24287856071964017	0.02848575712143928	34.0	7822.265625	-0.050974512743628186	19.0	30.088963399850762	33393.0	-6944.0	211.70731707317074	870299.0	26559.417724609375	257.13414634146346	-1205.0	-8434.0	36.737804878048784	3718.6813186813188	2538.0	-92.0	0.2200956937799043	992.0	1.0047846889952152	98.12303687438722	4783104.0	2.373205741626794	-420.0	
2018.0	2.9456521739130435	1982.0	2.5543478260869565	2042.0	2.293478260869565	-149.0	0.22338830584707645	0.041979010494752625	29.0	7832.03125	-0.043478260869565216	28.0	30.088963399850762	33393.0	-6629.0	202.10365853658539	870619.0	26569.183349609375	240.6707317073171	-526.0	-7894.0	16.03658536585366	3706.959706959707	2530.0	-104.0	0.24880382775119617	624.0	0.34449760765550236	98.11914820290254	4783488.0	1.492822966507177	-144.0	
2083.0	2.5760869565217392	2016.0	1.8478260869565217	2011.0	2.630434782608696	-138.0	0.20689655172413793	0.05547226386806597	15.0	7841.796875	-0.022488755622188904	37.0	30.088963399850762	33393.0	-6198.0	188.96341463414635	870939.0	26578.948974609375	227.43902439024393	292.0	-7460.0	-8.902439024390246	3727.4725274725274	2544.0	-240.0	0.5741626794258373	416.0	-0.5645933014354066	98.11914820290254	4783488.0	0.9952153110047847	236.0	
2138.0	2.5978260869565215	2014.0	1.25	1979.0	2.9782608695652173	-127.0	0.19040479760119938	0.07196401799100449	4.0	7851.5625	-0.005997001499250375	48.0	30.088963399850762	33393.0	-5763.0	175.70121951219514	871259.0	26588.714599609375	215.6707317073171	1067.0	-7074.0	-32.53048780487805	3736.2637362637365	2550.0	-380.0	0.9090909090909091	388.0	-1.0909090909090908	98.11914820290254	4783488.0	0.9282296650717703	456.0	
2169.0	2.7065217391304346	2004.0	0.9130434782608695	1950.0	3.293478260869565	-118.0	0.17691154422788605	0.07496251874062969	-2.0	7861.328125	0.0029985007496251873	50.0	30.088963399850762	33393.0	-5279.0	160.94512195121953	871579.0	26598.480224609375	203.2317073170732	1689.0	-6666.0	-51.493902439024396	3711.3553113553116	2533.0	-552.0	1.3205741626794258	500.0	-1.4832535885167464	98.11914820290254	4783488.0	1.1961722488038278	620.0	
2188.0	3.141304347826087	1964.0	0.7065217391304348	1909.0	3.7391304347826084	-106.0	0.15892053973013492	0.0944527736131934	-8.0	7871.09375	0.01199400299850075	63.0	30.088963399850762	33393.0	-4789.0	146.00609756097563	871899.0	26608.245849609375	189.75609756097563	2042.0	-6224.0	-62.25609756097562	3739.194139194139	2552.0	-732.0	1.7511961722488039	632.0	-1.645933014354067	98.11914820290254	4783488.0	1.5119617224880382	688.0	
2200.0	3.402173913043478	1940.0	0.5760869565217391	1852.0	4.358695652173913	-96.0	0.14392803598200898	0.10944527736131934	-8.0	7880.859375	0.01199400299850075	73.0	30.088963399850762	33393.0	-4426.0	134.9390243902439	872219.0	26618.011474609375	175.15243902439025	2156.0	-5745.0	-65.73170731707317	3739.194139194139	2552.0	-984.0	2.354066985645933	792.0	-1.8660287081339713	98.11704184135857	4783696.0	1.894736842105263	780.0	
2251.0	3.782608695652174	1905.0	0.021739130434782608	1800.0	4.923913043478261	-91.0	0.136431784107946	0.12593703148425786	-10.0	7890.625	0.014992503748125937	84.0	30.088963399850762	33393.0	-3755.0	114.48170731707319	872539.0	26627.777099609375	158.38414634146343	2033.0	-5195.0	-61.98170731707317	3746.5201465201467	2557.0	-1212.0	2.8995215311004783	1040.0	-2.602870813397129	98.11704184135857	4783696.0	2.488038277511962	1088.0	
2295.0	4.119565217391305	1874.0	-0.45652173913043476	1777.0	5.173913043478261	-83.0	0.12443778110944527	0.12893553223388304	-20.0	7900.390625	0.029985007496251874	86.0	30.088963399850762	33393.0	-3256.0	99.26829268292684	872859.0	26637.542724609375	142.9878048780488	1800.0	-4690.0	-54.87804878048781	3712.820512820513	2534.0	-1348.0	3.2248803827751193	1196.0	-3.3492822966507174	98.11704184135857	4783696.0	2.861244019138756	1400.0	
2345.0	4.521739130434782	1837.0	-1.0	1758.0	5.380434782608695	-80.0	0.1199400299850075	0.13793103448275862	-26.0	7910.15625	0.038980509745127435	92.0	30.088963399850762	33393.0	-2846.0	86.76829268292684	873179.0	26647.308349609375	128.50609756097563	1524.0	-4215.0	-46.463414634146346	3709.89010989011	2532.0	-1352.0	3.2344497607655502	1264.0	-3.511961722488038	98.11704184135857	4783696.0	3.0239234449760763	1468.0	
2323.0	4.673913043478261	1823.0	-0.7608695652173912	1733.0	5.6521739130434785	-73.0	0.10944527736131934	0.14842578710644677	-25.0	7919.921875	0.037481259370314844	99.0	30.088963399850762	33393.0	-2383.0	72.65243902439025	873499.0	26657.073974609375	113.20121951219514	1200.0	-3713.0	-36.58536585365854	3724.542124542125	2542.0	-1524.0	3.6459330143540667	1400.0	-3.5311004784688995	98.11704184135857	4783696.0	3.3492822966507174	1476.0	
2316.0	4.934782608695652	1799.0	-0.6847826086956521	1733.0	5.6521739130434785	-67.0	0.10044977511244378	0.15742128935532235	-27.0	7929.6875	0.04047976011994003	105.0	30.088963399850762	33393.0	-1926.0	58.71951219512196	873819.0	26666.839599609375	98.29268292682927	897.0	-3224.0	-27.34756097560976	3739.194139194139	2552.0	-1540.0	3.6842105263157894	1464.0	-3.3492822966507174	98.11525953663158	4783872.0	3.5023923444976077	1400.0	
2319.0	5.032608695652174	1790.0	-0.717391304347826	1715.0	5.8478260869565215	-65.0	0.09745127436281859	0.16041979010494753	-26.0	7939.453125	0.038980509745127435	107.0	30.088963399850762	33393.0	-1540.0	46.951219512195124	874139.0	26676.605224609375	83.9329268292683	620.0	-2753.0	-18.902439024390247	3711.3553113553116	2533.0	-1592.0	3.8086124401913874	1568.0	-3.2344497607655502	98.11525953663158	4783872.0	3.751196172248804	1352.0	
2366.0	5.08695652173913	1785.0	-1.2282608695652173	1688.0	6.141304347826087	-60.0	0.08995502248875561	0.15592203898050974	-29.0	7949.21875	0.043478260869565216	104.0	30.088963399850762	33393.0	-1139.0	34.72560975609756	874459.0	26686.370849609375	68.68902439024392	350.0	-2253.0	-10.670731707317074	3723.0769230769233	2541.0	-1728.0	4.133971291866029	1572.0	-3.626794258373206	98.11525953663158	4783872.0	3.7607655502392343	1516.0	
2416.0	4.880434782608695	1804.0	-1.7717391304347825	1673.0	6.304347826086956	-58.0	0.08695652173913043	0.15892053973013492	-28.0	7958.984375	0.041979010494752625	106.0	30.088963399850762	33393.0	-772.0	23.53658536585366	874779.0	26696.136474609375	51.06707317073171	130.0	-1675.0	-3.963414634146342	3714.285714285714	2535.0	-1836.0	4.392344497607655	1500.0	-4.3349282296650715	98.11525953663158	4783872.0	3.588516746411483	1812.0	
2470.0	4.739130434782608	1817.0	-2.358695652173913	1688.0	6.141304347826087	-53.0	0.07946026986506746	0.1619190404797601	-27.0	7968.75	0.04047976011994003	108.0	30.088963399850762	33393.0	-412.0	12.560975609756099	875099.0	26705.902099609375	36.09756097560976	29.0	-1184.0	-0.8841463414634148	3715.7509157509157	2536.0	-1764.0	4.220095693779904	1396.0	-5.0047846889952154	98.11525953663158	4783872.0	3.339712918660287	2092.0	
2466.0	4.793478260869565	1812.0	-2.3152173913043477	1690.0	6.119565217391304	-50.0	0.07496251874062969	0.15442278860569714	-27.0	7978.515625	0.04047976011994003	103.0	30.088963399850762	33393.0	-74.0	2.25609756097561	875419.0	26715.667724609375	24.634146341463417	-21.0	-808.0	0.6402439024390244	3712.820512820513	2534.0	-1744.0	4.172248803827751	1448.0	-5.349282296650718	98.11639373042203	4783760.0	3.464114832535885	2236.0	
2467.0	5.0	1793.0	-2.3260869565217392	1723.0	5.760869565217392	-51.0	0.07646176911544228	0.15892053973013492	-28.0	7988.28125	0.041979010494752625	106.0	30.088963399850762	33393.0	274.0	-8.353658536585368	875739.0	26725.433349609375	13.353658536585368	-118.0	-438.0	3.5975609756097566	3704.029304029304	2528.0	-1628.0	3.894736842105263	1564.0	-5.052631578947368	98.11639373042203	4783760.0	3.741626794258373	2112.0	
2473.0	4.771739130434782	1814.0	-2.391304347826087	1730.0	5.684782608695652	-52.0	0.07796101949025487	0.1619190404797601	-31.0	7998.046875	0.046476761619190406	108.0	30.088963399850762	33393.0	661.0	-20.152439024390247	876059.0	26735.198974609375	-1.5548780487804879	-211.0	51.0	6.432926829268293	3726.007326007326	2543.0	-1540.0	3.6842105263157894	1428.0	-5.167464114832535	98.11639373042203	4783760.0	3.416267942583732	2160.0	
2505.0	4.456521739130435	1843.0	-2.7391304347826084	1716.0	5.83695652173913	-52.0	0.07796101949025487	0.1619190404797601	-31.0	8007.8125	0.046476761619190406	108.0	30.088963399850762	33393.0	1063.0	-32.40853658536586	876379.0	26744.964599609375	-12.103658536585368	-113.0	397.0	3.4451219512195124	3734.798534798535	2549.0	-1624.0	3.8851674641148324	1236.0	-5.55023923444976	98.11639373042203	4783760.0	2.956937799043062	2320.0	
2513.0	4.75	1816.0	-2.8260869565217392	1720.0	5.793478260869565	-54.0	0.08095952023988005	0.15742128935532235	-25.0	8017.578125	0.037481259370314844	105.0	30.088963399850762	33393.0	1323.0	-40.33536585365854	876699.0	26754.730224609375	-23.932926829268293	-39.0	785.0	1.1890243902439026	3705.4945054945056	2529.0	-1624.0	3.8851674641148324	1424.0	-5.588516746411483	98.11639373042203	4783760.0	3.4066985645933014	2336.0	
2523.0	5.576086956521739	1740.0	-2.934782608695652	1710.0	5.9021739130434785	-54.0	0.08095952023988005	0.15742128935532235	-25.0	8027.34375	0.037481259370314844	105.0	30.088963399850762	33393.0	1646.0	-50.1829268292683	877019.0	26764.495849609375	-31.646341463414636	-240.0	1038.0	7.317073170731708	3736.2637362637365	2550.0	-1640.0	3.923444976076555	1768.0	-5.598086124401914	98.11736589688115	4783664.0	4.229665071770334	2340.0	
2540.0	5.880434782608695	1712.0	-3.119565217391304	1741.0	5.565217391304348	-53.0	0.07946026986506746	0.15142428785607195	-22.0	8037.109375	0.03298350824587706	101.0	30.088963399850762	33393.0	1994.0	-60.79268292682927	877339.0	26774.261474609375	-44.78658536585366	-855.0	1469.0	26.06707317073171	3692.3076923076924	2520.0	-1516.0	3.626794258373206	1936.0	-5.885167464114832	98.11736589688115	4783664.0	4.631578947368421	2460.0	
2524.0	5.608695652173913	1737.0	-2.9456521739130435	1759.0	5.369565217391304	-59.0	0.08845577211394302	0.15442278860569714	-27.0	8046.875	0.04047976011994003	103.0	30.088963399850762	33393.0	2141.0	-65.27439024390245	877659.0	26784.027099609375	-53.71951219512196	-1085.0	1762.0	33.07926829268293	3706.959706959707	2530.0	-1440.0	3.4449760765550237	1744.0	-5.770334928229665	98.11736589688115	4783664.0	4.172248803827751	2412.0	
2486.0	4.467391304347826	1842.0	-2.532608695652174	1759.0	5.369565217391304	-58.0	0.08695652173913043	0.14842578710644677	-25.0	8056.640625	0.037481259370314844	99.0	30.088963399850762	33393.0	2586.0	-78.84146341463415	877979.0	26793.792724609375	-61.3719512195122	-1213.0	2013.0	36.98170731707317	3717.2161172161173	2537.0	-1432.0	3.4258373205741623	1252.0	-5.617224880382775	98.11736589688115	4783664.0	2.9952153110047846	2348.0	
2422.0	3.369565217391304	1943.0	-1.8369565217391304	1757.0	5.391304347826087	-59.0	0.08845577211394302	0.136431784107946	-21.0	8066.40625	0.031484257871064465	91.0	30.088963399850762	33393.0	3063.0	-93.38414634146342	878299.0	26803.558349609375	-68.41463414634147	-919.0	2244.0	28.01829268292683	3705.4945054945056	2529.0	-1464.0	3.5023923444976077	940.0	-4.880382775119617	98.11736589688115	4783664.0	2.248803827751196	2040.0	
2319.0	2.652173913043478	2009.0	-0.717391304347826	1770.0	5.25	-68.0	0.10194902548725637	0.13343328335832083	-25.0	8076.171875	0.037481259370314844	89.0	30.088963399850762	33393.0	3502.0	-106.76829268292684	878619.0	26813.323974609375	-78.14024390243902	-463.0	2563.0	14.115853658536587	3723.0769230769233	2541.0	-1444.0	3.4545454545454546	500.0	-3.6076555023923444	98.11639373042203	4783760.0	1.1961722488038278	1508.0	
2250.0	2.5978260869565215	2014.0	0.03260869565217391	1793.0	5.0	-67.0	0.10044977511244378	0.12593703148425786	-19.0	8085.9375	0.02848575712143928	84.0	30.088963399850762	33393.0	3957.0	-120.64024390243904	878939.0	26823.089599609375	-87.04268292682927	-75.0	2855.0	2.2865853658536586	3731.868131868132	2547.0	-1320.0	3.1578947368421053	388.0	-2.631578947368421	98.11639373042203	4783760.0	0.9282296650717703	1100.0	
2196.0	3.0543478260869565	1972.0	0.6195652173913043	1821.0	4.695652173913043	-75.0	0.11244377811094453	0.11394302848575712	-18.0	8095.703125	0.026986506746626684	76.0	30.088963399850762	33393.0	4366.0	-133.109756097561	879259.0	26832.855224609375	-94.81707317073172	81.0	3110.0	-2.4695121951219514	3714.285714285714	2535.0	-1164.0	2.784688995215311	600.0	-1.8851674641148324	98.11639373042203	4783760.0	1.4354066985645932	788.0	
2158.0	3.8152173913043477	1902.0	1.0326086956521738	1842.0	4.467391304347826	-78.0	0.1169415292353823	0.10944527736131934	-13.0	8105.46875	0.019490254872563718	73.0	30.088963399850762	33393.0	4714.0	-143.71951219512195	879579.0	26842.620849609375	-103.07926829268294	-47.0	3381.0	1.4329268292682928	3723.0769230769233	2541.0	-1084.0	2.5933014354066986	924.0	-1.3014354066985645	98.11639373042203	4783760.0	2.2105263157894735	544.0	
2106.0	4.195652173913043	1867.0	1.5978260869565217	1858.0	4.293478260869565	-80.0	0.1199400299850075	0.10494752623688156	-14.0	8115.234375	0.020989505247376312	70.0	30.088963399850762	33393.0	4995.0	-152.28658536585368	879899.0	26852.386474609375	-112.34756097560977	-418.0	3685.0	12.743902439024392	3695.2380952380954	2522.0	-988.0	2.3636363636363638	1152.0	-0.7368421052631579	98.11639373042203	4783760.0	2.755980861244019	308.0	
2069.0	4.326086956521739	1855.0	2.0	1867.0	4.195652173913043	-90.0	0.13493253373313344	0.09295352323838081	-1.0	8125.0	0.0014992503748125937	62.0	30.088963399850762	33393.0	5321.0	-162.22560975609758	880219.0	26862.152099609375	-122.07317073170732	-923.0	4004.0	28.14024390243903	3714.285714285714	2535.0	-920.0	2.200956937799043	1236.0	-0.27751196172248804	98.11833806366612	4783568.0	2.956937799043062	116.0	
2018.0	4.239130434782608	1863.0	2.5543478260869565	1881.0	4.043478260869565	-91.0	0.136431784107946	0.07496251874062969	-1.0	8134.765625	0.0014992503748125937	50.0	30.088963399850762	33393.0	5676.0	-173.0487804878049	880539.0	26871.917724609375	-131.7378048780488	-1501.0	4321.0	45.76219512195122	3720.1465201465203	2539.0	-864.0	2.0669856459330145	1216.0	0.15311004784688995	98.11833806366612	4783568.0	2.909090909090909	-64.0	
1998.0	4.271739130434782	1860.0	2.7717391304347827	1910.0	3.7282608695652173	-101.0	0.15142428785607195	0.06146926536731634	6.0	8144.53125	-0.008995502248875561	41.0	30.088963399850762	33393.0	6012.0	-183.2926829268293	880859.0	26881.683349609375	-144.14634146341464	-2078.0	4728.0	63.35365853658537	3689.37728937729	2518.0	-736.0	1.7607655502392343	1220.0	0.6507177033492823	98.11833806366612	4783568.0	2.9186602870813396	-272.0	
1971.0	4.315217391304348	1856.0	3.0652173913043477	1945.0	3.3478260869565215	-95.0	0.1424287856071964	0.05547226386806597	12.0	8154.296875	-0.017991004497751123	37.0	30.088963399850762	33393.0	6393.0	-194.90853658536588	881179.0	26891.448974609375	-153.50609756097563	-2577.0	5035.0	78.56707317073172	3720.1465201465203	2539.0	-560.0	1.339712918660287	1224.0	0.9090909090909091	98.11833806366612	4783568.0	2.92822966507177	-380.0	
1944.0	4.521739130434782	1837.0	3.358695652173913	1973.0	3.043478260869565	-110.0	0.1649175412293853	0.035982008995502246	23.0	8164.0625	-0.034482758620689655	24.0	30.088963399850762	33393.0	6782.0	-206.76829268292684	881499.0	26901.214599609375	-160.45731707317074	-2971.0	5263.0	90.57926829268294	3743.5897435897436	2555.0	-380.0	0.9090909090909091	1284.0	1.3301435406698565	98.11833806366612	4783568.0	3.0717703349282295	-556.0	
1919.0	4.478260869565217	1841.0	3.6304347826086953	2005.0	2.6956521739130435	-117.0	0.17541229385307347	0.0239880059970015	25.0	8173.828125	-0.037481259370314844	16.0	30.088963399850762	33393.0	7230.0	-220.4268292682927	881819.0	26910.980224609375	-170.7317073170732	-3337.0	5600.0	101.73780487804879	3705.4945054945056	2529.0	-248.0	0.5933014354066986	1292.0	1.69377990430622	98.11736589688115	4783664.0	3.090909090909091	-708.0	
1893.0	4.510869565217392	1838.0	3.9130434782608696	2016.0	2.5760869565217392	-121.0	0.18140929535232383	0.0029985007496251873	41.0	8183.59375	-0.06146926536731634	2.0	30.088963399850762	33393.0	7742.0	-236.03658536585368	882139.0	26920.745849609375	-178.0487804878049	-3672.0	5840.0	111.95121951219514	3737.7289377289376	2551.0	-208.0	0.49760765550239233	1308.0	1.9043062200956937	98.11736589688115	4783664.0	3.129186602870813	-796.0	
1869.0	4.869565217391305	1805.0	4.173913043478261	2022.0	2.510869565217391	-116.0	0.17391304347826086	-0.017991004497751123	47.0	8193.359375	-0.0704647676161919	-12.0	30.088963399850762	33393.0	8215.0	-250.45731707317074	882459.0	26930.511474609375	-185.1219512195122	-3924.0	6072.0	119.63414634146342	3728.937728937729	2545.0	-172.0	0.41148325358851673	1488.0	2.1626794258373203	98.11736589688115	4783664.0	3.5598086124401913	-904.0	
1846.0	5.739130434782608	1725.0	4.423913043478261	2057.0	2.130434782608696	-126.0	0.1889055472263868	-0.025487256371814093	56.0	8203.125	-0.08395802098950525	-17.0	30.088963399850762	33393.0	8652.0	-263.7804878048781	882779.0	26940.277099609375	-190.91463414634148	-4260.0	6262.0	129.87804878048783	3706.959706959707	2530.0	8.0	-0.019138755980861243	1948.0	2.478468899521531	98.11736589688115	4783664.0	4.660287081339713	-1036.0	
1816.0	7.141304347826087	1596.0	4.75	2098.0	1.684782608695652	-125.0	0.1874062968515742	-0.050974512743628186	67.0	8212.890625	-0.10044977511244378	-34.0	30.088963399850762	33393.0	9032.0	-275.3658536585366	883099.0	26950.042724609375	-193.9939024390244	-4786.0	6363.0	145.91463414634148	3709.89010989011	2532.0	140.0	-0.33492822966507174	2244.0	2.5837320574162677	98.11736589688115	4783664.0	5.368421052631579	-1080.0	
1806.0	8.652173913043478	1457.0	4.858695652173913	2093.0	1.7391304347826086	-134.0	0.20089955022488756	-0.0704647676161919	79.0	8222.65625	-0.1184407796101949	-47.0	30.088963399850762	33393.0	9468.0	-288.6585365853659	883419.0	26959.808349609375	-194.75609756097563	-5684.0	6388.0	173.2926829268293	3709.89010989011	2532.0	200.0	-0.4784688995215311	2996.0	2.8708133971291865	98.11655575814258	4783744.0	7.167464114832535	-1200.0	
1769.0	9.42391304347826	1386.0	5.260869565217392	2052.0	2.1847826086956523	-128.0	0.191904047976012	-0.08545727136431784	87.0	8232.421875	-0.13043478260869565	-57.0	30.088963399850762	33393.0	9961.0	-303.68902439024396	883739.0	26969.573974609375	-195.70121951219514	-6638.0	6419.0	202.37804878048783	3731.868131868132	2547.0	52.0	-0.12440191387559808	3508.0	3.090909090909091	98.11655575814258	4783744.0	8.392344497607656	-1292.0	
1765.0	9.119565217391305	1414.0	5.304347826086956	2025.0	2.4782608695652173	-132.0	0.19790104947526235	-0.11244377811094453	105.0	8242.1875	-0.15742128935532235	-75.0	30.088963399850762	33393.0	10580.0	-322.5609756097561	884059.0	26979.339599609375	-195.88414634146343	-7301.0	6425.0	222.59146341463418	3699.6336996337	2525.0	-112.0	0.2679425837320574	3492.0	3.2440191387559807	98.11655575814258	4783744.0	8.354066985645932	-1356.0	
1730.0	7.543478260869565	1559.0	5.684782608695652	2034.0	2.380434782608696	-129.0	0.1934032983508246	-0.13193403298350825	117.0	8251.953125	-0.17541229385307347	-88.0	30.088963399850762	33393.0	11240.0	-342.6829268292683	884379.0	26989.105224609375	-197.01219512195124	-6490.0	6462.0	197.8658536585366	3715.7509157509157	2536.0	-180.0	0.43062200956937796	2900.0	3.5789473684210527	98.11655575814258	4783744.0	6.937799043062201	-1496.0	
1675.0	5.489130434782608	1748.0	6.282608695652174	2038.0	2.3369565217391304	-126.0	0.1889055472263868	-0.14392803598200898	142.0	8261.71875	-0.2128935532233883	-96.0	30.088963399850762	33393.0	11886.0	-362.37804878048786	884699.0	26998.870849609375	-198.20121951219514	-4885.0	6501.0	148.9329268292683	3721.611721611722	2540.0	-100.0	0.23923444976076555	1880.0	4.3349282296650715	98.11655575814258	4783744.0	4.497607655502392	-1812.0	
1570.0	3.6956521739130435	1913.0	7.423913043478261	2002.0	2.7282608695652173	-129.0	0.1934032983508246	-0.16941529235382308	164.0	8271.484375	-0.24587706146926536	-113.0	30.088963399850762	33393.0	12423.0	-378.75000000000006	885019.0	27008.636474609375	-206.9207317073171	-1653.0	6787.0	50.396341463414636	3726.007326007326	2543.0	-312.0	0.7464114832535885	1036.0	5.483253588516746	98.11833806366612	4783568.0	2.478468899521531	-2292.0	
1447.0	2.010869565217391	2068.0	8.76086956521739	2019.0	2.543478260869565	-120.0	0.17991004497751123	-0.1679160419790105	182.0	8281.25	-0.272863568215892	-112.0	30.088963399850762	33393.0	12800.0	-390.24390243902445	885339.0	27018.402099609375	-219.02439024390245	2887.0	7184.0	-88.01829268292684	3728.937728937729	2545.0	-268.0	0.6411483253588517	268.0	6.9952153110047846	98.11833806366612	4783568.0	0.6411483253588517	-2924.0	
1298.0	1.7282608695652173	2094.0	10.380434782608695	2108.0	1.576086956521739	-135.0	0.20239880059970014	-0.1934032983508246	209.0	8291.015625	-0.31334332833583206	-129.0	30.088963399850762	33393.0	13004.0	-396.4634146341464	885659.0	27028.167724609375	-236.9817073170732	7355.0	7773.0	-224.2378048780488	3708.4249084249086	2531.0	68.0	-0.16267942583732056	-24.0	8.842105263157894	98.11833806366612	4783568.0	-0.057416267942583726	-3696.0	
1208.0	3.8804347826086953	1896.0	11.358695652173912	2233.0	0.21739130434782608	-146.0	0.21889055472263869	-0.191904047976012	220.0	8300.78125	-0.3298350824587706	-128.0	30.088963399850762	33393.0	12873.0	-392.469512195122	885979.0	27037.933349609375	-244.81707317073173	10451.0	8030.0	-318.62804878048786	3696.703296703297	2523.0	652.0	-1.5598086124401913	912.0	10.105263157894736	98.11833806366612	4783568.0	2.1818181818181817	-4224.0	
1148.0	8.92391304347826	1432.0	12.01086956521739	2318.0	-0.7065217391304348	-168.0	0.2518740629685157	-0.18590704647676162	252.0	8310.546875	-0.3778110944527736	-124.0	30.088963399850762	33393.0	12364.0	-376.95121951219517	886299.0	27047.698974609375	-244.72560975609758	10615.0	8027.0	-323.62804878048786	3745.054945054945	2556.0	1168.0	-2.7942583732057416	3240.0	10.870813397129186	98.11833806366612	4783568.0	7.751196172248804	-4544.0	
1088.0	15.076086956521738	866.0	12.66304347826087	2363.0	-1.1956521739130435	-184.0	0.27586206896551724	-0.18590704647676162	274.0	8320.3125	-0.41079460269865065	-124.0	30.088963399850762	33393.0	11757.0	-358.44512195121956	886619.0	27057.464599609375	-244.05487804878052	8519.0	8005.0	-259.7256097560976	3740.6593406593406	2553.0	1456.0	-3.4832535885167464	6196.0	11.569377990430622	98.11898617503714	4783504.0	14.822966507177034	-4836.0	
1049.0	20.141304347826086	400.0	13.08695652173913	2362.0	-1.184782608695652	-198.0	0.29685157421289354	-0.17391304347826086	288.0	8330.078125	-0.43178410794602695	-116.0	30.088963399850762	33393.0	11458.0	-349.32926829268297	886939.0	27067.230224609375	-251.46341463414637	4644.0	8248.0	-141.58536585365854	3701.0989010989015	2526.0	1480.0	-3.54066985645933	8612.0	12.0	98.11898617503714	4783504.0	20.60287081339713	-5016.0	
1110.0	22.217391304347824	209.0	12.42391304347826	2406.0	-1.6630434782608696	-204.0	0.3058470764617691	-0.1679160419790105	317.0	8339.84375	-0.4752623688155922	-112.0	30.088963399850762	33393.0	11306.0	-344.69512195121956	887259.0	27076.995849609375	-260.76219512195127	859.0	8553.0	-26.189024390243905	3736.2637362637365	2550.0	1780.0	-4.258373205741627	9412.0	11.119617224880383	98.11898617503714	4783504.0	22.516746411483254	-4648.0	
1196.0	20.23913043478261	391.0	11.489130434782608	2528.0	-2.9891304347826084	-206.0	0.3088455772113943	-0.15442278860569714	336.0	8349.609375	-0.5037481259370314	-103.0	30.088963399850762	33393.0	11188.0	-341.0975609756098	887579.0	27086.761474609375	-256.9207317073171	-941.0	8427.0	28.689024390243905	3684.981684981685	2515.0	2320.0	-5.55023923444976	8220.0	10.076555023923445	98.11898617503714	4783504.0	19.665071770334926	-4212.0	
1169.0	15.66304347826087	812.0	11.782608695652174	2632.0	-4.119565217391305	-199.0	0.2983508245877061	-0.1619190404797601	360.0	8359.375	-0.5397301349325337	-108.0	30.088963399850762	33393.0	11236.0	-342.56097560975616	887899.0	27096.527099609375	-248.81097560975613	-758.0	8161.0	23.10975609756098	3712.820512820513	2534.0	2752.0	-6.583732057416268	5972.0	10.61244019138756	98.11898617503714	4783504.0	14.287081339712918	-4436.0	
1061.0	12.065217391304348	1143.0	12.956521739130434	2724.0	-5.119565217391304	-199.0	0.2983508245877061	-0.15742128935532235	379.0	8369.140625	-0.568215892053973	-105.0	30.088963399850762	33393.0	11286.0	-344.0853658536586	888219.0	27106.292724609375	-236.7378048780488	741.0	7765.0	-22.59146341463415	3727.4725274725274	2544.0	2960.0	-7.08133971291866	5048.0	11.349282296650717	98.11882414718082	4783520.0	12.076555023923445	-4744.0	
985.0	11.576086956521738	1188.0	13.782608695652174	2767.0	-5.58695652173913	-198.0	0.29685157421289354	-0.1454272863568216	404.0	8378.90625	-0.6056971514242878	-97.0	30.088963399850762	33393.0	10993.0	-335.1524390243903	888539.0	27116.058349609375	-216.5548780487805	1865.0	7103.0	-56.85975609756098	3712.820512820513	2534.0	3288.0	-7.866028708133971	4292.0	12.688995215311005	98.11882414718082	4783520.0	10.267942583732056	-5304.0	
1008.0	13.565217391304348	1005.0	13.532608695652174	2739.0	-5.282608695652174	-192.0	0.28785607196401797	-0.1409295352323838	425.0	8388.671875	-0.6371814092953523	-94.0	30.088963399850762	33393.0	10756.0	-327.9268292682927	888859.0	27125.823974609375	-199.14634146341464	1971.0	6532.0	-60.09146341463415	3740.6593406593406	2553.0	3172.0	-7.588516746411483	5116.0	12.765550239234448	98.11882414718082	4783520.0	12.239234449760765	-5336.0	
1027.0	15.782608695652174	801.0	13.326086956521738	2705.0	-4.913043478260869	-193.0	0.2893553223388306	-0.11544227886056971	446.0	8398.4375	-0.6686656671664167	-77.0	30.088963399850762	33393.0	10204.0	-311.0975609756098	889179.0	27135.589599609375	-181.9817073170732	1177.0	5969.0	-35.88414634146342	3746.5201465201467	2557.0	3168.0	-7.578947368421052	6256.0	12.354066985645932	98.11882414718082	4783520.0	14.966507177033492	-5164.0	
1013.0	16.75	712.0	13.478260869565217	2710.0	-4.967391304347826	-188.0	0.2818590704647676	-0.10044977511244378	463.0	8408.203125	-0.6941529235382309	-67.0	30.088963399850762	33393.0	9613.0	-293.07926829268297	889499.0	27145.355224609375	-169.84756097560978	79.0	5571.0	-2.408536585365854	3720.1465201465203	2539.0	3140.0	-7.511961722488038	6788.0	12.535885167464114	98.11882414718082	4783520.0	16.239234449760765	-5240.0	
1028.0	16.543478260869566	731.0	13.315217391304348	2680.0	-4.641304347826087	-183.0	0.27436281859070466	-0.095952023988006	478.0	8417.96875	-0.7166416791604198	-64.0	30.088963399850762	33393.0	9154.0	-279.0853658536586	889819.0	27155.120849609375	-160.15243902439025	-856.0	5253.0	26.09756097560976	3720.1465201465203	2539.0	2976.0	-7.119617224880383	6772.0	12.488038277511961	98.11785198023291	4783616.0	16.20095693779904	-5220.0	
1049.0	16.23913043478261	759.0	13.08695652173913	2621.0	-4.0	-177.0	0.2653673163418291	-0.08395802098950525	496.0	8427.734375	-0.7436281859070465	-56.0	30.088963399850762	33393.0	8708.0	-265.4878048780488	890139.0	27164.886474609375	-145.6707317073171	-1612.0	4778.0	49.146341463414636	3712.820512820513	2534.0	2692.0	-6.440191387559809	6568.0	12.200956937799043	98.11785198023291	4783616.0	15.71291866028708	-5100.0	
1101.0	16.108695652173914	771.0	12.521739130434781	2557.0	-3.3043478260869565	-170.0	0.25487256371814093	-0.07646176911544228	503.0	8437.5	-0.7541229385307346	-51.0	30.088963399850762	33393.0	8308.0	-253.2926829268293	890459.0	27174.652099609375	-134.81707317073173	-2427.0	4422.0	73.9939024390244	3723.0769230769233	2541.0	2356.0	-5.636363636363636	6516.0	11.531100478468899	98.11785198023291	4783616.0	15.588516746411482	-4820.0	
1138.0	15.25	850.0	12.119565217391305	2522.0	-2.9239130434782608	-163.0	0.24437781109445278	-0.06296851574212893	516.0	8447.265625	-0.7736131934032984	-42.0	30.088963399850762	33393.0	8038.0	-245.06097560975613	890779.0	27184.417724609375	-115.94512195121952	-3013.0	3803.0	91.85975609756099	3739.194139194139	2552.0	2156.0	-5.157894736842105	6164.0	11.07177033492823	98.11785198023291	4783616.0	14.746411483253588	-4628.0	
1143.0	13.67391304347826	995.0	12.065217391304348	2542.0	-3.141304347826087	-151.0	0.22638680659670163	-0.046476761619190406	528.0	8457.03125	-0.7916041979010494	-31.0	30.088963399850762	33393.0	7769.0	-236.859756097561	891099.0	27194.183349609375	-100.91463414634147	-3042.0	3310.0	92.7439024390244	3715.7509157509157	2536.0	2220.0	-5.311004784688995	5424.0	10.947368421052632	98.11785198023291	4783616.0	12.976076555023923	-4576.0	
1140.0	12.25	1126.0	12.097826086956522	2581.0	-3.5652173913043477	-145.0	0.21739130434782608	-0.047976011994003	534.0	8466.796875	-0.800599700149925	-32.0	30.088963399850762	33393.0	7333.0	-223.56707317073173	891419.0	27203.948974609375	-86.12804878048782	-2324.0	2825.0	70.85365853658537	3709.89010989011	2532.0	2424.0	-5.7990430622009566	4712.0	11.110047846889952	98.11736589688115	4783664.0	11.272727272727272	-4644.0	
1150.0	11.76086956521739	1171.0	11.989130434782608	2617.0	-3.9565217391304346	-136.0	0.20389805097451275	-0.029985007496251874	542.0	8476.5625	-0.8125937031484257	-20.0	30.088963399850762	33393.0	6719.0	-204.84756097560978	891739.0	27213.714599609375	-71.40243902439025	-1537.0	2342.0	46.85975609756098	3705.4945054945056	2529.0	2528.0	-6.047846889952153	4448.0	11.004784688995215	98.11736589688115	4783664.0	10.641148325358852	-4600.0	
1185.0	11.67391304347826	1179.0	11.608695652173912	2562.0	-3.358695652173913	-137.0	0.20539730134932532	-0.020989505247376312	547.0	8486.328125	-0.8200899550224887	-14.0	30.088963399850762	33393.0	6202.0	-189.08536585365854	892059.0	27223.480224609375	-48.29268292682927	-836.0	1584.0	25.487804878048784	3709.89010989011	2532.0	2244.0	-5.368421052631579	4448.0	10.593301435406698	98.11736589688115	4783664.0	10.641148325358852	-4428.0	
1195.0	11.728260869565217	1174.0	11.5	2455.0	-2.1956521739130435	-139.0	0.2083958020989505	0.0	555.0	8496.09375	-0.8320839580209894	0.0	30.088963399850762	33393.0	5619.0	-171.31097560975613	892379.0	27233.245849609375	-35.54878048780488	-406.0	1166.0	12.378048780487806	3706.959706959707	2530.0	1800.0	-4.30622009569378	4492.0	10.459330143540669	98.11736589688115	4783664.0	10.746411483253588	-4372.0	
1208.0	11.608695652173912	1185.0	11.358695652173912	2347.0	-1.0217391304347825	-135.0	0.20239880059970014	0.008995502248875561	557.0	8505.859375	-0.8350824587706147	6.0	30.088963399850762	33393.0	5014.0	-152.8658536585366	892699.0	27243.011474609375	-24.878048780487806	-72.0	816.0	2.1951219512195124	3726.007326007326	2543.0	1264.0	-3.0239234449760763	4424.0	10.296650717703349	98.11736589688115	4783664.0	10.583732057416267	-4304.0	
1224.0	11.434782608695652	1201.0	11.184782608695652	2326.0	-0.7934782608695652	-133.0	0.19940029985007496	0.020989505247376312	563.0	8515.625	-0.8440779610194902	14.0	30.088963399850762	33393.0	4399.0	-134.1158536585366	893019.0	27252.777099609375	-6.250000000000001	638.0	205.0	-19.451219512195124	3731.868131868132	2547.0	1168.0	-2.7942583732057416	4336.0	10.038277511961722	98.119634286553	4783440.0	10.373205741626794	-4196.0	
1235.0	11.91304347826087	1157.0	11.065217391304348	2300.0	-0.5108695652173912	-134.0	0.20089955022488756	0.02848575712143928	567.0	8525.390625	-0.8500749625187406	19.0	30.088963399850762	33393.0	3614.0	-110.1829268292683	893339.0	27262.542724609375	4.817073170731708	1183.0	-158.0	-36.06707317073171	3739.194139194139	2552.0	1152.0	-2.755980861244019	4420.0	10.028708133971291	98.119634286553	4783440.0	10.574162679425838	-4192.0	
1315.0	12.978260869565217	1059.0	10.195652173913043	2288.0	-0.3804347826086956	-139.0	0.2083958020989505	0.034482758620689655	577.0	8535.15625	-0.8650674662668666	23.0	30.088963399850762	33393.0	3053.0	-93.07926829268294	893659.0	27272.308349609375	12.347560975609758	1349.0	-405.0	-41.12804878048781	3740.6593406593406	2553.0	1060.0	-2.5358851674641145	4984.0	9.339712918660286	98.119634286553	4783440.0	11.923444976076555	-3904.0	
1342.0	13.33695652173913	1026.0	9.902173913043478	2249.0	0.043478260869565216	-134.0	0.20089955022488756	0.043478260869565216	577.0	8544.921875	-0.8650674662668666	29.0	30.088963399850762	33393.0	2614.0	-79.69512195121952	893979.0	27282.073974609375	28.932926829268297	1442.0	-949.0	-43.963414634146346	3745.054945054945	2556.0	864.0	-2.0669856459330145	5188.0	8.679425837320574	98.119634286553	4783440.0	12.411483253588516	-3628.0	
1348.0	13.706521739130434	992.0	9.83695652173913	2213.0	0.43478260869565216	-136.0	0.20389805097451275	0.046476761619190406	578.0	8554.6875	-0.8665667166416792	31.0	30.088963399850762	33393.0	2089.0	-63.68902439024391	894299.0	27291.839599609375	31.280487804878053	1170.0	-1026.0	-35.670731707317074	3709.89010989011	2532.0	752.0	-1.7990430622009568	5376.0	8.62200956937799	98.119634286553	4783440.0	12.861244019138756	-3604.0	
1380.0	13.880434782608695	976.0	9.48913043478261	2163.0	0.9782608695652174	-132.0	0.19790104947526235	0.05997001499250375	571.0	8564.453125	-0.856071964017991	40.0	30.088963399850762	33393.0	1684.0	-51.34146341463415	894619.0	27301.605224609375	33.109756097560975	664.0	-1086.0	-20.243902439024392	3736.2637362637365	2550.0	488.0	-1.1674641148325358	5568.0	8.430622009569378	98.1185000914953	4783552.0	13.320574162679426	-3524.0	
1386.0	12.989130434782608	1058.0	9.42391304347826	2109.0	1.5652173913043477	-137.0	0.20539730134932532	0.06146926536731634	575.0	8574.21875	-0.8620689655172413	41.0	30.088963399850762	33393.0	1494.0	-45.54878048780488	894939.0	27311.370849609375	42.28658536585366	876.0	-1387.0	-26.707317073170735	3709.89010989011	2532.0	272.0	-0.6507177033492823	5188.0	8.153110047846889	98.1185000914953	4783552.0	12.411483253588516	-3408.0	
1416.0	11.358695652173912	1208.0	9.097826086956522	2080.0	1.8804347826086956	-149.0	0.22338830584707645	0.07196401799100449	573.0	8583.984375	-0.8590704647676162	48.0	30.088963399850762	33393.0	1459.0	-44.48170731707317	895259.0	27321.136474609375	40.1829268292683	989.0	-1318.0	-30.152439024390247	3734.798534798535	2549.0	160.0	-0.3827751196172249	4460.0	7.7990430622009566	98.1185000914953	4783552.0	10.669856459330143	-3260.0	
1446.0	10.5	1287.0	8.771739130434783	2123.0	1.4130434782608696	-147.0	0.22038980509745126	0.07796101949025487	572.0	8593.75	-0.8575712143928036	52.0	30.088963399850762	33393.0	973.0	-29.664634146341466	895579.0	27330.902099609375	40.1219512195122	1775.0	-1316.0	-54.115853658536594	3727.4725274725274	2544.0	236.0	-0.5645933014354066	3948.0	7.444976076555023	98.1185000914953	4783552.0	9.444976076555024	-3112.0	
1466.0	12.130434782608695	1137.0	8.554347826086957	2120.0	1.4456521739130435	-151.0	0.22638680659670163	0.07496251874062969	567.0	8603.515625	-0.8500749625187406	50.0	30.088963399850762	33393.0	12.0	-0.3658536585365854	895899.0	27340.667724609375	33.963414634146346	3079.0	-1114.0	-93.8719512195122	3736.2637362637365	2550.0	328.0	-0.784688995215311	4488.0	7.205741626794258	98.1185000914953	4783552.0	10.736842105263158	-3012.0	
1507.0	15.880434782608695	792.0	8.108695652173912	1976.0	3.010869565217391	-155.0	0.23238380809595202	0.07796101949025487	574.0	8613.28125	-0.8605697151424287	52.0	30.088963399850762	33393.0	-489.0	14.908536585365855	896219.0	27350.433349609375	28.384146341463417	3760.0	-931.0	-114.63414634146342	3730.4029304029305	2546.0	-384.0	0.9186602870813396	6420.0	6.602870813397129	98.12109253799316	4783296.0	15.358851674641148	-2760.0	
1555.0	18.891304347826086	515.0	7.58695652173913	1772.0	5.228260869565217	-158.0	0.2368815592203898	0.07946026986506746	574.0	8623.046875	-0.8605697151424287	53.0	30.088963399850762	33393.0	-676.0	20.60975609756098	896539.0	27360.198974609375	24.603658536585368	2849.0	-807.0	-86.85975609756099	3750.915750915751	2560.0	-1356.0	3.2440191387559807	7900.0	6.095693779904306	98.12109253799316	4783296.0	18.89952153110048	-2548.0	
1648.0	19.27173913043478	480.0	6.576086956521739	1667.0	6.369565217391304	-157.0	0.2353823088455772	0.07946026986506746	578.0	8632.8125	-0.8665667166416792	53.0	30.088963399850762	33393.0	-989.0	30.152439024390247	896859.0	27369.964599609375	19.085365853658537	1532.0	-626.0	-46.707317073170735	3733.3333333333335	2548.0	-1900.0	4.545454545454545	8000.0	4.832535885167464	98.12109253799316	4783296.0	19.138755980861244	-2020.0	
1703.0	17.195652173913043	671.0	5.978260869565217	1665.0	6.391304347826087	-167.0	0.25037481259370314	0.07796101949025487	567.0	8642.578125	-0.8500749625187406	52.0	30.088963399850762	33393.0	-1059.0	32.28658536585366	897179.0	27379.730224609375	19.54268292682927	962.0	-641.0	-29.32926829268293	3709.89010989011	2532.0	-1900.0	4.545454545454545	6952.0	4.258373205741627	98.12109253799316	4783296.0	16.63157894736842	-1780.0	
1669.0	15.184782608695652	856.0	6.3478260869565215	1706.0	5.945652173913043	-161.0	0.24137931034482757	0.07796101949025487	567.0	8652.34375	-0.8500749625187406	52.0	30.088963399850762	33393.0	-1010.0	30.792682926829272	897499.0	27389.495849609375	13.323170731707318	688.0	-437.0	-20.975609756097562	3740.6593406593406	2553.0	-1656.0	3.9617224880382773	6060.0	4.746411483253588	98.12109253799316	4783296.0	14.497607655502392	-1984.0	
1626.0	14.489130434782608	920.0	6.815217391304348	1779.0	5.1521739130434785	-164.0	0.24587706146926536	0.08095952023988005	567.0	8662.109375	-0.8500749625187406	54.0	30.088963399850762	33393.0	-1049.0	31.981707317073173	897819.0	27399.261474609375	10.823170731707318	942.0	-355.0	-28.719512195121954	3730.4029304029305	2546.0	-1296.0	3.1004784688995213	5816.0	5.23444976076555	98.11704184135857	4783696.0	13.913875598086124	-2188.0	
1595.0	14.521739130434781	917.0	7.1521739130434785	1831.0	4.58695652173913	-169.0	0.25337331334332835	0.08095952023988005	566.0	8671.875	-0.848575712143928	54.0	30.088963399850762	33393.0	-956.0	29.146341463414636	898139.0	27409.027099609375	11.920731707317074	977.0	-391.0	-29.78658536585366	3727.4725274725274	2544.0	-1172.0	2.803827751196172	5820.0	5.4066985645933014	98.11704184135857	4783696.0	13.923444976076555	-2260.0	
1564.0	15.032608695652174	870.0	7.489130434782608	1871.0	4.1521739130434785	-166.0	0.24887556221889054	0.08095952023988005	563.0	8681.640625	-0.8440779610194902	54.0	30.088963399850762	33393.0	-921.0	28.07926829268293	898459.0	27418.792724609375	12.256097560975611	704.0	-402.0	-21.463414634146343	3745.054945054945	2556.0	-972.0	2.325358851674641	5976.0	5.712918660287081	98.11704184135857	4783696.0	14.296650717703349	-2388.0	
1515.0	15.858695652173912	794.0	8.021739130434783	1963.0	3.152173913043478	-173.0	0.2593703148425787	0.06896551724137931	566.0	8691.40625	-0.848575712143928	46.0	30.088963399850762	33393.0	-1306.0	39.81707317073171	898779.0	27428.558349609375	13.109756097560977	432.0	-430.0	-13.170731707317074	3721.611721611722	2540.0	-632.0	1.5119617224880382	6308.0	6.344497607655502	98.11704184135857	4783696.0	15.09090909090909	-2652.0	
1438.0	16.26086956521739	757.0	8.858695652173912	2107.0	1.5869565217391304	-172.0	0.2578710644677661	0.07346326836581708	569.0	8701.171875	-0.8530734632683658	49.0	30.088963399850762	33393.0	-1940.0	59.146341463414636	899099.0	27438.323974609375	16.402439024390244	103.0	-538.0	-3.1402439024390247	3747.985347985348	2558.0	40.0	-0.09569377990430622	6536.0	7.2727272727272725	98.11704184135857	4783696.0	15.636363636363635	-3040.0	
1377.0	16.456521739130434	739.0	9.521739130434783	2310.0	-0.6195652173913043	-174.0	0.2608695652173913	0.07496251874062969	561.0	8710.9375	-0.841079460269865	50.0	30.088963399850762	33393.0	-2670.0	81.40243902439025	899419.0	27448.089599609375	17.5	-161.0	-574.0	4.908536585365854	3696.703296703297	2523.0	1008.0	-2.4114832535885165	6576.0	8.105263157894736	98.11752792465603	4783648.0	15.732057416267942	-3388.0	
1345.0	16.608695652173914	725.0	9.869565217391305	2495.0	-2.630434782608696	-175.0	0.2623688155922039	0.06896551724137931	560.0	8720.703125	-0.8395802098950524	46.0	30.088963399850762	33393.0	-3383.0	103.14024390243904	899739.0	27457.855224609375	26.189024390243905	216.0	-859.0	-6.585365853658537	3734.798534798535	2549.0	1916.0	-4.583732057416268	6736.0	8.555023923444976	98.11752792465603	4783648.0	16.114832535885167	-3576.0	
1318.0	15.456521739130434	831.0	10.16304347826087	2591.0	-3.6739130434782608	-172.0	0.2578710644677661	0.05697151424287856	567.0	8730.46875	-0.8500749625187406	38.0	30.088963399850762	33393.0	-3919.0	119.48170731707319	900059.0	27467.620849609375	38.47560975609756	1015.0	-1262.0	-30.945121951219516	3714.285714285714	2535.0	2456.0	-5.875598086124402	6264.0	8.947368421052632	98.11752792465603	4783648.0	14.985645933014354	-3740.0	
1288.0	14.83695652173913	888.0	10.489130434782608	2611.0	-3.891304347826087	-178.0	0.26686656671664166	0.05247376311844078	559.0	8740.234375	-0.8380809595202399	35.0	30.088963399850762	33393.0	-4336.0	132.19512195121953	900379.0	27477.386474609375	50.88414634146342	1056.0	-1669.0	-32.19512195121951	3712.820512820513	2534.0	2576.0	-6.162679425837321	5948.0	9.272727272727272	98.11752792465603	4783648.0	14.229665071770334	-3876.0	
1287.0	14.16304347826087	950.0	10.5	2625.0	-4.043478260869565	-184.0	0.27586206896551724	0.047976011994003	557.0	8750.0	-0.8350824587706147	32.0	30.088963399850762	33393.0	-4805.0	146.4939024390244	900699.0	27487.152099609375	64.78658536585367	1435.0	-2125.0	-43.75000000000001	3728.937728937729	2545.0	2676.0	-6.401913875598086	5616.0	9.215311004784688	98.11752792465603	4783648.0	13.435406698564593	-3852.0	
1298.0	14.380434782608695	930.0	10.380434782608695	2656.0	-4.380434782608695	-185.0	0.2773613193403298	0.035982008995502246	550.0	8759.765625	-0.8245877061469266	24.0	30.088963399850762	33393.0	-5529.0	168.56707317073173	901019.0	27496.917724609375	78.75000000000001	1321.0	-2583.0	-40.274390243902445	3728.937728937729	2545.0	2832.0	-6.77511961722488	5668.0	9.138755980861244	98.11720386911533	4783680.0	13.559808612440191	-3820.0	
1301.0	14.217391304347826	945.0	10.347826086956522	2687.0	-4.717391304347826	-192.0	0.28785607196401797	0.031484257871064465	545.0	8769.53125	-0.8170914542728636	21.0	30.088963399850762	33393.0	-6190.0	188.71951219512198	901339.0	27506.683349609375	89.51219512195122	1749.0	-2936.0	-53.32317073170732	3730.4029304029305	2546.0	2996.0	-7.167464114832535	5588.0	9.07177033492823	98.11720386911533	4783680.0	13.368421052631579	-3792.0	
1270.0	13.92391304347826	972.0	10.684782608695652	2728.0	-5.163043478260869	-198.0	0.29685157421289354	0.01199400299850075	539.0	8779.296875	-0.808095952023988	8.0	30.088963399850762	33393.0	-6838.0	208.47560975609758	901659.0	27516.448974609375	110.03048780487806	2151.0	-3609.0	-65.57926829268293	3734.798534798535	2549.0	3160.0	-7.559808612440191	5452.0	9.511961722488039	98.11720386911533	4783680.0	13.043062200956937	-3976.0	
1219.0	13.619565217391305	1000.0	11.239130434782608	2751.0	-5.413043478260869	-208.0	0.3118440779610195	0.010494752623688156	531.0	8789.0625	-0.7961019490254873	7.0	30.088963399850762	33393.0	-7459.0	227.40853658536588	901979.0	27526.214599609375	127.22560975609757	2266.0	-4173.0	-69.08536585365854	3743.5897435897436	2555.0	3272.0	-7.827751196172248	5296.0	10.114832535885167	98.11720386911533	4783680.0	12.669856459330143	-4228.0	
1177.0	13.945652173913043	970.0	11.695652173913043	2774.0	-5.663043478260869	-212.0	0.31784107946026985	0.008995502248875561	526.0	8798.828125	-0.7886056971514243	6.0	30.088963399850762	33393.0	-7822.0	238.47560975609758	902299.0	27535.980224609375	143.0487804878049	2491.0	-4692.0	-75.94512195121952	3708.4249084249086	2531.0	3352.0	-8.019138755980862	5524.0	10.727272727272727	98.11720386911533	4783680.0	13.215311004784688	-4484.0	
1144.0	13.554347826086957	1006.0	12.054347826086957	2813.0	-6.08695652173913	-221.0	0.3313343328335832	-0.004497751124437781	511.0	8808.59375	-0.7661169415292354	-3.0	30.088963399850762	33393.0	-8225.0	250.76219512195124	902619.0	27545.745849609375	160.3658536585366	2681.0	-5260.0	-81.73780487804879	3739.194139194139	2552.0	3584.0	-8.574162679425838	5276.0	10.976076555023923	98.11590764731467	4783808.0	12.62200956937799	-4588.0	
1100.0	12.858695652173912	1070.0	12.532608695652174	2885.0	-6.869565217391304	-223.0	0.33433283358320837	-0.017991004497751123	500.0	8818.359375	-0.7496251874062968	-12.0	30.088963399850762	33393.0	-8567.0	261.1890243902439	902939.0	27555.511474609375	178.9329268292683	2944.0	-5869.0	-89.75609756097562	3728.937728937729	2545.0	4048.0	-9.68421052631579	4988.0	11.598086124401913	98.11590764731467	4783808.0	11.933014354066986	-4848.0	
1061.0	12.891304347826086	1067.0	12.956521739130434	2985.0	-7.956521739130435	-237.0	0.35532233883058467	-0.026986506746626684	477.0	8828.125	-0.7151424287856072	-18.0	30.088963399850762	33393.0	-8796.0	268.1707317073171	903259.0	27565.277099609375	198.38414634146343	3140.0	-6507.0	-95.73170731707317	3736.2637362637365	2550.0	4256.0	-10.181818181818182	5012.0	11.894736842105262	98.11590764731467	4783808.0	11.990430622009569	-4972.0	
1035.0	12.92391304347826	1064.0	13.239130434782608	3060.0	-8.771739130434783	-247.0	0.3703148425787106	-0.031484257871064465	468.0	8837.890625	-0.7016491754122939	-21.0	30.088963399850762	33393.0	-9029.0	275.2743902439025	903579.0	27575.042724609375	220.45731707317074	3241.0	-7231.0	-98.81097560975611	3730.4029304029305	2546.0	4764.0	-11.39712918660287	5060.0	12.009569377990431	98.11590764731467	4783808.0	12.105263157894736	-5020.0	
1009.0	13.206521739130434	1038.0	13.521739130434781	3111.0	-9.326086956521738	-261.0	0.3913043478260869	-0.035982008995502246	448.0	8847.65625	-0.671664167916042	-24.0	30.088963399850762	33393.0	-9219.0	281.06707317073176	903899.0	27584.808349609375	240.88414634146343	3176.0	-7901.0	-96.82926829268294	3709.89010989011	2532.0	5004.0	-11.971291866028707	5140.0	12.488038277511961	98.11590764731467	4783808.0	12.296650717703349	-5220.0	
989.0	13.445652173913043	1016.0	13.739130434782608	3135.0	-9.58695652173913	-263.0	0.39430284857571213	-0.05247376311844078	438.0	8857.421875	-0.656671664167916	-35.0	30.10884731153492	33397.0	-9453.0	288.20121951219517	904219.0	27594.573974609375	260.3963414634147	3016.0	-8541.0	-91.95121951219512	3739.194139194139	2552.0	5124.0	-12.258373205741627	5268.0	12.736842105263158	98.11926460933263	4783808.0	12.602870813397129	-5324.0	
983.0	13.445652173913043	1016.0	13.804347826086957	3132.0	-9.554347826086957	-272.0	0.4077961019490255	-0.04947526236881559	417.0	8867.1875	-0.6251874062968515	-33.0	30.10884731153492	33397.0	-9487.0	289.2378048780488	904539.0	27604.339599609375	278.5365853658537	2639.0	-9136.0	-80.45731707317074	3733.3333333333335	2548.0	5148.0	-12.31578947368421	5304.0	12.77511961722488	98.11926460933263	4783808.0	12.688995215311005	-5340.0	
990.0	13.5	1011.0	13.728260869565217	3180.0	-10.076086956521738	-283.0	0.424287856071964	-0.046476761619190406	389.0	8876.953125	-0.5832083958020989	-31.0	30.10884731153492	33397.0	-9571.0	291.7987804878049	904859.0	27614.105224609375	290.51829268292687	2163.0	-9529.0	-65.94512195121952	3728.937728937729	2545.0	5324.0	-12.736842105263158	5324.0	12.708133971291865	98.11926460933263	4783808.0	12.736842105263158	-5312.0	
988.0	13.282608695652174	1031.0	13.75	3269.0	-11.043478260869565	-281.0	0.4212893553223388	-0.04497751124437781	375.0	8886.71875	-0.5622188905547226	-30.0	30.10884731153492	33397.0	-9663.0	294.6036585365854	905179.0	27623.870849609375	307.19512195121956	2001.0	-10076.0	-61.00609756097562	3708.4249084249086	2531.0	5736.0	-13.722488038277511	5224.0	12.650717703349281	98.11926460933263	4783808.0	12.497607655502392	-5288.0	
987.0	12.717391304347826	1083.0	13.76086956521739	3256.0	-10.902173913043478	-289.0	0.4332833583208396	-0.046476761619190406	356.0	8896.484375	-0.5337331334332833	-31.0	30.10884731153492	33397.0	-9783.0	298.26219512195127	905499.0	27633.636474609375	319.57317073170736	1629.0	-10482.0	-49.66463414634147	3718.6813186813188	2538.0	5784.0	-13.837320574162678	5004.0	12.765550239234448	98.11926460933263	4783808.0	11.971291866028707	-5336.0	
1007.0	12.282608695652174	1123.0	13.543478260869565	3191.0	-10.195652173913043	-289.0	0.4332833583208396	-0.04947526236881559	325.0	8906.25	-0.4872563718140929	-33.0	30.10884731153492	33397.0	-9406.0	286.76829268292687	905819.0	27643.402099609375	333.9634146341464	1316.0	-10954.0	-40.1219512195122	3721.611721611722	2540.0	5436.0	-13.004784688995215	4820.0	12.4688995215311	98.12866253591622	4782880.0	11.531100478468899	-5212.0	
1058.0	12.217391304347826	1129.0	12.989130434782608	3102.0	-9.228260869565217	-290.0	0.43478260869565216	-0.041979010494752625	306.0	8916.015625	-0.4587706146926537	-28.0	30.10884731153492	33397.0	-9277.0	282.8353658536586	906139.0	27653.167724609375	340.5487804878049	827.0	-11170.0	-25.213414634146343	3737.7289377289376	2551.0	5016.0	-12.0	4764.0	11.875598086124402	98.12866253591622	4782880.0	11.39712918660287	-4964.0	
1153.0	12.032608695652174	1146.0	11.956521739130434	3059.0	-8.76086956521739	-302.0	0.45277361319340326	-0.034482758620689655	278.0	8925.78125	-0.416791604197901	-23.0	30.10884731153492	33397.0	-9264.0	282.4390243902439	906459.0	27662.933349609375	346.219512195122	428.0	-11356.0	-13.04878048780488	3696.703296703297	2523.0	4740.0	-11.339712918660286	4656.0	10.698564593301436	98.12866253591622	4782880.0	11.138755980861244	-4472.0	
1212.0	11.83695652173913	1164.0	11.315217391304348	3015.0	-8.282608695652174	-292.0	0.43778110944527737	-0.04047976011994003	255.0	8935.546875	-0.3823088455772114	-27.0	30.10884731153492	33397.0	-9295.0	283.38414634146346	906779.0	27672.698974609375	348.68902439024396	86.0	-11437.0	-2.6219512195121952	3739.194139194139	2552.0	4644.0	-11.110047846889952	4608.0	9.971291866028707	98.12866253591622	4782880.0	11.023923444976075	-4168.0	
1231.0	11.032608695652174	1238.0	11.108695652173912	2976.0	-7.858695652173913	-284.0	0.4257871064467766	-0.029985007496251874	236.0	8945.3125	-0.3538230884557721	-20.0	30.10884731153492	33397.0	-9190.0	280.1829268292683	907099.0	27682.464599609375	347.1646341463415	290.0	-11387.0	-8.841463414634147	3737.7289377289376	2551.0	4384.0	-10.488038277511961	4164.0	9.770334928229664	98.12866253591622	4782880.0	9.961722488038276	-4084.0	
1272.0	8.902173913043478	1434.0	10.66304347826087	2910.0	-7.141304347826087	-282.0	0.42278860569715143	-0.031484257871064465	206.0	8955.078125	-0.3088455772113943	-21.0	30.10884731153492	33397.0	-8857.0	270.0304878048781	907419.0	27692.230224609375	344.1768292682927	632.0	-11289.0	-19.26829268292683	3711.3553113553116	2533.0	3996.0	-9.559808612440191	3160.0	9.291866028708133	98.12412560203946	4783328.0	7.559808612440191	-3884.0	
1360.0	7.293478260869565	1582.0	9.706521739130434	2824.0	-6.206521739130435	-281.0	0.4212893553223388	-0.005997001499250375	181.0	8964.84375	-0.27136431784107945	-4.0	30.10884731153492	33397.0	-8523.0	259.8475609756098	907739.0	27701.995849609375	342.07317073170736	1084.0	-11220.0	-33.04878048780488	3737.7289377289376	2551.0	3604.0	-8.62200956937799	2452.0	7.971291866028708	98.12412560203946	4783328.0	5.866028708133971	-3332.0	
1490.0	6.934782608695652	1615.0	8.293478260869565	2765.0	-5.565217391304348	-281.0	0.4212893553223388	-0.005997001499250375	181.0	8974.609375	-0.27136431784107945	-4.0	30.10884731153492	33397.0	-8361.0	254.90853658536588	908059.0	27711.761474609375	341.9817073170732	1637.0	-11217.0	-49.90853658536586	3727.4725274725274	2544.0	3308.0	-7.913875598086124	2324.0	6.401913875598086	98.12412560203946	4783328.0	5.559808612440191	-2676.0	
1584.0	7.108695652173913	1599.0	7.271739130434782	2673.0	-4.565217391304348	-268.0	0.4017991004497751	0.005997001499250375	165.0	8984.375	-0.24737631184407796	4.0	30.10884731153492	33397.0	-8047.0	245.33536585365857	908379.0	27721.527099609375	343.5365853658537	1972.0	-11268.0	-60.1219512195122	3718.6813186813188	2538.0	3088.0	-7.38755980861244	2384.0	5.732057416267942	98.12412560203946	4783328.0	5.70334928229665	-2396.0	
1640.0	7.5978260869565215	1554.0	6.663043478260869	2586.0	-3.619565217391304	-268.0	0.4017991004497751	0.005997001499250375	165.0	8994.140625	-0.24737631184407796	4.0	30.10884731153492	33397.0	-7608.0	231.95121951219514	908699.0	27731.292724609375	341.4634146341464	2014.0	-11200.0	-61.40243902439025	3711.3553113553116	2533.0	2556.0	-6.114832535885167	2596.0	4.92822966507177	98.12412560203946	4783328.0	6.2105263157894735	-2060.0	
1687.0	7.902173913043478	1526.0	6.1521739130434785	2566.0	-3.402173913043478	-253.0	0.3793103448275862	0.017991004497751123	126.0	9003.90625	-0.1889055472263868	12.0	30.10884731153492	33397.0	-7331.0	223.50609756097563	909019.0	27741.058349609375	339.51219512195127	2004.0	-11136.0	-61.09756097560976	3709.89010989011	2532.0	2456.0	-5.875598086124402	2792.0	4.344497607655502	98.12428763526998	4783312.0	6.679425837320574	-1816.0	
1700.0	7.869565217391304	1529.0	6.010869565217392	2482.0	-2.4891304347826084	-236.0	0.3538230884557721	0.029985007496251874	112.0	9013.671875	-0.1679160419790105	20.0	30.10884731153492	33397.0	-6973.0	212.59146341463418	909339.0	27750.823974609375	336.3719512195122	1832.0	-11033.0	-55.85365853658537	3749.4505494505493	2559.0	2136.0	-5.110047846889952	2832.0	4.105263157894736	98.12428763526998	4783312.0	6.77511961722488	-1716.0	
1709.0	7.239130434782608	1587.0	5.913043478260869	2384.0	-1.4239130434782608	-245.0	0.36731634182908546	0.04497751124437781	88.0	9023.4375	-0.13193403298350825	30.0	30.10884731153492	33397.0	-6498.0	198.109756097561	909659.0	27760.589599609375	330.2743902439025	1538.0	-10833.0	-46.89024390243903	3740.6593406593406	2553.0	1688.0	-4.038277511961723	2600.0	4.019138755980861	98.12428763526998	4783312.0	6.220095693779904	-1680.0	
1745.0	6.489130434782608	1656.0	5.521739130434782	2321.0	-0.7391304347826086	-226.0	0.33883058470764615	0.06746626686656672	67.0	9033.203125	-0.10044977511244378	45.0	30.10884731153492	33397.0	-6148.0	187.43902439024393	909979.0	27770.355224609375	323.2926829268293	1297.0	-10604.0	-39.54268292682927	3720.1465201465203	2539.0	1300.0	-3.110047846889952	2236.0	3.69377990430622	98.12428763526998	4783312.0	5.349282296650718	-1544.0	
1793.0	6.119565217391304	1690.0	5.0	2279.0	-0.2826086956521739	-217.0	0.32533733133433285	0.07646176911544228	60.0	9042.96875	-0.08995502248875561	51.0	30.10884731153492	33397.0	-5897.0	179.78658536585368	910299.0	27780.120849609375	318.75000000000006	995.0	-10455.0	-30.33536585365854	3714.285714285714	2535.0	1028.0	-2.4593301435406696	2000.0	3.0813397129186604	98.12428763526998	4783312.0	4.784688995215311	-1288.0	
1830.0	6.010869565217392	1700.0	4.5978260869565215	2237.0	0.17391304347826086	-200.0	0.29985007496251875	0.08845577211394302	50.0	9052.734375	-0.07496251874062969	59.0	30.10884731153492	33397.0	-5520.0	168.2926829268293	910619.0	27789.886474609375	313.32317073170736	743.0	-10277.0	-22.652439024390247	3705.4945054945056	2529.0	876.0	-2.0956937799043063	1992.0	2.5933014354066986	98.1191025763827	4783824.0	4.765550239234449	-1084.0	
1840.0	6.076086956521739	1694.0	4.489130434782608	2185.0	0.7391304347826086	-189.0	0.2833583208395802	0.10644677661169415	31.0	9062.5	-0.046476761619190406	71.0	30.10884731153492	33397.0	-5093.0	155.27439024390245	910939.0	27799.652099609375	305.45731707317077	414.0	-10019.0	-12.621951219512196	3715.7509157509157	2536.0	600.0	-1.4354066985645932	2036.0	2.401913875598086	98.1191025763827	4783824.0	4.8708133971291865	-1004.0	
1857.0	5.978260869565217	1703.0	4.304347826086956	2123.0	1.4130434782608696	-167.0	0.25037481259370314	0.11544227886056971	22.0	9072.265625	-0.03298350824587706	77.0	30.10884731153492	33397.0	-4699.0	143.26219512195124	911259.0	27809.417724609375	295.609756097561	-75.0	-9696.0	2.2865853658536586	3704.029304029304	2528.0	280.0	-0.6698564593301435	1952.0	2.2392344497607652	98.1191025763827	4783824.0	4.669856459330143	-936.0	
1883.0	5.413043478260869	1755.0	4.021739130434782	2050.0	2.2065217391304346	-156.0	0.2338830584707646	0.12293853073463268	11.0	9082.03125	-0.01649175412293853	82.0	30.10884731153492	33397.0	-4376.0	133.41463414634148	911579.0	27819.183349609375	285.64024390243907	-623.0	-9369.0	18.993902439024392	3728.937728937729	2545.0	-40.0	0.09569377990430622	1724.0	1.9330143540669855	98.1191025763827	4783824.0	4.124401913875598	-808.0	
1905.0	4.923913043478261	1800.0	3.782608695652174	1964.0	3.141304347826087	-142.0	0.2128935532233883	0.13043478260869565	9.0	9091.796875	-0.013493253373313342	87.0	30.10884731153492	33397.0	-4061.0	123.81097560975611	911899.0	27828.948974609375	272.7134146341464	-1081.0	-8945.0	32.957317073170735	3736.2637362637365	2550.0	-428.0	1.0239234449760766	1508.0	1.7320574162679425	98.1191025763827	4783824.0	3.6076555023923444	-724.0	
1899.0	4.4021739130434785	1848.0	3.8478260869565215	1872.0	4.141304347826087	-127.0	0.19040479760119938	0.15292353823088456	4.0	9101.5625	-0.005997001499250375	102.0	30.10884731153492	33397.0	-3783.0	115.33536585365854	912219.0	27838.714599609375	256.95121951219517	-1451.0	-8428.0	44.237804878048784	3745.054945054945	2556.0	-864.0	2.0669856459330145	1240.0	1.8086124401913874	98.12169510466765	4783568.0	2.9665071770334928	-756.0	
1889.0	3.782608695652174	1905.0	3.9565217391304346	1788.0	5.054347826086956	-118.0	0.17691154422788605	0.1454272863568216	-14.0	9111.328125	0.020989505247376312	97.0	30.10884731153492	33397.0	-3542.0	107.98780487804879	912539.0	27848.480224609375	237.83536585365854	-1708.0	-7801.0	52.07317073170732	3721.611721611722	2540.0	-1352.0	3.2344497607655502	964.0	2.0	98.12169510466765	4783568.0	2.3062200956937797	-836.0	
1885.0	3.0978260869565215	1968.0	4.0	1676.0	6.271739130434782	-106.0	0.15892053973013492	0.14992503748125938	-14.0	9121.09375	0.020989505247376312	100.0	30.10884731153492	33397.0	-3285.0	100.15243902439025	912859.0	27858.245849609375	216.06707317073173	-1823.0	-7087.0	55.57926829268293	3740.6593406593406	2553.0	-1868.0	4.4688995215311005	652.0	2.0191387559808613	98.12169510466765	4783568.0	1.5598086124401913	-844.0	
1907.0	2.5543478260869565	2018.0	3.760869565217391	1592.0	7.184782608695652	-95.0	0.1424287856071964	0.1679160419790105	-19.0	9130.859375	0.02848575712143928	112.0	30.10884731153492	33397.0	-2991.0	91.18902439024392	913179.0	27868.011474609375	193.0487804878049	-1981.0	-6332.0	60.39634146341464	3704.029304029304	2528.0	-2260.0	5.4066985645933014	428.0	1.3205741626794258	98.12169510466765	4783568.0	1.0239234449760766	-552.0	
1934.0	2.3260869565217392	2039.0	3.467391304347826	1555.0	7.58695652173913	-82.0	0.12293853073463268	0.1664167916041979	-22.0	9140.625	0.03298350824587706	111.0	30.10884731153492	33397.0	-2664.0	81.21951219512196	913499.0	27877.777099609375	169.72560975609758	-2168.0	-5567.0	66.09756097560977	3727.4725274725274	2544.0	-2368.0	5.665071770334928	356.0	1.6172248803827751	98.12169510466765	4783568.0	0.8516746411483254	-676.0	
1972.0	2.1630434782608696	2054.0	3.0543478260869565	1547.0	7.673913043478261	-71.0	0.10644677661169415	0.17691154422788605	-20.0	9150.390625	0.029985007496251874	118.0	30.10884731153492	33397.0	-2345.0	71.4939024390244	913819.0	27887.542724609375	145.21341463414635	-2383.0	-4763.0	72.65243902439025	3733.3333333333335	2548.0	-2412.0	5.770334928229665	264.0	1.062200956937799	98.11877851051003	4783856.0	0.631578947368421	-444.0	
2015.0	1.9782608695652173	2071.0	2.5869565217391304	1553.0	7.608695652173913	-61.0	0.0914542728635682	0.17841079460269865	-17.0	9160.15625	0.025487256371814093	119.0	30.10884731153492	33397.0	-2058.0	62.743902439024396	914139.0	27897.308349609375	120.60975609756099	-2516.0	-3956.0	76.70731707317074	3706.959706959707	2530.0	-2376.0	5.684210526315789	200.0	0.6124401913875598	98.11877851051003	4783856.0	0.4784688995215311	-256.0	
2012.0	2.0978260869565215	2060.0	2.619565217391304	1456.0	8.66304347826087	-60.0	0.08995502248875561	0.1829085457271364	-32.0	9169.921875	0.047976011994003	122.0	30.10884731153492	33397.0	-1765.0	53.8109756097561	914459.0	27907.073974609375	91.70731707317074	-2685.0	-3008.0	81.85975609756099	3747.985347985348	2558.0	-2716.0	6.497607655502392	164.0	0.3827751196172249	98.11877851051003	4783856.0	0.3923444976076555	-160.0	
1994.0	2.9782608695652173	1979.0	2.8152173913043477	1532.0	7.83695652173913	-48.0	0.07196401799100449	0.18590704647676162	-18.0	9179.6875	0.026986506746626684	124.0	30.10884731153492	33397.0	-1446.0	44.08536585365854	914779.0	27916.839599609375	70.3048780487805	-3109.0	-2306.0	94.78658536585367	3743.5897435897436	2555.0	-2660.0	6.363636363636363	544.0	0.8516746411483254	98.11877851051003	4783856.0	1.3014354066985645	-356.0	
2051.0	2.108695652173913	2059.0	2.1956521739130435	1543.0	7.717391304347826	-42.0	0.06296851574212893	0.1934032983508246	-21.0	9189.453125	0.031484257871064465	129.0	30.10884731153492	33397.0	-709.0	21.615853658536587	915099.0	27926.605224609375	47.28658536585366	-3442.0	-1551.0	104.93902439024392	3726.007326007326	2543.0	-2260.0	5.4066985645933014	484.0	-0.009569377990430622	98.11877851051003	4783856.0	1.1578947368421053	4.0	
2050.0	-0.11956521739130435	2264.0	2.2065217391304346	1407.0	9.195652173913043	-45.0	0.06746626686656672	0.20239880059970014	-31.0	9199.21875	0.046476761619190406	135.0	30.10884731153492	33397.0	350.0	-10.670731707317074	915419.0	27936.370849609375	5.060975609756098	-4349.0	-166.0	132.59146341463415	3714.285714285714	2535.0	-3044.0	7.282296650717703	-672.0	0.2296650717703349	98.11748224738139	4783984.0	-1.6076555023923444	-96.0	
2132.0	-1.434782608695652	2385.0	1.315217391304348	1411.0	9.152173913043478	-40.0	0.05997001499250375	0.19640179910044978	-26.0	9208.984375	0.038980509745127435	131.0	30.10884731153492	33397.0	519.0	-15.823170731707318	915739.0	27946.136474609375	-19.573170731707318	-3929.0	642.0	119.78658536585367	3711.3553113553116	2533.0	-3112.0	7.444976076555023	-1404.0	-0.7368421052631579	98.11748224738139	4783984.0	-3.3588516746411483	308.0	
2217.0	-2.467391304347826	2480.0	0.3913043478260869	1513.0	8.043478260869565	-42.0	0.06296851574212893	0.19490254872563717	-25.0	9218.75	0.037481259370314844	130.0	30.10884731153492	33397.0	957.0	-29.176829268292686	916059.0	27955.902099609375	-35.94512195121951	-2988.0	1179.0	91.09756097560977	3720.1465201465203	2539.0	-2668.0	6.382775119617224	-1880.0	-1.9808612440191387	98.11748224738139	4783984.0	-4.497607655502392	828.0	
2274.0	-1.9456521739130435	2432.0	-0.22826086956521738	1596.0	7.141304347826087	-40.0	0.05997001499250375	0.1934032983508246	-26.0	9228.515625	0.038980509745127435	129.0	30.10884731153492	33397.0	1932.0	-58.90243902439025	916379.0	27965.667724609375	-51.951219512195124	-2384.0	1704.0	72.6829268292683	3706.959706959707	2530.0	-2216.0	5.301435406698564	-1652.0	-2.660287081339713	98.11748224738139	4783984.0	-3.952153110047847	1112.0	
2273.0	0.3913043478260869	2217.0	-0.21739130434782608	1677.0	6.260869565217391	-44.0	0.06596701649175413	0.19640179910044978	-35.0	9238.28125	0.05247376311844078	131.0	30.10884731153492	33397.0	2429.0	-74.0548780487805	916699.0	27975.433349609375	-66.85975609756098	-2020.0	2193.0	61.585365853658544	3739.194139194139	2552.0	-1832.0	4.382775119617225	-584.0	-2.736842105263158	98.11748224738139	4783984.0	-1.3971291866028708	1144.0	
2263.0	2.75	2000.0	-0.10869565217391304	1756.0	5.4021739130434785	-44.0	0.06596701649175413	0.191904047976012	-28.0	9248.046875	0.041979010494752625	128.0	30.10884731153492	33397.0	2642.0	-80.54878048780489	917019.0	27985.198974609375	-79.51219512195122	-2050.0	2608.0	62.50000000000001	3742.124542124542	2554.0	-1392.0	3.3301435406698565	552.0	-2.574162679425837	98.11813037887329	4783920.0	1.3205741626794258	1076.0	
2257.0	4.1521739130434785	1871.0	-0.043478260869565216	1804.0	4.880434782608695	-53.0	0.07946026986506746	0.17991004497751123	-21.0	9257.8125	0.031484257871064465	120.0	30.10884731153492	33397.0	2892.0	-88.17073170731707	917339.0	27994.964599609375	-93.26219512195122	-2370.0	3059.0	72.25609756097562	3742.124542124542	2554.0	-1152.0	2.755980861244019	1184.0	-2.526315789473684	98.11813037887329	4783920.0	2.832535885167464	1056.0	
2294.0	4.260869565217392	1861.0	-0.44565217391304346	1823.0	4.673913043478261	-54.0	0.08095952023988005	0.17091454272863568	-33.0	9267.578125	0.04947526236881559	114.0	30.10884731153492	33397.0	3260.0	-99.39024390243904	917659.0	28004.730224609375	-106.70731707317074	-2829.0	3500.0	86.25000000000001	3708.4249084249086	2531.0	-1148.0	2.7464114832535884	1188.0	-3.0239234449760763	98.11813037887329	4783920.0	2.8421052631578947	1264.0	
2336.0	3.8043478260869565	1903.0	-0.9021739130434783	1804.0	4.880434782608695	-62.0	0.09295352323838081	0.1664167916041979	-18.0	9277.34375	0.026986506746626684	111.0	30.10884731153492	33397.0	3733.0	-113.81097560975611	917979.0	28014.495849609375	-114.72560975609757	-3093.0	3763.0	94.29878048780489	3739.194139194139	2552.0	-1244.0	2.976076555023923	988.0	-3.6842105263157894	98.11813037887329	4783920.0	2.3636363636363638	1540.0	
2359.0	3.5543478260869565	1926.0	-1.1521739130434783	1768.0	5.271739130434782	-61.0	0.0914542728635682	0.15592203898050974	-20.0	9287.109375	0.029985007496251874	104.0	30.10884731153492	33397.0	4228.0	-128.90243902439025	918299.0	28024.261474609375	-121.70731707317074	-3262.0	3992.0	99.45121951219514	3730.4029304029305	2546.0	-1336.0	3.1961722488038276	892.0	-3.8468899521531097	98.11813037887329	4783920.0	2.1339712918660285	1608.0	
2340.0	3.6739130434782608	1915.0	-0.9456521739130435	1745.0	5.521739130434782	-71.0	0.10644677661169415	0.14992503748125938	-16.0	9296.875	0.0239880059970015	100.0	30.10884731153492	33397.0	4712.0	-143.65853658536588	918619.0	28034.027099609375	-133.2317073170732	-3453.0	4370.0	105.27439024390245	3726.007326007326	2543.0	-1488.0	3.5598086124401913	880.0	-3.6746411483253585	98.11732021453105	4784000.0	2.1052631578947367	1536.0	
2287.0	4.043478260869565	1881.0	-0.3695652173913043	1769.0	5.260869565217392	-74.0	0.11094452773613193	0.136431784107946	-17.0	9306.640625	0.025487256371814093	91.0	30.10884731153492	33397.0	5159.0	-157.28658536585368	918939.0	28043.792724609375	-147.19512195121953	-3679.0	4828.0	112.16463414634147	3731.868131868132	2547.0	-1436.0	3.4354066985645932	1036.0	-3.2248803827751193	98.11732021453105	4784000.0	2.478468899521531	1348.0	
2257.0	4.695652173913043	1821.0	-0.043478260869565216	1814.0	4.771739130434782	-77.0	0.11544227886056971	0.13493253373313344	-19.0	9316.40625	0.02848575712143928	90.0	30.10884731153492	33397.0	5599.0	-170.70121951219514	919259.0	28053.558349609375	-157.9878048780488	-4044.0	5182.0	123.29268292682929	3717.2161172161173	2537.0	-1224.0	2.92822966507177	1336.0	-2.7177033492822966	98.11732021453105	4784000.0	3.1961722488038276	1136.0	
2211.0	5.445652173913043	1752.0	0.45652173913043476	1850.0	4.380434782608695	-86.0	0.12893553223388304	0.10494752623688156	-9.0	9326.171875	0.013493253373313342	70.0	30.10884731153492	33397.0	6009.0	-183.20121951219514	919579.0	28063.323974609375	-169.0548780487805	-4398.0	5545.0	134.08536585365854	3740.6593406593406	2553.0	-976.0	2.3349282296650715	1672.0	-2.1339712918660285	98.11732021453105	4784000.0	4.0	892.0	
2175.0	5.826086956521739	1717.0	0.8478260869565217	1893.0	3.9130434782608696	-95.0	0.1424287856071964	0.095952023988006	-10.0	9335.9375	0.014992503748125937	64.0	30.10884731153492	33397.0	6372.0	-194.26829268292684	919899.0	28073.089599609375	-179.63414634146343	-4634.0	5892.0	141.28048780487805	3742.124542124542	2554.0	-800.0	1.9138755980861244	1900.0	-1.645933014354067	98.11732021453105	4784000.0	4.545454545454545	688.0	
2157.0	5.543478260869565	1743.0	1.0434782608695652	1915.0	3.6739130434782608	-96.0	0.14392803598200898	0.07496251874062969	8.0	9345.703125	-0.01199400299850075	50.0	30.10884731153492	33397.0	6788.0	-206.95121951219514	920219.0	28082.855224609375	-191.15853658536588	-4655.0	6270.0	141.9207317073171	3730.4029304029305	2546.0	-688.0	1.645933014354067	1816.0	-1.416267942583732	98.1165100504151	4784080.0	4.344497607655502	592.0	
2134.0	5.0978260869565215	1784.0	1.2934782608695652	1959.0	3.1956521739130435	-103.0	0.15442278860569714	0.0704647676161919	11.0	9355.46875	-0.01649175412293853	47.0	30.10884731153492	33397.0	7301.0	-222.59146341463418	920539.0	28092.620849609375	-202.40853658536588	-4444.0	6639.0	135.4878048780488	3718.6813186813188	2538.0	-512.0	1.2248803827751196	1580.0	-1.1291866028708133	98.1165100504151	4784080.0	3.7799043062200957	472.0	
2091.0	4.782608695652174	1813.0	1.7608695652173914	2012.0	2.619565217391304	-120.0	0.17991004497751123	0.04947526236881559	16.0	9365.234375	-0.0239880059970015	33.0	30.10884731153492	33397.0	7815.0	-238.26219512195124	920859.0	28102.386474609375	-213.62804878048783	-3947.0	7007.0	120.33536585365854	3706.959706959707	2530.0	-228.0	0.5454545454545454	1420.0	-0.6698564593301435	98.1165100504151	4784080.0	3.3971291866028706	280.0	
2041.0	4.934782608695652	1799.0	2.3043478260869565	2069.0	2.0	-124.0	0.18590704647676162	0.019490254872563718	33.0	9375.0	-0.04947526236881559	13.0	30.10884731153492	33397.0	8334.0	-254.08536585365857	921179.0	28112.152099609375	-222.71341463414637	-3414.0	7305.0	104.08536585365854	3726.007326007326	2543.0	16.0	-0.03827751196172249	1476.0	-0.03827751196172249	98.1165100504151	4784080.0	3.5311004784688995	16.0	
1993.0	5.619565217391304	1736.0	2.8260869565217392	2093.0	1.7391304347826086	-126.0	0.1889055472263868	0.0	34.0	9384.765625	-0.050974512743628186	0.0	30.10884731153492	33397.0	8856.0	-270.0	921499.0	28121.917724609375	-229.78658536585368	-3199.0	7537.0	97.53048780487806	3747.985347985348	2558.0	176.0	-0.42105263157894735	1792.0	0.5454545454545454	98.1165100504151	4784080.0	4.287081339712919	-228.0	
1951.0	6.445652173913043	1660.0	3.282608695652174	2143.0	1.1956521739130435	-139.0	0.2083958020989505	-0.022488755622188904	47.0	9394.53125	-0.0704647676161919	-15.0	30.10884731153492	33397.0	9441.0	-287.8353658536586	921819.0	28131.683349609375	-235.00000000000003	-3395.0	7708.0	103.50609756097562	3733.3333333333335	2548.0	416.0	-0.9952153110047847	2200.0	0.9952153110047847	98.1155378537747	4784176.0	5.263157894736842	-416.0	
1916.0	7.206521739130435	1590.0	3.6630434782608696	2207.0	0.5	-145.0	0.21739130434782608	-0.038980509745127435	56.0	9404.296875	-0.08395802098950525	-26.0	30.10884731153492	33397.0	10016.0	-305.3658536585366	922139.0	28141.448974609375	-236.9207317073171	-3842.0	7771.0	117.13414634146342	3746.5201465201467	2557.0	780.0	-1.8660287081339713	2568.0	1.492822966507177	98.1155378537747	4784176.0	6.143540669856459	-624.0	
1861.0	7.619565217391304	1552.0	4.260869565217392	2264.0	-0.11956521739130435	-144.0	0.21589205397301348	-0.06446776611694152	74.0	9414.0625	-0.11094452773613193	-43.0	30.10884731153492	33397.0	10537.0	-321.25000000000006	922459.0	28151.214599609375	-237.19512195121953	-4000.0	7780.0	121.95121951219514	3702.5641025641025	2527.0	1012.0	-2.4210526315789473	2712.0	2.200956937799043	98.1155378537747	4784176.0	6.488038277511961	-920.0	
1796.0	7.33695652173913	1578.0	4.967391304347826	2326.0	-0.7934782608695652	-145.0	0.21739130434782608	-0.08095952023988005	94.0	9423.828125	-0.1409295352323838	-54.0	30.10884731153492	33397.0	11003.0	-335.45731707317077	922779.0	28160.980224609375	-233.75000000000003	-3915.0	7667.0	119.35975609756099	3708.4249084249086	2531.0	1296.0	-3.1004784688995213	2544.0	3.0717703349282295	98.1155378537747	4784176.0	6.086124401913875	-1284.0	
1720.0	7.0978260869565215	1600.0	5.793478260869565	2351.0	-1.065217391304348	-158.0	0.2368815592203898	-0.095952023988006	105.0	9433.59375	-0.15742128935532235	-64.0	30.10884731153492	33397.0	11458.0	-349.32926829268297	923099.0	28170.745849609375	-230.27439024390247	-3602.0	7553.0	109.81707317073172	3739.194139194139	2552.0	1420.0	-3.3971291866028706	2468.0	3.952153110047847	98.1155378537747	4784176.0	5.904306220095694	-1652.0	
1658.0	7.6521739130434785	1549.0	6.467391304347826	2410.0	-1.7065217391304348	-159.0	0.2383808095952024	-0.12143928035982009	131.0	9443.359375	-0.19640179910044978	-81.0	30.10884731153492	33397.0	11750.0	-358.2317073170732	923419.0	28180.511474609375	-226.52439024390247	-2936.0	7430.0	89.51219512195122	3733.3333333333335	2548.0	1516.0	-3.626794258373206	2548.0	4.354066985645932	98.11796834598674	4783936.0	6.095693779904306	-1820.0	
1591.0	9.228260869565217	1404.0	7.195652173913043	2492.0	-2.5978260869565215	-163.0	0.24437781109445278	-0.136431784107946	142.0	9453.125	-0.2128935532233883	-91.0	30.10884731153492	33397.0	11677.0	-356.00609756097566	923739.0	28190.277099609375	-221.03658536585368	-1878.0	7250.0	57.25609756097562	3737.7289377289376	2551.0	1992.0	-4.765550239234449	3112.0	5.186602870813397	98.11796834598674	4783936.0	7.444976076555023	-2168.0	
1506.0	10.847826086956522	1255.0	8.119565217391305	2443.0	-2.0652173913043477	-166.0	0.24887556221889054	-0.15142428785607195	171.0	9462.890625	-0.2563718140929535	-101.0	30.10884731153492	33397.0	11511.0	-350.94512195121956	924059.0	28200.042724609375	-213.41463414634148	-1382.0	7000.0	42.13414634146342	3733.3333333333335	2548.0	1936.0	-4.631578947368421	3932.0	6.172248803827751	98.11796834598674	4783936.0	9.4066985645933	-2580.0	
1469.0	12.17391304347826	1133.0	8.521739130434783	2316.0	-0.6847826086956521	-165.0	0.24737631184407796	-0.17391304347826086	190.0	9472.65625	-0.2848575712143928	-116.0	30.10884731153492	33397.0	11685.0	-356.25000000000006	924379.0	28209.808349609375	-208.62804878048783	-2365.0	6843.0	72.10365853658537	3720.1465201465203	2539.0	1376.0	-3.291866028708134	4656.0	6.813397129186603	98.11796834598674	4783936.0	11.138755980861244	-2848.0	
1489.0	13.489130434782608	1012.0	8.304347826086957	2221.0	0.34782608695652173	-168.0	0.2518740629685157	-0.17991004497751123	210.0	9482.421875	-0.3148425787106447	-120.0	30.10884731153492	33397.0	11991.0	-365.57926829268297	924699.0	28219.573974609375	-202.7439024390244	-4492.0	6650.0	136.95121951219514	3740.6593406593406	2553.0	840.0	-2.0095693779904304	5252.0	6.669856459330143	98.11796834598674	4783936.0	12.564593301435407	-2788.0	
1544.0	14.619565217391305	908.0	7.706521739130435	2207.0	0.5	-163.0	0.24437781109445278	-0.191904047976012	229.0	9492.1875	-0.34332833583208394	-128.0	30.10884731153492	33397.0	12205.0	-372.1036585365854	925019.0	28229.339599609375	-188.96341463414635	-6887.0	6198.0	209.96951219512198	3736.2637362637365	2550.0	696.0	-1.6650717703349283	5768.0	5.990430622009569	98.11699614885752	4784032.0	13.799043062200957	-2504.0	
1590.0	16.413043478260867	743.0	7.206521739130435	2392.0	-1.5108695652173914	-153.0	0.22938530734632684	-0.2083958020989505	258.0	9501.953125	-0.3868065967016492	-139.0	30.10884731153492	33397.0	12170.0	-371.0365853658537	925339.0	28239.105224609375	-163.75000000000003	-8851.0	5371.0	269.8475609756098	3711.3553113553116	2533.0	1488.0	-3.5598086124401913	6492.0	5.282296650717703	98.11699614885752	4784032.0	15.531100478468899	-2208.0	
1555.0	19.26086956521739	481.0	7.58695652173913	2481.0	-2.4782608695652173	-143.0	0.2143928035982009	-0.22338830584707645	272.0	9511.71875	-0.4077961019490255	-149.0	30.10884731153492	33397.0	11982.0	-365.3048780487805	925659.0	28248.870849609375	-131.1890243902439	-10167.0	4303.0	309.969512195122	3724.542124542125	2542.0	2028.0	-4.851674641148326	7796.0	5.617224880382775	98.11699614885752	4784032.0	18.650717703349283	-2348.0	
1473.0	21.98913043478261	230.0	8.478260869565217	2508.0	-2.7717391304347827	-132.0	0.19790104947526235	-0.23088455772113942	298.0	9521.484375	-0.4467766116941529	-154.0	30.10884731153492	33397.0	11832.0	-360.7317073170732	925979.0	28258.636474609375	-97.92682926829269	-10767.0	3212.0	328.26219512195127	3706.959706959707	2530.0	2144.0	-5.1291866028708135	9156.0	6.669856459330143	98.11699614885752	4784032.0	21.904306220095695	-2788.0	
1413.0	23.52173913043478	89.0	9.130434782608695	2494.0	-2.619565217391304	-109.0	0.1634182908545727	-0.2368815592203898	320.0	9531.25	-0.47976011994003	-158.0	30.10884731153492	33397.0	11615.0	-354.1158536585366	926299.0	28268.402099609375	-68.20121951219512	-11009.0	2237.0	335.64024390243907	3711.3553113553116	2533.0	2072.0	-4.956937799043062	9912.0	7.5406698564593295	98.11699614885752	4784032.0	23.71291866028708	-3152.0	
1430.0	23.358695652173914	104.0	8.945652173913043	2428.0	-1.9021739130434783	-91.0	0.136431784107946	-0.24587706146926536	338.0	9541.015625	-0.5067466266866567	-164.0	30.10884731153492	33397.0	11383.0	-347.0426829268293	926619.0	28278.167724609375	-37.40853658536586	-11467.0	1227.0	349.6036585365854	3701.0989010989015	2526.0	1764.0	-4.220095693779904	9836.0	7.349282296650717	98.11472769015664	4784256.0	23.531100478468897	-3072.0	
1526.0	21.84782608695652	243.0	7.902173913043478	2359.0	-1.1521739130434783	-68.0	0.10194902548725637	-0.24137931034482757	360.0	9550.78125	-0.5397301349325337	-161.0	30.10884731153492	33397.0	11345.0	-345.88414634146346	926939.0	28287.933349609375	-5.945121951219512	-12413.0	195.0	378.44512195121956	3701.0989010989015	2526.0	1340.0	-3.2057416267942584	9132.0	6.143540669856459	98.11472769015664	4784256.0	21.84688995215311	-2568.0	
1650.0	18.58695652173913	543.0	6.554347826086956	2290.0	-0.40217391304347827	-49.0	0.07346326836581708	-0.2338830584707646	377.0	9560.546875	-0.5652173913043478	-156.0	30.10884731153492	33397.0	11362.0	-346.4024390243903	927259.0	28297.698974609375	26.82926829268293	-11693.0	-880.0	356.4939024390244	3714.285714285714	2535.0	1052.0	-2.5167464114832536	7540.0	4.545454545454545	98.11472769015664	4784256.0	18.03827751196172	-1900.0	
1741.0	13.630434782608695	999.0	5.565217391304348	2188.0	0.7065217391304348	-34.0	0.050974512743628186	-0.2368815592203898	395.0	9570.3125	-0.5922038980509745	-158.0	30.10884731153492	33397.0	11741.0	-357.95731707317077	927579.0	28307.464599609375	45.97560975609756	-10619.0	-1508.0	323.75000000000006	3734.798534798535	2549.0	640.0	-1.5311004784688995	5212.0	3.4736842105263155	98.11472769015664	4784256.0	12.4688995215311	-1452.0	
1757.0	9.608695652173912	1369.0	5.391304347826087	2116.0	1.4891304347826086	-15.0	0.022488755622188904	-0.22338830584707645	410.0	9580.078125	-0.6146926536731634	-149.0	30.10884731153492	33397.0	12158.0	-370.6707317073171	927899.0	28317.230224609375	67.31707317073172	-9516.0	-2208.0	290.1219512195122	3709.89010989011	2532.0	144.0	-0.34449760765550236	3384.0	3.4258373205741623	98.11472769015664	4784256.0	8.095693779904305	-1432.0	
1655.0	6.619565217391304	1644.0	6.5	2062.0	2.0760869565217392	-2.0	0.0029985007496251873	-0.21589205397301348	436.0	9589.84375	-0.6536731634182908	-144.0	30.10884731153492	33397.0	11976.0	-365.12195121951225	928219.0	28326.995849609375	105.57926829268294	-7887.0	-3463.0	240.45731707317074	3736.2637362637365	2550.0	-88.0	0.21052631578947367	1984.0	4.956937799043062	98.11732021453105	4784000.0	4.746411483253588	-2072.0	
1416.0	3.6304347826086953	1919.0	9.097826086956522	1992.0	2.8369565217391304	1.0	-0.0014992503748125937	-0.19940029985007496	456.0	9599.609375	-0.6836581709145427	-133.0	30.10884731153492	33397.0	11297.0	-344.4207317073171	928539.0	28336.761474609375	132.07317073170734	-4211.0	-4332.0	128.38414634146343	3709.89010989011	2532.0	-268.0	0.6411483253588517	1268.0	6.497607655502392	98.11732021453105	4784000.0	3.0334928229665072	-2716.0	
1100.0	1.065217391304348	2155.0	12.532608695652174	1834.0	4.554347826086956	8.0	-0.01199400299850075	-0.1829085457271364	464.0	9609.375	-0.6956521739130435	-122.0	30.10884731153492	33397.0	10618.0	-323.719512195122	928859.0	28346.527099609375	120.70121951219514	393.0	-3959.0	-11.981707317073171	3726.007326007326	2543.0	-944.0	2.2583732057416266	-156.0	10.507177033492823	98.11732021453105	4784000.0	-0.37320574162679426	-4392.0	
848.0	1.1521739130434783	2147.0	15.271739130434781	1724.0	5.75	-7.0	0.010494752623688156	-0.17391304347826086	486.0	9619.140625	-0.7286356821589205	-116.0	30.10884731153492	33397.0	9397.0	-286.4939024390244	929179.0	28356.292724609375	113.10975609756099	5348.0	-3710.0	-163.0487804878049	3708.4249084249086	2531.0	-1668.0	3.990430622009569	-648.0	14.248803827751196	98.11732021453105	4784000.0	-1.5502392344497606	-5956.0	
733.0	4.021739130434782	1883.0	16.52173913043478	1558.0	7.554347826086956	-16.0	0.0239880059970015	-0.15442278860569714	498.0	9628.90625	-0.7466266866566716	-103.0	30.10884731153492	33397.0	8899.0	-271.3109756097561	929499.0	28366.058349609375	95.51829268292684	9815.0	-3133.0	-299.2378048780488	3711.3553113553116	2533.0	-2316.0	5.5406698564593295	588.0	15.971291866028707	98.11732021453105	4784000.0	1.4066985645933014	-6676.0	
703.0	8.858695652173912	1438.0	16.84782608695652	1381.0	9.478260869565217	-28.0	0.041979010494752625	-0.1454272863568216	507.0	9638.671875	-0.760119940029985	-97.0	30.10884731153492	33397.0	8400.0	-256.0975609756098	929819.0	28375.823974609375	67.01219512195122	12799.0	-2198.0	-390.2134146341464	3723.0769230769233	2541.0	-3176.0	7.598086124401914	2744.0	16.382775119617225	98.12056087325786	4783680.0	6.564593301435407	-6848.0	
806.0	13.141304347826086	1044.0	15.728260869565217	1289.0	10.478260869565217	-56.0	0.08395802098950525	-0.12893553223388304	515.0	9648.4375	-0.7721139430284857	-86.0	30.10884731153492	33397.0	8330.0	-253.96341463414637	930139.0	28385.589599609375	39.420731707317074	13811.0	-1293.0	-421.06707317073176	3736.2637362637365	2550.0	-3748.0	8.966507177033492	5160.0	15.282296650717702	98.12056087325786	4783680.0	12.344497607655502	-6388.0	
819.0	19.945652173913043	418.0	15.58695652173913	1388.0	9.402173913043478	-68.0	0.10194902548725637	-0.11394302848575712	533.0	9658.203125	-0.7991004497751124	-76.0	30.10884731153492	33397.0	7147.0	-217.89634146341464	930459.0	28395.355224609375	17.439024390243905	11964.0	-572.0	-364.75609756097566	3723.0769230769233	2541.0	-3228.0	7.722488038277512	7888.0	15.215311004784688	98.12056087325786	4783680.0	18.870813397129186	-6360.0	
926.0	24.369565217391305	11.0	14.42391304347826	1523.0	7.934782608695652	-84.0	0.12593703148425786	-0.10644677661169415	534.0	9667.96875	-0.800599700149925	-71.0	30.10884731153492	33397.0	6068.0	-185.00000000000003	930779.0	28405.120849609375	-0.030487804878048783	9760.0	1.0	-297.5609756097561	3726.007326007326	2543.0	-2528.0	6.047846889952153	10276.0	13.952153110047846	98.12056087325786	4783680.0	24.583732057416267	-5832.0	
1183.0	24.467391304347824	2.0	11.630434782608695	1663.0	6.413043478260869	-89.0	0.13343328335832083	-0.08845577211394302	544.0	9677.734375	-0.815592203898051	-59.0	30.10884731153492	33397.0	5570.0	-169.81707317073173	931099.0	28414.886474609375	-1.5548780487804879	7072.0	51.0	-215.609756097561	3706.959706959707	2530.0	-1904.0	4.555023923444976	11172.0	10.679425837320574	98.12056087325786	4783680.0	26.727272727272727	-4464.0	
1446.0	23.663043478260867	76.0	8.771739130434783	1700.0	6.010869565217392	-97.0	0.1454272863568216	-0.07646176911544228	549.0	9687.5	-0.8230884557721139	-51.0	30.10884731153492	33397.0	5022.0	-153.109756097561	931419.0	28424.652099609375	3.536585365853659	5075.0	-116.0	-154.72560975609758	3723.0769230769233	2541.0	-1664.0	3.9808612440191387	10024.0	7.224880382775119	98.12039884023552	4783696.0	23.980861244019138	-3020.0	
1391.0	23.543478260869566	87.0	9.369565217391305	1591.0	7.195652173913043	-104.0	0.15592203898050974	-0.06596701649175413	551.0	9697.265625	-0.8260869565217391	-44.0	30.10884731153492	33397.0	3574.0	-108.96341463414635	931739.0	28434.417724609375	-2.1341463414634148	3712.0	70.0	-113.17073170731709	3711.3553113553116	2533.0	-2316.0	5.5406698564593295	10004.0	8.038277511961722	98.12039884023552	4783696.0	23.933014354066984	-3360.0	
1343.0	18.967391304347824	508.0	9.891304347826086	1597.0	7.130434782608695	-109.0	0.1634182908545727	-0.05847076461769115	552.0	9707.03125	-0.8275862068965517	-39.0	30.10884731153492	33397.0	1555.0	-47.40853658536586	932059.0	28444.183349609375	-10.853658536585368	4269.0	356.0	-130.15243902439025	3702.5641025641025	2527.0	-1816.0	4.344497607655502	7316.0	8.708133971291865	98.12039884023552	4783696.0	17.502392344497608	-3640.0	
1356.0	24.380434782608695	10.0	9.75	889.0	14.826086956521738	-110.0	0.1649175412293853	-0.04497751124437781	557.0	9716.796875	-0.8350824587706147	-30.0	30.10884731153492	33397.0	-1297.0	39.54268292682927	932379.0	28453.948974609375	-85.97560975609757	6738.0	2820.0	-205.4268292682927	3724.542124542125	2542.0	-5740.0	13.732057416267942	10704.0	8.411483253588516	98.12039884023552	4783696.0	25.607655502392344	-3516.0	
1769.0	24.467391304347824	2.0	5.260869565217392	742.0	16.42391304347826	-113.0	0.16941529235382308	-0.043478260869565216	559.0	9726.5625	-0.8380809595202399	-29.0	30.10884731153492	33397.0	-930.0	28.353658536585368	932699.0	28463.714599609375	-70.42682926829269	3168.0	2310.0	-96.58536585365854	3749.4505494505493	2559.0	-6252.0	14.956937799043061	12172.0	2.5837320574162677	98.12039884023552	4783696.0	29.119617224880383	-1080.0	
2051.0	22.163043478260867	214.0	2.1956521739130435	947.0	14.195652173913043	-108.0	0.1619190404797601	-0.04497751124437781	552.0	9736.328125	-0.8275862068965517	-30.0	30.10884731153492	33397.0	-982.0	29.939024390243905	933019.0	28473.480224609375	-59.42073170731708	391.0	1949.0	-11.920731707317074	3709.89010989011	2532.0	-5120.0	12.248803827751196	8980.0	-0.43062200956937796	98.12039884023552	4783696.0	21.483253588516746	180.0	
2051.0	15.489130434782608	828.0	2.1956521739130435	1213.0	11.304347826086957	-109.0	0.1634182908545727	-0.047976011994003	560.0	9746.09375	-0.8395802098950524	-32.0	30.10884731153492	33397.0	-956.0	29.146341463414636	933339.0	28483.245849609375	-54.96951219512196	-418.0	1803.0	12.743902439024392	3743.5897435897436	2555.0	-3780.0	9.043062200956937	5804.0	0.11483253588516745	98.12039884023552	4783696.0	13.885167464114833	-48.0	
1941.0	11.380434782608695	1206.0	3.391304347826087	1452.0	8.706521739130434	-106.0	0.15892053973013492	-0.05397301349325337	562.0	9755.859375	-0.8425787106446776	-36.0	30.10884731153492	33397.0	-1100.0	33.53658536585366	933659.0	28493.011474609375	-60.60975609756098	297.0	1988.0	-9.05487804878049	3701.0989010989015	2526.0	-3164.0	7.569377990430621	4824.0	0.9090909090909091	98.12039884023552	4783696.0	11.54066985645933	-380.0	
1764.0	9.271739130434783	1400.0	5.315217391304348	1605.0	7.043478260869565	-103.0	0.15442278860569714	-0.05247376311844078	554.0	9765.625	-0.8305847076461769	-35.0	30.10884731153492	33397.0	-1823.0	55.57926829268293	933979.0	28502.777099609375	-62.987804878048784	2314.0	2066.0	-70.54878048780489	3721.611721611722	2540.0	-2372.0	5.6746411483253585	3484.0	3.1674641148325358	98.12039884023552	4783696.0	8.33492822966507	-1324.0	
1706.0	8.83695652173913	1440.0	5.945652173913043	1719.0	5.804347826086956	-108.0	0.1619190404797601	-0.06146926536731634	554.0	9775.390625	-0.8305847076461769	-41.0	30.10884731153492	33397.0	-2645.0	80.64024390243902	934299.0	28512.542724609375	-76.70731707317074	4319.0	2516.0	-131.6768292682927	3720.1465201465203	2539.0	-1708.0	4.086124401913875	3120.0	4.162679425837321	98.12039884023552	4783696.0	7.464114832535885	-1740.0	
1720.0	9.826086956521738	1349.0	5.793478260869565	1761.0	5.3478260869565215	-107.0	0.16041979010494753	-0.06596701649175413	557.0	9785.15625	-0.8350824587706147	-44.0	30.10884731153492	33397.0	-3445.0	105.03048780487806	934619.0	28522.308349609375	-77.77439024390245	6278.0	2551.0	-191.40243902439025	3711.3553113553116	2533.0	-1524.0	3.6459330143540667	3496.0	4.162679425837321	98.1195886752596	4783776.0	8.363636363636363	-1740.0	
1736.0	11.532608695652174	1192.0	5.619565217391304	1801.0	4.913043478260869	-110.0	0.1649175412293853	-0.06146926536731634	552.0	9794.921875	-0.8275862068965517	-41.0	30.10884731153492	33397.0	-4132.0	125.97560975609757	934939.0	28532.073974609375	-75.88414634146342	7690.0	2489.0	-234.45121951219514	3692.3076923076924	2520.0	-1316.0	3.1483253588516744	4264.0	3.9712918660287078	98.1195886752596	4783776.0	10.200956937799043	-1660.0	
1710.0	13.532608695652174	1008.0	5.9021739130434785	1858.0	4.293478260869565	-114.0	0.17091454272863568	-0.06596701649175413	548.0	9804.6875	-0.8215892053973013	-44.0	30.10884731153492	33397.0	-4714.0	143.71951219512195	935259.0	28541.839599609375	-59.93902439024391	8507.0	1966.0	-259.359756097561	3699.6336996337	2525.0	-1064.0	2.5454545454545454	5132.0	4.114832535885167	98.1195886752596	4783776.0	12.277511961722487	-1720.0	
1653.0	15.641304347826086	814.0	6.521739130434782	1910.0	3.7282608695652173	-116.0	0.17391304347826086	-0.0704647676161919	552.0	9814.453125	-0.8275862068965517	-47.0	30.10884731153492	33397.0	-5792.0	176.58536585365854	935579.0	28551.605224609375	-60.39634146341464	8793.0	1981.0	-268.07926829268297	3711.3553113553116	2533.0	-748.0	1.7894736842105263	6156.0	4.794258373205741	98.1195886752596	4783776.0	14.727272727272727	-2004.0	
1626.0	16.565217391304348	729.0	6.815217391304348	1986.0	2.902173913043478	-126.0	0.1889055472263868	-0.07646176911544228	542.0	9824.21875	-0.8125937031484257	-51.0	30.10884731153492	33397.0	-6423.0	195.82317073170734	935899.0	28561.370849609375	-48.50609756097561	9169.0	1591.0	-279.5426829268293	3723.0769230769233	2541.0	-424.0	1.014354066985646	6740.0	5.052631578947368	98.1195886752596	4783776.0	16.124401913875598	-2112.0	
1634.0	16.402173913043477	744.0	6.728260869565217	2142.0	1.2065217391304348	-133.0	0.19940029985007496	-0.08245877061469264	540.0	9833.984375	-0.8095952023988006	-55.0	30.10884731153492	33397.0	-7096.0	216.34146341463418	936219.0	28571.136474609375	-38.32317073170732	9886.0	1257.0	-301.4024390243903	3705.4945054945056	2529.0	336.0	-0.8038277511961722	6596.0	5.062200956937799	98.12072290628923	4783664.0	15.779904306220095	-2116.0	
1646.0	16.141304347826086	768.0	6.5978260869565215	2349.0	-1.0434782608695652	-144.0	0.21589205397301348	-0.08845577211394302	529.0	9843.75	-0.793103448275862	-59.0	30.10884731153492	33397.0	-8161.0	248.81097560975613	936539.0	28580.902099609375	-20.57926829268293	11225.0	675.0	-342.2256097560976	3720.1465201465203	2539.0	1336.0	-3.1961722488038276	6396.0	4.842105263157895	98.12072290628923	4783664.0	15.301435406698564	-2024.0	
1633.0	16.532608695652172	732.0	6.739130434782608	2542.0	-3.141304347826087	-156.0	0.2338830584707646	-0.0914542728635682	525.0	9853.515625	-0.7871064467766117	-61.0	30.10884731153492	33397.0	-9254.0	282.13414634146346	936859.0	28590.667724609375	2.6524390243902443	12696.0	-87.0	-387.07317073170736	3705.4945054945056	2529.0	2240.0	-5.358851674641148	6556.0	5.023923444976076	98.12072290628923	4783664.0	15.68421052631579	-2100.0	
1648.0	17.51086956521739	642.0	6.576086956521739	2747.0	-5.369565217391304	-162.0	0.24287856071964017	-0.09895052473763118	512.0	9863.28125	-0.767616191904048	-66.0	30.10884731153492	33397.0	-9986.0	304.45121951219517	937179.0	28600.433349609375	30.884146341463417	13888.0	-1013.0	-423.4146341463415	3706.959706959707	2530.0	3288.0	-7.866028708133971	7084.0	4.803827751196172	98.12072290628923	4783664.0	16.94736842105263	-2008.0	
1686.0	18.5	551.0	6.163043478260869	2922.0	-7.271739130434782	-191.0	0.2863568215892054	-0.09745127436281859	498.0	9873.046875	-0.7466266866566716	-65.0	30.10884731153492	33397.0	-10455.0	318.75000000000006	937499.0	28610.198974609375	68.9329268292683	15247.0	-2261.0	-464.8475609756098	3720.1465201465203	2539.0	4200.0	-10.047846889952153	7528.0	4.200956937799043	98.12072290628923	4783664.0	18.00956937799043	-1756.0	
1752.0	19.304347826086957	477.0	5.445652173913043	3075.0	-8.934782608695652	-210.0	0.3148425787106447	-0.09745127436281859	484.0	9882.8125	-0.7256371814092953	-65.0	30.10884731153492	33397.0	-10874.0	331.5243902439025	937819.0	28619.964599609375	108.62804878048782	16401.0	-3563.0	-500.0304878048781	3730.4029304029305	2546.0	5016.0	-12.0	7916.0	3.339712918660287	98.1176442802408	4783968.0	18.9377990430622	-1396.0	
1787.0	20.152173913043477	399.0	5.065217391304348	3289.0	-11.26086956521739	-232.0	0.34782608695652173	-0.08545727136431784	468.0	9892.578125	-0.7016491754122939	-57.0	30.10884731153492	33397.0	-11424.0	348.2926829268293	938139.0	28629.730224609375	156.06707317073173	17722.0	-5119.0	-540.3048780487806	3705.4945054945056	2529.0	6020.0	-14.401913875598085	8284.0	2.813397129186603	98.1176442802408	4783968.0	19.818181818181817	-1176.0	
1763.0	21.163043478260867	306.0	5.326086956521739	3324.0	-11.641304347826086	-249.0	0.3733133433283358	-0.07646176911544228	440.0	9902.34375	-0.6596701649175412	-51.0	30.10884731153492	33397.0	-11342.0	345.7926829268293	938459.0	28639.495849609375	209.78658536585368	18202.0	-6881.0	-554.939024390244	3736.2637362637365	2550.0	6172.0	-14.765550239234448	8512.0	2.8995215311004783	98.1176442802408	4783968.0	20.363636363636363	-1212.0	
1732.0	22.52173913043478	181.0	5.663043478260869	3344.0	-11.858695652173912	-273.0	0.40929535232383807	-0.04947526236881559	430.0	9912.109375	-0.6446776611694153	-33.0	30.10884731153492	33397.0	-10934.0	333.3536585365854	938779.0	28649.261474609375	264.0548780487805	16948.0	-8661.0	-516.7073170731708	3695.2380952380954	2522.0	6140.0	-14.688995215311005	9224.0	3.4832535885167464	98.1176442802408	4783968.0	22.066985645933013	-1456.0	
1715.0	23.815217391304348	62.0	5.8478260869565215	3318.0	-11.576086956521738	-293.0	0.43928035982008995	-0.019490254872563718	403.0	9921.875	-0.6041979010494752	-13.0	30.10884731153492	33397.0	-10287.0	313.62804878048786	939099.0	28659.027099609375	309.39024390243907	14579.0	-10148.0	-444.4817073170732	3731.868131868132	2547.0	6068.0	-14.516746411483252	9900.0	3.626794258373206	98.1176442802408	4783968.0	23.684210526315788	-1516.0	
1668.0	23.728260869565215	70.0	6.358695652173913	3342.0	-11.83695652173913	-305.0	0.45727136431784104	-0.008995502248875561	383.0	9931.640625	-0.5742128935532234	-6.0	30.10884731153492	33397.0	-9739.0	296.9207317073171	939419.0	28668.792724609375	348.68902439024396	11541.0	-11437.0	-351.859756097561	3714.285714285714	2535.0	6164.0	-14.746411483253588	10076.0	3.923444976076555	98.1155378537747	4784176.0	24.105263157894736	-1640.0	
1564.0	22.206521739130434	210.0	7.489130434782608	3287.0	-11.239130434782608	-305.0	0.45727136431784104	-0.008995502248875561	383.0	9941.40625	-0.5742128935532234	-6.0	30.10884731153492	33397.0	-9123.0	278.14024390243907	939739.0	28678.558349609375	382.5304878048781	8058.0	-12547.0	-245.6707317073171	3718.6813186813188	2538.0	6024.0	-14.411483253588516	9500.0	5.23444976076555	98.1155378537747	4784176.0	22.727272727272727	-2188.0	
1435.0	19.58695652173913	451.0	8.891304347826086	3195.0	-10.239130434782608	-325.0	0.4872563718140929	0.031484257871064465	357.0	9951.171875	-0.5352323838080959	21.0	30.10884731153492	33397.0	-8876.0	270.609756097561	940059.0	28688.323974609375	408.14024390243907	4697.0	-13387.0	-143.20121951219514	3727.4725274725274	2544.0	5568.0	-13.320574162679426	8296.0	6.832535885167464	98.1155378537747	4784176.0	19.84688995215311	-2856.0	
1307.0	15.92391304347826	788.0	10.282608695652174	2998.0	-8.097826086956522	-325.0	0.4872563718140929	0.031484257871064465	357.0	9960.9375	-0.5352323838080959	21.0	30.10884731153492	33397.0	-8406.0	256.2804878048781	940379.0	28698.089599609375	428.3536585365854	1774.0	-14050.0	-54.085365853658544	3720.1465201465203	2539.0	4728.0	-11.311004784688995	6700.0	8.545454545454545	98.1155378537747	4784176.0	16.028708133971293	-3572.0	
1239.0	12.315217391304348	1120.0	11.021739130434783	2795.0	-5.891304347826087	-331.0	0.4962518740629685	0.043478260869565216	302.0	9970.703125	-0.45277361319340326	29.0	30.10884731153492	33397.0	-7872.0	240.00000000000003	940699.0	28707.855224609375	438.99390243902445	-894.0	-14399.0	27.25609756097561	3742.124542124542	2554.0	3648.0	-8.727272727272727	4984.0	9.55023923444976	98.1155378537747	4784176.0	11.923444976076555	-3992.0	
1287.0	9.782608695652174	1353.0	10.5	2644.0	-4.25	-326.0	0.48875562218890556	0.041979010494752625	276.0	9980.46875	-0.41379310344827586	28.0	30.10884731153492	33397.0	-7481.0	228.07926829268294	941019.0	28717.620849609375	444.4817073170732	-2833.0	-14579.0	86.3719512195122	3709.89010989011	2532.0	2796.0	-6.688995215311005	3736.0	9.205741626794259	98.11310736359943	4784416.0	8.937799043062201	-3848.0	
1383.0	8.66304347826087	1456.0	9.456521739130434	2529.0	-3.0	-325.0	0.4872563718140929	0.03298350824587706	248.0	9990.234375	-0.37181409295352325	22.0	30.10884731153492	33397.0	-7320.0	223.1707317073171	941339.0	28727.386474609375	443.56707317073176	-4005.0	-14549.0	122.10365853658537	3709.89010989011	2532.0	2220.0	-5.311004784688995	3200.0	7.866028708133971	98.11310736359943	4784416.0	7.655502392344498	-3288.0	
1480.0	8.543478260869565	1467.0	8.402173913043478	2448.0	-2.119565217391304	-318.0	0.4767616191904048	0.037481259370314844	219.0	10000.0	-0.328335832083958	25.0	30.10884731153492	33397.0	-7226.0	220.3048780487805	941659.0	28737.152099609375	436.4634146341464	-4866.0	-14316.0	148.35365853658539	3721.611721611722	2540.0	1856.0	-4.440191387559809	3148.0	6.6124401913875595	98.11310736359943	4784416.0	7.5311004784688995	-2764.0	
1562.0	8.630434782608695	1459.0	7.510869565217391	2389.0	-1.4782608695652173	-303.0	0.4542728635682159	0.0239880059970015	190.0	10009.765625	-0.2848575712143928	16.0	30.10884731153492	33397.0	-7194.0	219.32926829268294	941979.0	28746.917724609375	420.94512195121956	-5397.0	-13807.0	164.5426829268293	3701.0989010989015	2526.0	1540.0	-3.6842105263157894	3140.0	5.6746411483253585	98.11310736359943	4784416.0	7.511961722488038	-2372.0	
1656.0	8.195652173913043	1499.0	6.489130434782608	2359.0	-1.1521739130434783	-294.0	0.4407796101949025	0.020989505247376312	161.0	10019.53125	-0.24137931034482757	14.0	30.10884731153492	33397.0	-7154.0	218.109756097561	942299.0	28756.683349609375	399.5426829268293	-5921.0	-13105.0	180.51829268292684	3699.6336996337	2525.0	1416.0	-3.38755980861244	2944.0	4.564593301435407	98.11310736359943	4784416.0	7.043062200956937	-1908.0	
1766.0	7.695652173913043	1545.0	5.293478260869565	2372.0	-1.2934782608695652	-281.0	0.4212893553223388	0.0239880059970015	138.0	10029.296875	-0.20689655172413793	16.0	30.10884731153492	33397.0	-7313.0	222.95731707317074	942619.0	28766.448974609375	378.719512195122	-5584.0	-12422.0	170.2439024390244	3714.285714285714	2535.0	1524.0	-3.6459330143540667	2684.0	3.1578947368421053	98.11424159209443	4784304.0	6.421052631578947	-1320.0	
1856.0	6.75	1632.0	4.315217391304348	2320.0	-0.7282608695652174	-268.0	0.4017991004497751	0.025487256371814093	117.0	10039.0625	-0.17541229385307347	17.0	30.10884731153492	33397.0	-7312.0	222.9268292682927	942939.0	28776.214599609375	361.5853658536586	-5058.0	-11860.0	154.20731707317074	3724.542124542125	2542.0	1248.0	-2.985645933014354	2244.0	2.047846889952153	98.11424159209443	4784304.0	5.368421052631579	-856.0	
1925.0	5.380434782608695	1758.0	3.5652173913043477	2258.0	-0.05434782608695652	-248.0	0.37181409295352325	0.0239880059970015	94.0	10048.828125	-0.1409295352323838	16.0	30.10884731153492	33397.0	-7081.0	215.88414634146343	943259.0	28785.980224609375	339.57317073170736	-4325.0	-11138.0	131.859756097561	3718.6813186813188	2538.0	928.0	-2.2200956937799043	1612.0	1.1578947368421053	98.11424159209443	4784304.0	3.8564593301435406	-484.0	
1988.0	3.641304347826087	1918.0	2.880434782608696	2184.0	0.75	-238.0	0.3568215892053973	0.02848575712143928	84.0	10058.59375	-0.12593703148425786	19.0	30.10884731153492	33397.0	-6805.0	207.46951219512198	943579.0	28795.745849609375	320.2439024390244	-3149.0	-10504.0	96.00609756097562	3731.868131868132	2547.0	760.0	-1.8181818181818181	1200.0	0.6889952153110047	98.11424159209443	4784304.0	2.8708133971291865	-288.0	
2053.0	2.217391304347826	2049.0	2.1739130434782608	2125.0	1.391304347826087	-223.0	0.33433283358320837	0.025487256371814093	63.0	10068.359375	-0.0944527736131934	17.0	30.10884731153492	33397.0	-6369.0	194.1768292682927	943899.0	28805.511474609375	299.9085365853659	-1664.0	-9837.0	50.73170731707317	3693.772893772894	2521.0	412.0	-0.985645933014354	428.0	0.0	98.11424159209443	4784304.0	1.0239234449760766	0.0	
2122.0	1.7065217391304348	2096.0	1.4239130434782608	2068.0	2.010869565217391	-204.0	0.3058470764617691	0.035982008995502246	47.0	10078.125	-0.0704647676161919	24.0	30.10884731153492	33397.0	-5590.0	170.4268292682927	944219.0	28815.277099609375	280.1829268292683	-356.0	-9190.0	10.853658536585368	3727.4725274725274	2544.0	100.0	-0.23923444976076555	88.0	-0.7655502392344498	98.11569988652548	4784160.0	0.21052631578947367	320.0	
2179.0	2.141304347826087	2056.0	0.8043478260869565	2062.0	2.0760869565217392	-193.0	0.2893553223388306	0.05547226386806597	38.0	10087.890625	-0.05697151424287856	37.0	30.10884731153492	33397.0	-5201.0	158.56707317073173	944539.0	28825.042724609375	264.0548780487805	537.0	-8661.0	-16.371951219512198	3714.285714285714	2535.0	-28.0	0.06698564593301436	124.0	-1.5789473684210527	98.11569988652548	4784160.0	0.2966507177033493	660.0	
2208.0	2.6956521739130435	2005.0	0.4891304347826087	2051.0	2.1956521739130435	-180.0	0.2698650674662669	0.06296851574212893	28.0	10097.65625	-0.041979010494752625	42.0	30.10884731153492	33397.0	-4667.0	142.28658536585368	944859.0	28834.808349609375	247.34756097560978	1185.0	-8113.0	-36.12804878048781	3720.1465201465203	2539.0	20.0	-0.04784688995215311	452.0	-2.0	98.11569988652548	4784160.0	1.0813397129186602	836.0	
2198.0	3.1739130434782608	1961.0	0.5978260869565217	2026.0	2.467391304347826	-171.0	0.2563718140929535	0.07196401799100449	18.0	10107.421875	-0.026986506746626684	48.0	30.10884731153492	33397.0	-3955.0	120.57926829268294	945179.0	28844.573974609375	230.21341463414637	1240.0	-7551.0	-37.804878048780495	3727.4725274725274	2544.0	-156.0	0.37320574162679426	660.0	-1.9043062200956937	98.11569988652548	4784160.0	1.5789473684210527	796.0	
2167.0	3.25	1954.0	0.9347826086956521	1984.0	2.9239130434782608	-160.0	0.239880059970015	0.09295352323838081	9.0	10117.1875	-0.013493253373313342	62.0	30.10884731153492	33397.0	-3468.0	105.73170731707319	945499.0	28854.339599609375	214.96951219512198	1184.0	-7051.0	-36.09756097560976	3718.6813186813188	2538.0	-260.0	0.6220095693779905	716.0	-1.492822966507177	98.11569988652548	4784160.0	1.7129186602870812	624.0	
2131.0	3.1956521739130435	1959.0	1.326086956521739	1921.0	3.608695652173913	-154.0	0.23088455772113942	0.09745127436281859	0.0	10126.953125	0.0	65.0	30.1386731877923	33403.0	-3163.0	96.4329268292683	945819.0	28864.105224609375	200.3048780487805	968.0	-6570.0	-29.512195121951223	3712.820512820513	2534.0	-640.0	1.5311004784688995	680.0	-1.062200956937799	98.12073525456535	4784160.0	1.6267942583732056	444.0	
2129.0	3.3369565217391304	1946.0	1.3478260869565217	1881.0	4.043478260869565	-139.0	0.2083958020989505	0.10344827586206896	-1.0	10136.71875	0.0014992503748125937	69.0	30.1386731877923	33403.0	-2412.0	73.53658536585367	946139.0	28873.870849609375	182.31707317073173	567.0	-5980.0	-17.28658536585366	3723.0769230769233	2541.0	-808.0	1.9330143540669855	804.0	-1.0047846889952152	98.12073525456535	4784160.0	1.9234449760765548	420.0	
2129.0	3.4891304347826084	1932.0	1.3478260869565217	1857.0	4.304347826086956	-126.0	0.1889055472263868	0.10944527736131934	-10.0	10146.484375	0.014992503748125937	73.0	30.1386731877923	33403.0	-1929.0	58.810975609756106	946459.0	28883.636474609375	166.5548780487805	-21.0	-5463.0	0.6402439024390244	3717.2161172161173	2537.0	-956.0	2.2870813397129184	852.0	-0.9569377990430622	98.12073525456535	4784160.0	2.0382775119617222	400.0	
2104.0	3.358695652173913	1944.0	1.6195652173913042	1848.0	4.4021739130434785	-119.0	0.17841079460269865	0.10794602698650674	-11.0	10156.25	0.01649175412293853	72.0	30.1386731877923	33403.0	-1594.0	48.59756097560976	946779.0	28893.402099609375	150.51829268292684	-532.0	-4937.0	16.219512195121954	3720.1465201465203	2539.0	-1044.0	2.4976076555023923	784.0	-0.6602870813397129	98.12073525456535	4784160.0	1.875598086124402	276.0	
2090.0	3.119565217391304	1966.0	1.7717391304347825	1913.0	3.6956521739130435	-111.0	0.1664167916041979	0.1169415292353823	-15.0	10166.015625	0.022488755622188904	78.0	30.1386731877923	33403.0	-1314.0	40.0609756097561	947099.0	28903.167724609375	134.51219512195124	-783.0	-4412.0	23.871951219512198	3720.1465201465203	2539.0	-692.0	1.6555023923444976	592.0	-0.4401913875598086	98.12073525456535	4784160.0	1.416267942583732	184.0	
2103.0	2.9782608695652173	1979.0	1.6304347826086956	1963.0	3.152173913043478	-104.0	0.15592203898050974	0.12893553223388304	-19.0	10175.78125	0.02848575712143928	86.0	30.1386731877923	33403.0	-930.0	28.353658536585368	947419.0	28912.933349609375	120.94512195121952	-783.0	-3967.0	23.871951219512198	3706.959706959707	2530.0	-472.0	1.1291866028708133	616.0	-0.5645933014354066	98.12575851918072	4783664.0	1.4736842105263157	236.0	
2137.0	3.010869565217391	1976.0	1.2608695652173914	1951.0	3.282608695652174	-94.0	0.1409295352323838	0.1184407796101949	-18.0	10185.546875	0.026986506746626684	79.0	30.1386731877923	33403.0	-616.0	18.78048780487805	947739.0	28922.698974609375	106.92073170731709	-869.0	-3507.0	26.493902439024392	3721.611721611722	2540.0	-500.0	1.1961722488038278	656.0	-1.1483253588516746	98.12575851918072	4783664.0	1.569377990430622	480.0	
2184.0	2.902173913043478	1986.0	0.75	1928.0	3.532608695652174	-92.0	0.13793103448275862	0.12443778110944527	-23.0	10195.3125	0.034482758620689655	83.0	30.1386731877923	33403.0	-359.0	10.945121951219512	948059.0	28932.464599609375	93.04878048780489	-865.0	-3052.0	26.371951219512198	3733.3333333333335	2548.0	-628.0	1.5023923444976075	552.0	-1.6172248803827751	98.12575851918072	4783664.0	1.3205741626794258	676.0	
2190.0	2.543478260869565	2019.0	0.6847826086956521	1907.0	3.760869565217391	-83.0	0.12443778110944527	0.12443778110944527	-23.0	10205.078125	0.034482758620689655	83.0	30.1386731877923	33403.0	-89.0	2.713414634146342	948379.0	28942.230224609375	78.75000000000001	-736.0	-2583.0	22.439024390243905	3712.820512820513	2534.0	-748.0	1.7894736842105263	396.0	-1.7224880382775118	98.12575851918072	4783664.0	0.9473684210526315	720.0	
2172.0	2.369565217391304	2035.0	0.8804347826086957	1882.0	4.032608695652174	-83.0	0.12443778110944527	0.12893553223388304	-19.0	10214.84375	0.02848575712143928	86.0	30.1386731877923	33403.0	137.0	-4.176829268292684	948699.0	28951.995849609375	64.63414634146342	-490.0	-2120.0	14.939024390243905	3733.3333333333335	2548.0	-804.0	1.9234449760765548	360.0	-1.645933014354067	98.12575851918072	4783664.0	0.8612440191387559	688.0	
2179.0	2.641304347826087	2010.0	0.8043478260869565	1900.0	3.8369565217391304	-77.0	0.11544227886056971	0.13343328335832083	-29.0	10224.609375	0.043478260869565216	89.0	30.1386731877923	33403.0	341.0	-10.396341463414634	949019.0	28961.761474609375	50.304878048780495	-330.0	-1650.0	10.060975609756099	3702.5641025641025	2527.0	-780.0	1.8660287081339713	436.0	-1.5023923444976075	98.1264066829906	4783600.0	1.0430622009569377	628.0	
2189.0	3.1630434782608696	1962.0	0.6956521739130435	1910.0	3.7282608695652173	-74.0	0.11094452773613193	0.12593703148425786	-27.0	10234.375	0.04047976011994003	84.0	30.1386731877923	33403.0	449.0	-13.689024390243903	949339.0	28971.527099609375	37.59146341463415	-440.0	-1233.0	13.414634146341465	3728.937728937729	2545.0	-724.0	1.7320574162679425	588.0	-1.6076555023923444	98.1264066829906	4783600.0	1.4066985645933014	672.0	
2184.0	3.358695652173913	1944.0	0.75	1914.0	3.684782608695652	-75.0	0.11244377811094453	0.12293853073463268	-24.0	10244.140625	0.035982008995502246	82.0	30.1386731877923	33403.0	423.0	-12.896341463414636	949659.0	28981.292724609375	22.682926829268293	-649.0	-744.0	19.78658536585366	3706.959706959707	2530.0	-676.0	1.6172248803827751	688.0	-1.6842105263157894	98.1264066829906	4783600.0	1.645933014354067	704.0	
2207.0	3.4565217391304346	1935.0	0.5	1916.0	3.6630434782608696	-73.0	0.10944527736131934	0.12593703148425786	-32.0	10253.90625	0.047976011994003	84.0	30.1386731877923	33403.0	783.0	-23.871951219512198	949979.0	28991.058349609375	3.4756097560975614	-1155.0	-114.0	35.213414634146346	3711.3553113553116	2533.0	-660.0	1.5789473684210527	872.0	-1.7511961722488039	98.1264066829906	4783600.0	2.0861244019138754	732.0	
2226.0	3.0760869565217392	1970.0	0.2934782608695652	1853.0	4.3478260869565215	-71.0	0.10644677661169415	0.12293853073463268	-29.0	10263.671875	0.043478260869565216	82.0	30.1386731877923	33403.0	934.0	-28.475609756097562	950299.0	29000.823974609375	-15.670731707317074	-1304.0	514.0	39.75609756097561	3702.5641025641025	2527.0	-884.0	2.114832535885167	696.0	-2.1052631578947367	98.1264066829906	4783600.0	1.6650717703349283	880.0	
2254.0	2.4565217391304346	2027.0	-0.010869565217391304	1794.0	4.989130434782608	-71.0	0.10644677661169415	0.12743628185907047	-21.0	10273.4375	0.031484257871064465	85.0	30.1386731877923	33403.0	1153.0	-35.15243902439025	950619.0	29010.589599609375	-38.23170731707317	-1319.0	1254.0	40.213414634146346	3709.89010989011	2532.0	-1240.0	2.9665071770334928	372.0	-2.3157894736842106	98.12559647825087	4783680.0	0.8899521531100478	968.0	
2249.0	2.141304347826087	2056.0	0.043478260869565216	1760.0	5.358695652173913	-72.0	0.10794602698650674	0.11544227886056971	-25.0	10283.203125	0.037481259370314844	77.0	30.1386731877923	33403.0	1396.0	-42.5609756097561	950939.0	29020.355224609375	-59.57317073170732	-1055.0	1954.0	32.16463414634146	3723.0769230769233	2541.0	-1404.0	3.3588516746411483	208.0	-2.401913875598086	98.12559647825087	4783680.0	0.49760765550239233	1004.0	
2247.0	2.1847826086956523	2052.0	0.06521739130434782	1757.0	5.391304347826087	-72.0	0.10794602698650674	0.11094452773613193	-23.0	10292.96875	0.034482758620689655	74.0	30.1386731877923	33403.0	1679.0	-51.18902439024391	951259.0	29030.120849609375	-82.40853658536587	-916.0	2703.0	27.926829268292686	3723.0769230769233	2541.0	-1424.0	3.4066985645933014	252.0	-2.488038277511962	98.12559647825087	4783680.0	0.6028708133971291	1040.0	
2281.0	2.760869565217391	1999.0	-0.30434782608695654	1782.0	5.119565217391304	-83.0	0.12443778110944527	0.10794602698650674	-25.0	10302.734375	0.037481259370314844	72.0	30.1386731877923	33403.0	1898.0	-57.865853658536594	951579.0	29039.886474609375	-104.08536585365854	-929.0	3414.0	28.323170731707318	3718.6813186813188	2538.0	-1312.0	3.138755980861244	480.0	-2.727272727272727	98.12559647825087	4783680.0	1.1483253588516746	1140.0	
2289.0	3.3043478260869565	1949.0	-0.3913043478260869	1795.0	4.978260869565217	-85.0	0.12743628185907047	0.10194902548725637	-17.0	10312.5	0.025487256371814093	68.0	30.1386731877923	33403.0	2141.0	-65.27439024390245	951899.0	29049.652099609375	-125.57926829268294	-1123.0	4119.0	34.237804878048784	3718.6813186813188	2538.0	-1228.0	2.937799043062201	764.0	-2.985645933014354	98.12559647825087	4783680.0	1.8277511961722488	1248.0	
2314.0	3.7717391304347827	1906.0	-0.6630434782608695	1797.0	4.956521739130435	-89.0	0.13343328335832083	0.09895052473763118	-16.0	10322.265625	0.0239880059970015	66.0	30.1386731877923	33403.0	2390.0	-72.8658536585366	952219.0	29059.417724609375	-148.14024390243904	-1327.0	4859.0	40.457317073170735	3730.4029304029305	2546.0	-1232.0	2.9473684210526314	896.0	-3.2344497607655502	98.12575851918072	4783664.0	2.1435406698564594	1352.0	
2318.0	3.6956521739130435	1913.0	-0.7065217391304348	1804.0	4.880434782608695	-99.0	0.14842578710644677	0.08845577211394302	-18.0	10332.03125	0.026986506746626684	59.0	30.1386731877923	33403.0	2749.0	-83.8109756097561	952539.0	29069.183349609375	-168.65853658536588	-1567.0	5532.0	47.774390243902445	3711.3553113553116	2533.0	-1232.0	2.9473684210526314	924.0	-3.263157894736842	98.12575851918072	4783664.0	2.2105263157894735	1364.0	
2294.0	3.902173913043478	1894.0	-0.44565217391304346	1815.0	4.760869565217392	-104.0	0.15592203898050974	0.0914542728635682	-17.0	10341.796875	0.025487256371814093	61.0	30.1386731877923	33403.0	3172.0	-96.70731707317074	952859.0	29078.948974609375	-187.8658536585366	-1863.0	6162.0	56.79878048780488	3720.1465201465203	2539.0	-1132.0	2.7081339712918657	1028.0	-2.9473684210526314	98.12575851918072	4783664.0	2.4593301435406696	1232.0	
2254.0	4.271739130434782	1860.0	-0.010869565217391304	1841.0	4.478260869565217	-111.0	0.1664167916041979	0.06896551724137931	-13.0	10351.5625	0.019490254872563718	46.0	30.1386731877923	33403.0	3608.0	-110.00000000000001	953179.0	29088.714599609375	-206.46341463414635	-2313.0	6772.0	70.51829268292684	3717.2161172161173	2537.0	-992.0	2.373205741626794	1212.0	-2.488038277511962	98.12575851918072	4783664.0	2.8995215311004783	1040.0	
2217.0	4.489130434782608	1840.0	0.3913043478260869	1872.0	4.141304347826087	-120.0	0.17991004497751123	0.06446776611694152	1.0	10361.328125	-0.0014992503748125937	43.0	30.1386731877923	33403.0	4053.0	-123.56707317073172	953499.0	29098.480224609375	-223.93292682926833	-2673.0	7345.0	81.4939024390244	3717.2161172161173	2537.0	-932.0	2.229665071770335	1292.0	-2.3062200956937797	98.12575851918072	4783664.0	3.090909090909091	964.0	
2174.0	4.489130434782608	1840.0	0.858695652173913	1906.0	3.7717391304347827	-129.0	0.1934032983508246	0.05397301349325337	1.0	10371.09375	-0.0014992503748125937	36.0	30.1386731877923	33403.0	4527.0	-138.01829268292684	953819.0	29108.245849609375	-240.64024390243904	-3112.0	7893.0	94.87804878048782	3727.4725274725274	2544.0	-728.0	1.7416267942583732	1344.0	-1.8660287081339713	98.12559647825087	4783680.0	3.215311004784689	780.0	
2165.0	4.684782608695652	1822.0	0.9565217391304348	1960.0	3.184782608695652	-145.0	0.21739130434782608	0.04497751124437781	8.0	10380.859375	-0.01199400299850075	30.0	30.1386731877923	33403.0	5018.0	-152.9878048780488	954139.0	29118.011474609375	-254.78658536585368	-3413.0	8357.0	104.0548780487805	3698.1684981684984	2524.0	-496.0	1.186602870813397	1392.0	-1.5789473684210527	98.12559647825087	4783680.0	3.3301435406698565	660.0	
2142.0	5.0	1793.0	1.2065217391304348	1978.0	2.9891304347826084	-151.0	0.22638680659670163	0.035982008995502246	13.0	10390.625	-0.019490254872563718	24.0	30.1386731877923	33403.0	5521.0	-168.32317073170734	954459.0	29127.777099609375	-266.5853658536586	-3609.0	8744.0	110.03048780487806	3731.868131868132	2547.0	-364.0	0.8708133971291866	1520.0	-1.3205741626794258	98.12559647825087	4783680.0	3.6363636363636362	552.0	
2115.0	5.358695652173913	1760.0	1.5	2016.0	2.5760869565217392	-163.0	0.24437781109445278	0.019490254872563718	26.0	10400.390625	-0.038980509745127435	13.0	30.1386731877923	33403.0	6066.0	-184.93902439024393	954779.0	29137.542724609375	-277.7743902439025	-3795.0	9111.0	115.70121951219514	3731.868131868132	2547.0	-268.0	0.6411483253588517	1632.0	-1.0239234449760766	98.12559647825087	4783680.0	3.9043062200956937	428.0	
2082.0	5.630434782608695	1735.0	1.858695652173913	2119.0	1.4565217391304348	-172.0	0.2578710644677661	0.0014992503748125937	31.0	10410.15625	-0.046476761619190406	1.0	30.1386731877923	33403.0	6553.0	-199.78658536585368	955099.0	29147.308349609375	-286.1890243902439	-3674.0	9387.0	112.01219512195124	3715.7509157509157	2536.0	220.0	-0.5263157894736842	1784.0	-0.6124401913875598	98.12559647825087	4783680.0	4.267942583732057	256.0	
2042.0	6.108695652173913	1691.0	2.293478260869565	2182.0	0.7717391304347826	-176.0	0.2638680659670165	-0.017991004497751123	51.0	10419.921875	-0.07646176911544228	-12.0	30.1386731877923	33403.0	6919.0	-210.94512195121953	955419.0	29157.073974609375	-290.51829268292687	-3408.0	9529.0	103.90243902439025	3724.542124542125	2542.0	612.0	-1.464114832535885	1996.0	-0.12440191387559808	98.12203158008481	4784032.0	4.77511961722488	52.0	
2012.0	6.5	1655.0	2.619565217391304	2250.0	0.03260869565217391	-181.0	0.27136431784107945	-0.035982008995502246	67.0	10429.6875	-0.10044977511244378	-24.0	30.1386731877923	33403.0	7348.0	-224.02439024390247	955739.0	29166.839599609375	-294.7865853658537	-3290.0	9669.0	100.3048780487805	3702.5641025641025	2527.0	908.0	-2.172248803827751	2160.0	0.34449760765550236	98.12203158008481	4784032.0	5.167464114832535	-144.0	
1982.0	6.8478260869565215	1623.0	2.9456521739130435	2311.0	-0.6304347826086957	-190.0	0.2848575712143928	-0.05247376311844078	80.0	10439.453125	-0.1199400299850075	-35.0	30.1386731877923	33403.0	7790.0	-237.50000000000003	956059.0	29176.605224609375	-297.6829268292683	-3118.0	9764.0	95.06097560975611	3708.4249084249086	2531.0	1168.0	-2.7942583732057416	2336.0	0.6124401913875598	98.12203158008481	4784032.0	5.588516746411483	-256.0	
1951.0	6.945652173913043	1614.0	3.282608695652174	2304.0	-0.5543478260869565	-201.0	0.30134932533733133	-0.06596701649175413	96.0	10449.21875	-0.14392803598200898	-44.0	30.1386731877923	33403.0	8226.0	-250.7926829268293	956379.0	29186.370849609375	-297.469512195122	-2955.0	9757.0	90.09146341463415	3727.4725274725274	2544.0	1184.0	-2.832535885167464	2420.0	0.9186602870813396	98.12203158008481	4784032.0	5.789473684210526	-384.0	
1926.0	6.956521739130435	1613.0	3.5543478260869565	2266.0	-0.14130434782608695	-200.0	0.29985007496251875	-0.08545727136431784	115.0	10458.984375	-0.17241379310344826	-57.0	30.1386731877923	33403.0	8628.0	-263.0487804878049	956699.0	29196.136474609375	-297.95731707317077	-3094.0	9773.0	94.32926829268294	3704.029304029304	2528.0	984.0	-2.354066985645933	2380.0	1.3588516746411483	98.12203158008481	4784032.0	5.69377990430622	-568.0	
1875.0	6.815217391304348	1626.0	4.108695652173913	2235.0	0.19565217391304346	-207.0	0.3103448275862069	-0.11094452773613193	136.0	10468.75	-0.20389805097451275	-74.0	30.1386731877923	33403.0	9214.0	-280.9146341463415	957019.0	29205.902099609375	-299.4207317073171	-3647.0	9821.0	111.18902439024392	3718.6813186813188	2538.0	828.0	-1.9808612440191387	2340.0	1.9330143540669855	98.12024913264491	4784208.0	5.598086124401914	-808.0	
1831.0	7.043478260869565	1605.0	4.58695652173913	2242.0	0.11956521739130435	-211.0	0.31634182908545727	-0.12893553223388304	160.0	10478.515625	-0.239880059970015	-86.0	30.1386731877923	33403.0	9881.0	-301.25	957339.0	29215.667724609375	-296.5853658536586	-4345.0	9728.0	132.46951219512195	3699.6336996337	2525.0	864.0	-2.0669856459330145	2488.0	2.4593301435406696	98.12024913264491	4784208.0	5.952153110047846	-1028.0	
1777.0	8.141304347826086	1504.0	5.173913043478261	2316.0	-0.6847826086956521	-215.0	0.32233883058470764	-0.13793103448275862	174.0	10488.28125	-0.2608695652173913	-92.0	30.1386731877923	33403.0	10259.0	-312.7743902439025	957659.0	29225.433349609375	-291.7987804878049	-5038.0	9571.0	153.59756097560978	3709.89010989011	2532.0	1260.0	-3.014354066985646	2960.0	3.1961722488038276	98.12024913264491	4784208.0	7.08133971291866	-1336.0	
1738.0	9.565217391304348	1373.0	5.5978260869565215	2381.0	-1.391304347826087	-216.0	0.3238380809595202	-0.15592203898050974	200.0	10498.046875	-0.29985007496251875	-104.0	30.1386731877923	33403.0	10515.0	-320.57926829268297	957979.0	29235.198974609375	-285.57926829268297	-5639.0	9367.0	171.9207317073171	3712.820512820513	2534.0	1568.0	-3.751196172248804	3620.0	3.665071770334928	98.12024913264491	4784208.0	8.660287081339712	-1532.0	
1693.0	10.554347826086957	1282.0	6.08695652173913	2402.0	-1.6195652173913042	-214.0	0.32083958020989506	-0.17391304347826086	222.0	10507.8125	-0.3328335832083958	-116.0	30.1386731877923	33403.0	10988.0	-335.00000000000006	958299.0	29244.964599609375	-273.56707317073176	-5878.0	8973.0	179.20731707317074	3708.4249084249086	2531.0	1684.0	-4.028708133971292	4092.0	4.220095693779904	98.12024913264491	4784208.0	9.789473684210526	-1764.0	
1648.0	10.565217391304348	1281.0	6.576086956521739	2470.0	-2.358695652173913	-204.0	0.3058470764617691	-0.17841079460269865	249.0	10517.578125	-0.3733133433283358	-119.0	30.1386731877923	33403.0	11486.0	-350.1829268292683	958619.0	29254.730224609375	-265.3353658536586	-5619.0	8703.0	171.31097560975613	3715.7509157509157	2536.0	1900.0	-4.545454545454545	4116.0	4.535885167464115	98.12008709202287	4784224.0	9.84688995215311	-1896.0	
1611.0	9.641304347826086	1366.0	6.978260869565217	2453.0	-2.1739130434782608	-205.0	0.3073463268365817	-0.1874062968515742	271.0	10527.34375	-0.40629685157421286	-125.0	30.1386731877923	33403.0	12028.0	-366.70731707317077	958939.0	29264.495849609375	-259.2987804878049	-5079.0	8505.0	154.84756097560978	3730.4029304029305	2546.0	1948.0	-4.660287081339713	3772.0	4.976076555023924	98.12008709202287	4784224.0	9.023923444976075	-2080.0	
1606.0	9.021739130434783	1423.0	7.032608695652174	2469.0	-2.3478260869565215	-190.0	0.2848575712143928	-0.2083958020989505	291.0	10537.109375	-0.43628185907046474	-139.0	30.1386731877923	33403.0	12683.0	-386.6768292682927	959259.0	29274.261474609375	-247.9878048780488	-4828.0	8134.0	147.19512195121953	3699.6336996337	2525.0	1884.0	-4.507177033492823	3344.0	5.1291866028708135	98.12008709202287	4784224.0	8.0	-2144.0	
1599.0	10.0	1333.0	7.108695652173913	2566.0	-3.402173913043478	-187.0	0.280359820089955	-0.21589205397301348	323.0	10546.875	-0.48425787106446777	-144.0	30.1386731877923	33403.0	12871.0	-392.4085365853659	959579.0	29284.027099609375	-233.59756097560978	-3437.0	7662.0	104.78658536585367	3727.4725274725274	2544.0	2208.0	-5.282296650717703	3592.0	5.1387559808612435	98.12008709202287	4784224.0	8.593301435406698	-2148.0	
1539.0	12.0	1149.0	7.760869565217391	2671.0	-4.543478260869565	-180.0	0.2698650674662669	-0.2128935532233883	350.0	10556.640625	-0.5247376311844077	-142.0	30.1386731877923	33403.0	12567.0	-383.14024390243907	959899.0	29293.792724609375	-218.2926829268293	-2346.0	7160.0	71.52439024390245	3736.2637362637365	2550.0	2852.0	-6.822966507177033	4340.0	5.722488038277512	98.12008709202287	4784224.0	10.382775119617225	-2392.0	
1445.0	15.41304347826087	835.0	8.782608695652174	2645.0	-4.260869565217392	-170.0	0.25487256371814093	-0.21139430284857572	370.0	10566.40625	-0.5547226386806596	-141.0	30.1386731877923	33403.0	12201.0	-371.9817073170732	960219.0	29303.558349609375	-200.609756097561	-3175.0	6580.0	96.79878048780489	3721.611721611722	2540.0	2876.0	-6.880382775119617	5868.0	6.918660287081339	98.1176564837787	4784464.0	14.038277511961722	-2892.0	
1386.0	20.152173913043477	399.0	9.42391304347826	2498.0	-2.6630434782608696	-167.0	0.25037481259370314	-0.20689655172413793	396.0	10576.171875	-0.5937031484257871	-138.0	30.1386731877923	33403.0	12069.0	-367.95731707317077	960539.0	29313.323974609375	-183.71951219512198	-6301.0	6026.0	192.10365853658539	3737.7289377289376	2551.0	2200.0	-5.263157894736842	8136.0	7.8181818181818175	98.1176564837787	4784464.0	19.464114832535884	-3268.0	
1405.0	23.391304347826086	101.0	9.217391304347826	2425.0	-1.8695652173913042	-154.0	0.23088455772113942	-0.20689655172413793	420.0	10585.9375	-0.6296851574212894	-138.0	30.1386731877923	33403.0	12503.0	-381.18902439024396	960859.0	29323.089599609375	-159.2987804878049	-10402.0	5225.0	317.13414634146346	3712.820512820513	2534.0	1808.0	-4.325358851674641	9924.0	7.665071770334928	98.1176564837787	4784464.0	23.741626794258373	-3204.0	
1533.0	23.25	114.0	7.826086956521739	2456.0	-2.2065217391304346	-133.0	0.19940029985007496	-0.21139430284857572	440.0	10595.703125	-0.6596701649175412	-141.0	30.1386731877923	33403.0	12837.0	-391.37195121951225	961179.0	29332.855224609375	-128.56707317073173	-14157.0	4217.0	431.61585365853665	3714.285714285714	2535.0	1916.0	-4.583732057416268	9932.0	6.057416267942584	98.1176564837787	4784464.0	23.760765550239235	-2532.0	
1716.0	19.84782608695652	427.0	5.83695652173913	2557.0	-3.3043478260869565	-111.0	0.1664167916041979	-0.20539730134932532	465.0	10605.46875	-0.697151424287856	-137.0	30.1386731877923	33403.0	13110.0	-399.69512195121956	961499.0	29342.620849609375	-87.13414634146342	-16304.0	2858.0	497.07317073170736	3724.542124542125	2542.0	2412.0	-5.770334928229665	8296.0	3.6555023923444976	98.1176564837787	4784464.0	19.84688995215311	-1528.0	
1839.0	15.097826086956522	864.0	4.5	2627.0	-4.065217391304348	-82.0	0.12293853073463268	-0.19640179910044978	484.0	10615.234375	-0.7256371814092953	-131.0	30.1386731877923	33403.0	13180.0	-401.82926829268297	961819.0	29352.386474609375	-42.37804878048781	-14927.0	1390.0	455.0914634146342	3709.89010989011	2532.0	2692.0	-6.440191387559809	5984.0	2.2392344497607652	98.11976301080595	4784256.0	14.31578947368421	-936.0	
1737.0	11.652173913043478	1181.0	5.608695652173913	2442.0	-2.0543478260869565	-56.0	0.08395802098950525	-0.17991004497751123	502.0	10625.0	-0.7526236881559221	-120.0	30.1386731877923	33403.0	12801.0	-390.2743902439025	962139.0	29362.152099609375	-14.664634146341465	-10939.0	481.0	333.50609756097566	3718.6813186813188	2538.0	1728.0	-4.133971291866029	4276.0	3.712918660287081	98.11976301080595	4784256.0	10.229665071770334	-1552.0	
1440.0	11.597826086956522	1186.0	8.83695652173913	2158.0	1.0326086956521738	-50.0	0.07496251874062969	-0.1634182908545727	514.0	10634.765625	-0.7706146926536731	-109.0	30.1386731877923	33403.0	11625.0	-354.4207317073171	962459.0	29371.917724609375	1.402439024390244	-6953.0	-46.0	211.9817073170732	3720.1465201465203	2539.0	284.0	-0.6794258373205742	4304.0	7.626794258373206	98.11976301080595	4784256.0	10.296650717703349	-3188.0	
1109.0	15.043478260869565	869.0	12.434782608695652	1886.0	3.9891304347826084	-39.0	0.05847076461769115	-0.14992503748125938	530.0	10644.53125	-0.7946026986506747	-100.0	30.1386731877923	33403.0	10364.0	-315.9756097560976	962779.0	29381.683349609375	1.9512195121951221	-4516.0	-64.0	137.6829268292683	3709.89010989011	2532.0	-988.0	2.3636363636363638	6172.0	11.85645933014354	98.11976301080595	4784256.0	14.765550239234448	-4956.0	
945.0	18.42391304347826	558.0	14.217391304347826	1741.0	5.565217391304348	-33.0	0.04947526236881559	-0.12893553223388304	539.0	10654.296875	-0.808095952023988	-86.0	30.1386731877923	33403.0	9664.0	-294.63414634146346	963099.0	29391.448974609375	-2.2865853658536586	-3725.0	75.0	113.56707317073172	3709.89010989011	2532.0	-1596.0	3.818181818181818	7776.0	13.569377990430622	98.11976301080595	4784256.0	18.60287081339713	-5672.0	
987.0	19.641304347826086	446.0	13.76086956521739	1716.0	5.83695652173913	-21.0	0.031484257871064465	-0.10494752623688156	548.0	10664.0625	-0.8215892053973013	-70.0	30.1386731877923	33403.0	9297.0	-283.44512195121956	963419.0	29401.214599609375	-6.920731707317074	-4276.0	227.0	130.3658536585366	3699.6336996337	2525.0	-1592.0	3.8086124401913874	8176.0	12.354066985645932	98.11927688904849	4784304.0	19.55980861244019	-5164.0	
1117.0	17.206521739130434	670.0	12.347826086956522	1786.0	5.076086956521739	-30.0	0.04497751124437781	-0.09295352323838081	560.0	10673.828125	-0.8395802098950524	-62.0	30.1386731877923	33403.0	9310.0	-283.8414634146342	963739.0	29410.980224609375	13.414634146341465	-4333.0	-440.0	132.10365853658539	3718.6813186813188	2538.0	-1496.0	3.5789473684210527	7548.0	11.741626794258373	98.11927688904849	4784304.0	18.057416267942582	-4908.0	
1177.0	13.706521739130434	992.0	11.695652173913043	1840.0	4.489130434782608	-22.0	0.03298350824587706	-0.07346326836581708	575.0	10683.59375	-0.8620689655172413	-49.0	30.1386731877923	33403.0	8862.0	-270.1829268292683	964059.0	29420.745849609375	15.365853658536587	-3130.0	-504.0	95.42682926829269	3724.542124542125	2542.0	-1104.0	2.6411483253588517	5880.0	10.593301435406698	98.11927688904849	4784304.0	14.066985645933014	-4428.0	
1193.0	10.956521739130434	1245.0	11.521739130434783	1862.0	4.25	-19.0	0.02848575712143928	-0.04947526236881559	584.0	10693.359375	-0.8755622188905547	-33.0	30.1386731877923	33403.0	7990.0	-243.59756097560978	964379.0	29430.511474609375	14.756097560975611	-1404.0	-484.0	42.804878048780495	3698.1684981684984	2524.0	-1008.0	2.4114832535885165	4308.0	10.373205741626794	98.11927688904849	4784304.0	10.30622009569378	-4336.0	
1205.0	9.445652173913043	1384.0	11.391304347826086	1845.0	4.434782608695652	-21.0	0.031484257871064465	-0.04047976011994003	584.0	10703.125	-0.8755622188905547	-27.0	30.1386731877923	33403.0	6985.0	-212.95731707317074	964699.0	29440.277099609375	5.27439024390244	1112.0	-173.0	-33.90243902439025	3730.4029304029305	2546.0	-1016.0	2.430622009569378	3592.0	10.421052631578947	98.11927688904849	4784304.0	8.593301435406698	-4356.0	
1179.0	8.130434782608695	1505.0	11.67391304347826	1800.0	4.923913043478261	-20.0	0.029985007496251874	-0.026986506746626684	595.0	10712.890625	-0.8920539730134932	-18.0	30.1386731877923	33403.0	7095.0	-216.31097560975613	965019.0	29450.042724609375	17.80487804878049	4167.0	-584.0	-127.04268292682929	3728.937728937729	2545.0	-1348.0	3.2248803827751193	2840.0	10.440191387559809	98.12170749865064	4784064.0	6.794258373205741	-4364.0	
1118.0	10.195652173913043	1315.0	12.33695652173913	1779.0	5.1521739130434785	-23.0	0.034482758620689655	-0.0014992503748125937	602.0	10722.65625	-0.9025487256371814	-1.0	30.1386731877923	33403.0	6066.0	-184.93902439024393	965339.0	29459.808349609375	-9.573170731707318	6210.0	314.0	-189.32926829268294	3715.7509157509157	2536.0	-1332.0	3.186602870813397	3548.0	11.502392344497608	98.12170749865064	4784064.0	8.488038277511961	-4808.0	
1174.0	12.369565217391305	1115.0	11.728260869565217	1781.0	5.130434782608695	-34.0	0.050974512743628186	0.0029985007496251873	606.0	10732.421875	-0.9085457271364318	2.0	30.1386731877923	33403.0	5420.0	-165.2439024390244	965659.0	29469.573974609375	-13.719512195121952	7622.0	450.0	-232.37804878048783	3730.4029304029305	2546.0	-1432.0	3.4258373205741623	4712.0	10.822966507177034	98.12170749865064	4784064.0	11.272727272727272	-4524.0	
1238.0	13.815217391304348	982.0	11.032608695652174	1786.0	5.076086956521739	-39.0	0.05847076461769115	0.019490254872563718	608.0	10742.1875	-0.9115442278860569	13.0	30.1386731877923	33403.0	4984.0	-151.95121951219514	965979.0	29479.339599609375	-15.914634146341465	8142.0	522.0	-248.2317073170732	3699.6336996337	2525.0	-1364.0	3.263157894736842	5456.0	10.076555023923445	98.12170749865064	4784064.0	13.052631578947368	-4212.0	
1297.0	14.326086956521738	935.0	10.391304347826086	1817.0	4.739130434782608	-40.0	0.05997001499250375	0.02848575712143928	611.0	10751.953125	-0.9160419790104948	19.0	30.1386731877923	33403.0	4563.0	-139.1158536585366	966299.0	29489.105224609375	-22.957317073170735	8449.0	753.0	-257.5914634146342	3709.89010989011	2532.0	-1228.0	2.937799043062201	5728.0	9.24401913875598	98.12170749865064	4784064.0	13.70334928229665	-3864.0	
1373.0	14.195652173913043	947.0	9.565217391304348	1849.0	4.391304347826087	-45.0	0.06746626686656672	0.04497751124437781	612.0	10761.71875	-0.9175412293853074	30.0	30.1386731877923	33403.0	4085.0	-124.54268292682929	966619.0	29498.870849609375	-22.408536585365855	8525.0	735.0	-259.9085365853659	3720.1465201465203	2539.0	-1044.0	2.4976076555023923	5676.0	8.191387559808613	98.12203158008481	4784032.0	13.578947368421051	-3424.0	
1460.0	13.695652173913043	993.0	8.619565217391305	1875.0	4.108695652173913	-48.0	0.07196401799100449	0.05847076461769115	618.0	10771.484375	-0.9265367316341829	39.0	30.1386731877923	33403.0	3528.0	-107.56097560975611	966939.0	29508.636474609375	-24.969512195121954	8590.0	819.0	-261.89024390243907	3708.4249084249086	2531.0	-912.0	2.1818181818181817	5412.0	7.177033492822966	98.12203158008481	4784032.0	12.947368421052632	-3000.0	
1525.0	13.195652173913043	1039.0	7.913043478260869	1871.0	4.1521739130434785	-53.0	0.07946026986506746	0.05847076461769115	624.0	10781.25	-0.9355322338830584	39.0	30.1386731877923	33403.0	3161.0	-96.3719512195122	967259.0	29518.402099609375	-29.29878048780488	8373.0	961.0	-255.27439024390247	3726.007326007326	2543.0	-944.0	2.2583732057416266	5200.0	6.258373205741626	98.12203158008481	4784032.0	12.440191387559809	-2616.0	
1578.0	13.434782608695652	1017.0	7.33695652173913	1868.0	4.184782608695652	-54.0	0.08095952023988005	0.0704647676161919	622.0	10791.015625	-0.9325337331334332	47.0	30.1386731877923	33403.0	2666.0	-81.28048780487805	967579.0	29528.167724609375	-22.926829268292686	8115.0	752.0	-247.40853658536588	3726.007326007326	2543.0	-960.0	2.2966507177033493	5304.0	5.655502392344498	98.12203158008481	4784032.0	12.688995215311005	-2364.0	
1589.0	13.76086956521739	987.0	7.217391304347826	1883.0	4.021739130434782	-57.0	0.08545727136431784	0.07946026986506746	626.0	10800.78125	-0.9385307346326837	53.0	30.1386731877923	33403.0	2261.0	-68.9329268292683	967899.0	29537.933349609375	-19.573170731707318	7573.0	642.0	-230.88414634146343	3730.4029304029305	2546.0	-860.0	2.0574162679425836	5476.0	5.684210526315789	98.12203158008481	4784032.0	13.10047846889952	-2376.0	
1553.0	14.184782608695652	948.0	7.608695652173913	1901.0	3.8260869565217392	-66.0	0.09895052473763118	0.0914542728635682	625.0	10810.546875	-0.9370314842578711	61.0	30.1386731877923	33403.0	2013.0	-61.3719512195122	968219.0	29547.698974609375	-18.53658536585366	7122.0	608.0	-217.13414634146343	3723.0769230769233	2541.0	-772.0	1.84688995215311	5692.0	6.258373205741626	98.12316586538962	4783920.0	13.617224880382775	-2616.0	
1495.0	14.75	896.0	8.23913043478261	1892.0	3.9239130434782608	-62.0	0.09295352323838081	0.09745127436281859	625.0	10820.3125	-0.9370314842578711	65.0	30.1386731877923	33403.0	1681.0	-51.25000000000001	968539.0	29557.464599609375	-21.432926829268293	6775.0	703.0	-206.5548780487805	3711.3553113553116	2533.0	-760.0	1.8181818181818181	5828.0	6.574162679425837	98.12316586538962	4783920.0	13.942583732057416	-2748.0	
1410.0	15.228260869565217	852.0	9.16304347826087	1890.0	3.9456521739130435	-65.0	0.09745127436281859	0.10044977511244378	626.0	10830.078125	-0.9385307346326837	67.0	30.1386731877923	33403.0	1193.0	-36.3719512195122	968859.0	29567.230224609375	-29.451219512195124	6246.0	966.0	-190.4268292682927	3717.2161172161173	2537.0	-908.0	2.172248803827751	6056.0	7.358851674641148	98.12316586538962	4783920.0	14.488038277511961	-3076.0	
1341.0	15.945652173913043	786.0	9.91304347826087	1826.0	4.641304347826087	-65.0	0.09745127436281859	0.10794602698650674	624.0	10839.84375	-0.9355322338830584	72.0	30.1386731877923	33403.0	500.0	-15.243902439024392	969179.0	29576.995849609375	-48.50609756097561	5938.0	1591.0	-181.03658536585368	3723.0769230769233	2541.0	-632.0	1.5119617224880382	6224.0	8.526315789473683	98.12316586538962	4783920.0	14.889952153110046	-3564.0	
1442.0	19.206521739130434	486.0	8.815217391304348	1629.0	6.782608695652174	-61.0	0.0914542728635682	0.10344827586206896	627.0	10849.609375	-0.9400299850074962	69.0	30.1386731877923	33403.0	-516.0	15.731707317073171	969499.0	29586.761474609375	-77.5609756097561	5259.0	2544.0	-160.33536585365854	3690.842490842491	2519.0	-1828.0	4.373205741626794	7500.0	8.0	98.12316586538962	4783920.0	17.942583732057415	-3344.0	
1600.0	20.804347826086957	339.0	7.0978260869565215	1552.0	7.619565217391304	-64.0	0.095952023988006	0.10494752623688156	626.0	10859.375	-0.9385307346326837	70.0	30.1386731877923	33403.0	-791.0	24.115853658536587	969819.0	29596.527099609375	-59.93902439024391	3510.0	1966.0	-107.01219512195122	3724.542124542125	2542.0	-2432.0	5.818181818181818	8740.0	5.626794258373206	98.12138341725264	4784096.0	20.909090909090907	-2352.0	
1616.0	19.358695652173914	472.0	6.923913043478261	1570.0	7.423913043478261	-56.0	0.08395802098950525	0.10044977511244378	629.0	10869.140625	-0.9430284857571214	67.0	30.1386731877923	33403.0	-989.0	30.152439024390247	970139.0	29606.292724609375	-51.92073170731708	2086.0	1703.0	-63.59756097560976	3733.3333333333335	2548.0	-2412.0	5.770334928229665	8264.0	5.157894736842105	98.12138341725264	4784096.0	19.770334928229666	-2156.0	
1554.0	17.0	689.0	7.5978260869565215	1660.0	6.445652173913043	-59.0	0.08845577211394302	0.11094452773613193	627.0	10878.90625	-0.9400299850074962	74.0	30.1386731877923	33403.0	-1675.0	51.06707317073171	970459.0	29616.058349609375	-51.06707317073171	1531.0	1675.0	-46.676829268292686	3712.820512820513	2534.0	-2008.0	4.803827751196172	7008.0	6.0	98.12138341725264	4784096.0	16.76555023923445	-2508.0	
1485.0	15.597826086956522	818.0	8.347826086956522	1737.0	5.608695652173913	-53.0	0.07946026986506746	0.09895052473763118	627.0	10888.671875	-0.9400299850074962	66.0	30.1386731877923	33403.0	-2476.0	75.48780487804879	970779.0	29625.823974609375	-53.993902439024396	1919.0	1771.0	-58.50609756097562	3723.0769230769233	2541.0	-1556.0	3.7224880382775116	6236.0	6.937799043062201	98.12138341725264	4784096.0	14.91866028708134	-2900.0	
1465.0	15.16304347826087	858.0	8.565217391304348	1748.0	5.489130434782608	-53.0	0.07946026986506746	0.09895052473763118	627.0	10898.4375	-0.9400299850074962	66.0	30.1386731877923	33403.0	-3226.0	98.35365853658537	971099.0	29635.589599609375	-64.39024390243902	2328.0	2112.0	-70.97560975609757	3705.4945054945056	2529.0	-1480.0	3.54066985645933	6068.0	7.291866028708133	98.12138341725264	4784096.0	14.516746411483252	-3048.0	
1488.0	14.771739130434781	894.0	8.315217391304348	1737.0	5.608695652173913	-49.0	0.07346326836581708	0.08245877061469264	625.0	10908.203125	-0.9370314842578711	55.0	30.1386731877923	33403.0	-3831.0	116.79878048780489	971419.0	29645.355224609375	-61.585365853658544	2800.0	2020.0	-85.3658536585366	3712.820512820513	2534.0	-1604.0	3.8373205741626792	5916.0	6.832535885167464	98.11976301080595	4784256.0	14.153110047846889	-2856.0	
1490.0	14.934782608695652	879.0	8.293478260869565	1735.0	5.630434782608695	-49.0	0.07346326836581708	0.08245877061469264	625.0	10917.96875	-0.9370314842578711	55.0	30.1386731877923	33403.0	-4543.0	138.50609756097563	971739.0	29655.120849609375	-54.72560975609757	3131.0	1795.0	-95.45731707317074	3711.3553113553116	2533.0	-1640.0	3.923444976076555	6024.0	6.784688995215311	98.11976301080595	4784256.0	14.411483253588516	-2836.0	
1457.0	14.26086956521739	941.0	8.652173913043478	1769.0	5.260869565217392	-47.0	0.0704647676161919	0.0704647676161919	615.0	10927.734375	-0.9220389805097451	47.0	30.1386731877923	33403.0	-5490.0	167.37804878048783	972059.0	29664.886474609375	-54.29878048780488	4222.0	1781.0	-128.71951219512195	3718.6813186813188	2538.0	-1408.0	3.3684210526315788	5616.0	7.244019138755981	98.11976301080595	4784256.0	13.435406698564593	-3028.0	
1396.0	14.108695652173912	955.0	9.315217391304348	1842.0	4.467391304347826	-43.0	0.06446776611694152	0.05697151424287856	612.0	10937.5	-0.9175412293853074	38.0	30.1386731877923	33403.0	-6147.0	187.40853658536588	972379.0	29674.652099609375	-44.54268292682927	5378.0	1461.0	-163.96341463414635	3724.542124542125	2542.0	-1112.0	2.660287081339713	5592.0	7.9425837320574155	98.11976301080595	4784256.0	13.37799043062201	-3320.0	
1374.0	14.630434782608695	907.0	9.554347826086957	1933.0	3.4782608695652173	-41.0	0.06146926536731634	0.04497751124437781	615.0	10947.265625	-0.9220389805097451	30.0	30.1386731877923	33403.0	-7372.0	224.75609756097563	972699.0	29684.417724609375	-49.024390243902445	6379.0	1608.0	-194.4817073170732	3696.703296703297	2523.0	-548.0	1.3110047846889952	5796.0	8.220095693779903	98.11976301080595	4784256.0	13.866028708133971	-3436.0	
1375.0	15.293478260869565	846.0	9.543478260869565	2023.0	2.5	-49.0	0.07346326836581708	0.025487256371814093	608.0	10957.03125	-0.9115442278860569	17.0	30.1386731877923	33403.0	-8228.0	250.85365853658539	973019.0	29694.183349609375	-39.268292682926834	7384.0	1288.0	-225.12195121951223	3712.820512820513	2534.0	-168.0	0.4019138755980861	6148.0	8.191387559808613	98.11846668630042	4784384.0	14.708133971291865	-3424.0	
1387.0	16.42391304347826	742.0	9.41304347826087	2105.0	1.608695652173913	-52.0	0.07796101949025487	0.0014992503748125937	596.0	10966.796875	-0.8935532233883058	1.0	30.1386731877923	33403.0	-9057.0	276.1280487804878	973339.0	29703.948974609375	-33.65853658536586	7688.0	1104.0	-234.39024390243904	3715.7509157509157	2536.0	316.0	-0.7559808612440191	6680.0	8.066985645933014	98.11846668630042	4784384.0	15.980861244019138	-3372.0	
1397.0	17.445652173913043	648.0	9.304347826086957	2172.0	0.8804347826086957	-50.0	0.07496251874062969	-0.020989505247376312	597.0	10976.5625	-0.8950524737631184	-14.0	30.1386731877923	33403.0	-9750.0	297.25609756097566	973659.0	29713.714599609375	-12.865853658536587	7567.0	422.0	-230.70121951219514	3714.285714285714	2535.0	424.0	-1.014354066985646	6916.0	7.923444976076555	98.11846668630042	4784384.0	16.545454545454543	-3312.0	
1410.0	18.5	551.0	9.16304347826087	2242.0	0.11956521739130435	-58.0	0.08695652173913043	-0.043478260869565216	593.0	10986.328125	-0.889055472263868	-29.0	30.1386731877923	33403.0	-10475.0	319.359756097561	973979.0	29723.480224609375	3.353658536585366	7005.0	-110.0	-213.56707317073173	3726.007326007326	2543.0	772.0	-1.84688995215311	7472.0	7.684210526315789	98.11846668630042	4784384.0	17.875598086124402	-3212.0	
1404.0	18.695652173913043	533.0	9.228260869565217	2334.0	-0.8804347826086957	-59.0	0.08845577211394302	-0.05697151424287856	579.0	10996.09375	-0.8680659670164917	-38.0	30.1386731877923	33403.0	-11079.0	337.7743902439025	974299.0	29733.245849609375	21.06707317073171	6438.0	-691.0	-196.28048780487808	3715.7509157509157	2536.0	1204.0	-2.880382775119617	7692.0	7.569377990430621	98.11846668630042	4784384.0	18.401913875598087	-3164.0	
1408.0	18.34782608695652	565.0	9.184782608695652	2422.0	-1.8369565217391304	-66.0	0.09895052473763118	-0.08395802098950525	565.0	11005.859375	-0.8470764617691154	-56.0	30.1386731877923	33403.0	-11526.0	351.4024390243903	974619.0	29743.011474609375	41.00609756097561	5831.0	-1345.0	-177.77439024390245	3692.3076923076924	2520.0	1632.0	-3.9043062200956937	7560.0	7.578947368421052	98.11960097021108	4784272.0	18.086124401913874	-3168.0	
1382.0	17.652173913043477	629.0	9.467391304347826	2465.0	-2.3043478260869565	-79.0	0.1184407796101949	-0.11394302848575712	548.0	11015.625	-0.8215892053973013	-76.0	30.1386731877923	33403.0	-11849.0	361.25000000000006	974939.0	29752.777099609375	59.96951219512196	5369.0	-1967.0	-163.68902439024393	3723.0769230769233	2541.0	1924.0	-4.6028708133971294	7276.0	7.875598086124402	98.11960097021108	4784272.0	17.406698564593302	-3292.0	
1378.0	16.869565217391305	701.0	9.51086956521739	2474.0	-2.402173913043478	-86.0	0.12893553223388304	-0.12143928035982009	534.0	11025.390625	-0.800599700149925	-81.0	30.1386731877923	33403.0	-12075.0	368.14024390243907	975259.0	29762.542724609375	80.00000000000001	4849.0	-2624.0	-147.83536585365854	3734.798534798535	2549.0	1996.0	-4.77511961722488	6892.0	8.009569377990431	98.11960097021108	4784272.0	16.48803827751196	-3348.0	
1390.0	16.456521739130434	739.0	9.380434782608695	2495.0	-2.630434782608696	-91.0	0.136431784107946	-0.1394302848575712	520.0	11035.15625	-0.7796101949025487	-93.0	30.1386731877923	33403.0	-12224.0	372.68292682926835	975579.0	29772.308349609375	97.19512195121952	4331.0	-3188.0	-132.0426829268293	3712.820512820513	2534.0	2044.0	-4.889952153110047	6668.0	7.875598086124402	98.11960097021108	4784272.0	15.952153110047846	-3292.0	
1398.0	16.52173913043478	733.0	9.293478260869565	2509.0	-2.782608695652174	-105.0	0.15742128935532235	-0.15592203898050974	508.0	11044.921875	-0.7616191904047975	-104.0	30.1386731877923	33403.0	-12407.0	378.26219512195127	975899.0	29782.073974609375	112.22560975609757	4060.0	-3681.0	-123.78048780487806	3742.124542124542	2554.0	2156.0	-5.157894736842105	6664.0	7.779904306220096	98.11960097021108	4784272.0	15.942583732057416	-3252.0	
1375.0	15.902173913043478	790.0	9.543478260869565	2496.0	-2.641304347826087	-105.0	0.15742128935532235	-0.17241379310344826	494.0	11054.6875	-0.7406296851574212	-115.0	30.1386731877923	33403.0	-12389.0	377.7134146341464	976219.0	29791.839599609375	127.34756097560977	4097.0	-4177.0	-124.90853658536587	3699.6336996337	2525.0	2052.0	-4.909090909090909	6460.0	8.066985645933014	98.11879076737249	4784352.0	15.454545454545453	-3372.0	
1373.0	15.08695652173913	865.0	9.565217391304348	2496.0	-2.641304347826087	-112.0	0.1679160419790105	-0.18590704647676162	478.0	11064.453125	-0.7166416791604198	-124.0	30.1386731877923	33403.0	-12329.0	375.88414634146346	976539.0	29801.605224609375	140.09146341463415	4032.0	-4595.0	-122.92682926829269	3715.7509157509157	2536.0	2048.0	-4.899521531100478	6060.0	8.066985645933014	98.11879076737249	4784352.0	14.497607655502392	-3372.0	
1402.0	14.869565217391305	885.0	9.25	2480.0	-2.467391304347826	-123.0	0.18440779610194902	-0.20689655172413793	457.0	11074.21875	-0.6851574212893553	-138.0	30.1386731877923	33403.0	-12394.0	377.8658536585366	976859.0	29811.370849609375	154.78658536585368	3874.0	-5077.0	-118.10975609756099	3714.285714285714	2535.0	1996.0	-4.77511961722488	5992.0	7.5406698564593295	98.11879076737249	4784352.0	14.33492822966507	-3152.0	
1455.0	14.641304347826086	906.0	8.67391304347826	2463.0	-2.282608695652174	-130.0	0.19490254872563717	-0.20539730134932532	433.0	11083.984375	-0.649175412293853	-137.0	30.1386731877923	33403.0	-12137.0	370.0304878048781	977179.0	29821.136474609375	169.96951219512198	3758.0	-5575.0	-114.57317073170732	3708.4249084249086	2531.0	1904.0	-4.555023923444976	5900.0	6.985645933014354	98.11879076737249	4784352.0	14.114832535885167	-2920.0	
1483.0	13.91304347826087	973.0	8.369565217391305	2448.0	-2.119565217391304	-146.0	0.21889055472263869	-0.22338830584707645	413.0	11093.75	-0.6191904047976011	-149.0	30.1386731877923	33403.0	-11865.0	361.7378048780488	977499.0	29830.902099609375	180.5487804878049	3741.0	-5922.0	-114.0548780487805	3724.542124542125	2542.0	1864.0	-4.45933014354067	5520.0	6.526315789473684	98.11879076737249	4784352.0	13.205741626794257	-2728.0	
1534.0	12.978260869565217	1059.0	7.815217391304348	2450.0	-2.141304347826087	-150.0	0.22488755622188905	-0.22638680659670163	390.0	11103.515625	-0.5847076461769115	-151.0	30.1386731877923	33403.0	-11860.0	361.5853658536586	977819.0	29840.667724609375	195.4268292682927	3637.0	-6410.0	-110.88414634146342	3736.2637362637365	2550.0	1880.0	-4.497607655502392	5040.0	5.961722488038277	98.11749444330151	4784480.0	12.057416267942584	-2492.0	
1573.0	12.597826086956522	1094.0	7.391304347826087	2451.0	-2.152173913043478	-167.0	0.25037481259370314	-0.22338830584707645	367.0	11113.28125	-0.5502248875562219	-149.0	30.1386731877923	33403.0	-11618.0	354.20731707317077	978139.0	29850.433349609375	209.69512195121953	3541.0	-6878.0	-107.95731707317074	3709.89010989011	2532.0	1848.0	-4.421052631578947	4964.0	5.473684210526316	98.11749444330151	4784480.0	11.875598086124402	-2288.0	
1610.0	12.891304347826086	1067.0	6.989130434782608	2469.0	-2.3478260869565215	-170.0	0.25487256371814093	-0.22938530734632684	339.0	11123.046875	-0.5082458770614693	-153.0	30.1386731877923	33403.0	-11273.0	343.68902439024396	978459.0	29860.198974609375	221.18902439024393	3126.0	-7255.0	-95.3048780487805	3727.4725274725274	2544.0	1956.0	-4.679425837320574	5104.0	5.282296650717703	98.11749444330151	4784480.0	12.210526315789473	-2208.0	
1626.0	12.793478260869565	1076.0	6.815217391304348	2440.0	-2.032608695652174	-176.0	0.2638680659670165	-0.22638680659670163	319.0	11132.8125	-0.47826086956521735	-151.0	30.1386731877923	33403.0	-11012.0	335.7317073170732	978779.0	29869.964599609375	233.1707317073171	2471.0	-7648.0	-75.33536585365854	3712.820512820513	2534.0	1876.0	-4.488038277511961	5088.0	4.966507177033493	98.11749444330151	4784480.0	12.17224880382775	-2076.0	
1632.0	11.880434782608695	1160.0	6.75	2405.0	-1.6521739130434783	-182.0	0.272863568215892	-0.22038980509745126	296.0	11142.578125	-0.44377811094452774	-147.0	30.1386731877923	33403.0	-10597.0	323.07926829268297	979099.0	29879.730224609375	240.91463414634148	1665.0	-7902.0	-50.76219512195122	3724.542124542125	2542.0	1704.0	-4.0765550239234445	4776.0	4.92822966507177	98.11749444330151	4784480.0	11.425837320574162	-2060.0	
1625.0	10.58695652173913	1279.0	6.826086956521739	2365.0	-1.2173913043478262	-174.0	0.2608695652173913	-0.21739130434782608	274.0	11152.34375	-0.41079460269865065	-145.0	30.1386731877923	33403.0	-10079.0	307.2865853658537	979419.0	29889.495849609375	242.34756097560978	1037.0	-7949.0	-31.615853658536587	3733.3333333333335	2548.0	1508.0	-3.6076555023923444	4232.0	5.0047846889952154	98.11733240283337	4784496.0	10.124401913875598	-2092.0	
1659.0	9.217391304347826	1405.0	6.456521739130435	2314.0	-0.6630434782608695	-183.0	0.27436281859070466	-0.21889055472263869	253.0	11162.109375	-0.3793103448275862	-146.0	30.1386731877923	33403.0	-9802.0	298.8414634146342	979739.0	29899.261474609375	243.71951219512198	781.0	-7994.0	-23.8109756097561	3692.3076923076924	2520.0	1268.0	-3.0334928229665072	3596.0	4.698564593301435	98.11733240283337	4784496.0	8.602870813397129	-1964.0	
1710.0	8.184782608695652	1500.0	5.9021739130434785	2247.0	0.06521739130434782	-183.0	0.27436281859070466	-0.21139430284857572	235.0	11171.875	-0.3523238380809595	-141.0	30.1386731877923	33403.0	-9432.0	287.5609756097561	980059.0	29909.027099609375	244.359756097561	754.0	-8015.0	-22.98780487804878	3724.542124542125	2542.0	932.0	-2.229665071770335	3048.0	4.038277511961723	98.11733240283337	4784496.0	7.291866028708133	-1688.0	
1760.0	7.391304347826087	1573.0	5.358695652173913	2169.0	0.9130434782608695	-178.0	0.26686656671664166	-0.19490254872563717	209.0	11181.640625	-0.31334332833583206	-130.0	30.1386731877923	33403.0	-8755.0	266.9207317073171	980379.0	29918.792724609375	242.22560975609758	990.0	-7945.0	-30.182926829268297	3734.798534798535	2549.0	596.0	-1.4258373205741626	2672.0	3.464114832535885	98.11733240283337	4784496.0	6.392344497607655	-1448.0	
1802.0	6.456521739130435	1659.0	4.9021739130434785	2138.0	1.25	-174.0	0.2608695652173913	-0.17691154422788605	183.0	11191.40625	-0.27436281859070466	-118.0	30.1386731877923	33403.0	-8287.0	252.65243902439028	980699.0	29928.558349609375	237.28658536585368	1486.0	-7783.0	-45.304878048780495	3709.89010989011	2532.0	332.0	-0.7942583732057416	2228.0	3.0239234449760763	98.11733240283337	4784496.0	5.330143540669856	-1264.0	
1848.0	5.804347826086956	1719.0	4.4021739130434785	2159.0	1.0217391304347825	-167.0	0.25037481259370314	-0.18140929535232383	168.0	11201.171875	-0.2518740629685157	-121.0	30.1386731877923	33403.0	-7991.0	243.62804878048783	981019.0	29938.323974609375	233.26219512195124	2105.0	-7651.0	-64.17682926829269	3730.4029304029305	2546.0	480.0	-1.1483253588516746	1852.0	2.5071770334928227	98.1176564837787	4784464.0	4.430622009569378	-1048.0	
1899.0	5.3478260869565215	1761.0	3.8478260869565215	2154.0	1.076086956521739	-169.0	0.25337331334332835	-0.16941529235382308	156.0	11210.9375	-0.2338830584707646	-113.0	30.1386731877923	33403.0	-7340.0	223.78048780487808	981339.0	29948.089599609375	229.66463414634148	2636.0	-7533.0	-80.3658536585366	3698.1684981684984	2524.0	452.0	-1.0813397129186602	1720.0	1.84688995215311	98.1176564837787	4784464.0	4.114832535885167	-772.0	
1954.0	5.315217391304348	1764.0	3.25	2116.0	1.4891304347826086	-163.0	0.24437781109445278	-0.15742128935532235	140.0	11220.703125	-0.2098950524737631	-105.0	30.1386731877923	33403.0	-6652.0	202.8048780487805	981659.0	29957.855224609375	226.34146341463418	2891.0	-7424.0	-88.14024390243904	3709.89010989011	2532.0	240.0	-0.5741626794258373	1680.0	1.0717703349282297	98.1176564837787	4784464.0	4.019138755980861	-448.0	
1995.0	5.293478260869565	1766.0	2.8043478260869565	2058.0	2.119565217391304	-161.0	0.24137931034482757	-0.1424287856071964	121.0	11230.46875	-0.18140929535232383	-95.0	30.1386731877923	33403.0	-6108.0	186.21951219512198	981979.0	29967.620849609375	220.7926829268293	2894.0	-7242.0	-88.23170731707317	3712.820512820513	2534.0	-28.0	0.06698564593301436	1672.0	0.4688995215311005	98.1176564837787	4784464.0	4.0	-196.0	
2041.0	5.195652173913043	1775.0	2.3043478260869565	2009.0	2.652173913043478	-161.0	0.24137931034482757	-0.12593703148425786	116.0	11240.234375	-0.17391304347826086	-84.0	30.1386731877923	33403.0	-5597.0	170.64024390243904	982299.0	29977.386474609375	214.4817073170732	2811.0	-7035.0	-85.70121951219512	3712.820512820513	2534.0	-260.0	0.6220095693779905	1612.0	0.07655502392344497	98.1176564837787	4784464.0	3.8564593301435406	-32.0	
2033.0	5.1521739130434785	1779.0	2.391304347826087	1957.0	3.217391304347826	-150.0	0.22488755622188905	-0.1199400299850075	98.0	11250.0	-0.14692653673163417	-80.0	30.1386731877923	33403.0	-5074.0	154.69512195121953	982619.0	29987.152099609375	206.09756097560978	2611.0	-6760.0	-79.60365853658537	3728.937728937729	2545.0	-480.0	1.1483253588516746	1612.0	0.009569377990430622	98.11652220062851	4784576.0	3.8564593301435406	-4.0	
2032.0	5.554347826086956	1742.0	2.402173913043478	1954.0	3.25	-153.0	0.22938530734632684	-0.11094452773613193	87.0	11259.765625	-0.13043478260869565	-74.0	30.1386731877923	33403.0	-4606.0	140.4268292682927	982939.0	29996.917724609375	195.45731707317074	2506.0	-6411.0	-76.40243902439025	3743.5897435897436	2555.0	-444.0	1.062200956937799	1804.0	0.18181818181818182	98.11652220062851	4784576.0	4.315789473684211	-76.0	
1999.0	6.119565217391304	1690.0	2.760869565217391	2037.0	2.3478260869565215	-149.0	0.22338830584707645	-0.08995502248875561	78.0	11269.53125	-0.1169415292353823	-60.0	30.1386731877923	33403.0	-4278.0	130.4268292682927	983259.0	30006.683349609375	182.8658536585366	2521.0	-5998.0	-76.85975609756099	3721.611721611722	2540.0	-20.0	0.04784688995215311	2056.0	0.6889952153110047	98.11652220062851	4784576.0	4.918660287081339	-288.0	
1967.0	6.445652173913043	1660.0	3.108695652173913	2089.0	1.7826086956521738	-145.0	0.21739130434782608	-0.08245877061469264	64.0	11279.296875	-0.095952023988006	-55.0	30.1386731877923	33403.0	-3940.0	120.12195121951221	983579.0	30016.448974609375	172.40853658536588	2591.0	-5655.0	-78.9939024390244	3718.6813186813188	2538.0	168.0	-0.4019138755980861	2144.0	0.937799043062201	98.11652220062851	4784576.0	5.1291866028708135	-392.0	
1993.0	6.163043478260869	1686.0	2.8260869565217392	2016.0	2.5760869565217392	-135.0	0.20239880059970014	-0.08845577211394302	68.0	11289.0625	-0.10194902548725637	-59.0	30.1386731877923	33403.0	-3514.0	107.13414634146342	983899.0	30026.214599609375	161.70731707317074	2216.0	-5304.0	-67.5609756097561	3708.4249084249086	2531.0	-20.0	0.04784688995215311	2096.0	0.8899521531100478	98.11652220062851	4784576.0	5.0143540669856455	-372.0	
2051.0	5.423913043478261	1754.0	2.1956521739130435	1874.0	4.119565217391305	-136.0	0.20389805097451275	-0.07346326836581708	55.0	11298.828125	-0.08245877061469264	-49.0	30.1386731877923	33403.0	-3092.0	94.26829268292684	984219.0	30035.980224609375	148.109756097561	1640.0	-4858.0	-50.00000000000001	3718.6813186813188	2538.0	-692.0	1.6555023923444976	1852.0	0.18181818181818182	98.11700832192425	4784528.0	4.430622009569378	-76.0	
2066.0	4.532608695652174	1836.0	2.032608695652174	1720.0	5.793478260869565	-131.0	0.19640179910044978	-0.05997001499250375	41.0	11308.59375	-0.06146926536731634	-40.0	30.1386731877923	33403.0	-2673.0	81.4939024390244	984539.0	30045.745849609375	132.4390243902439	1034.0	-4344.0	-31.52439024390244	3712.820512820513	2534.0	-1468.0	3.511961722488038	1420.0	-0.34449760765550236	98.11700832192425	4784528.0	3.3971291866028706	144.0	
2091.0	4.228260869565217	1864.0	1.7608695652173914	1619.0	6.891304347826087	-134.0	0.20089955022488756	-0.050974512743628186	43.0	11318.359375	-0.06446776611694152	-34.0	30.1386731877923	33403.0	-2230.0	67.98780487804879	984859.0	30055.511474609375	115.42682926829269	623.0	-3786.0	-18.993902439024392	3702.5641025641025	2527.0	-2028.0	4.851674641148326	1208.0	-0.49760765550239233	98.11700832192425	4784528.0	2.889952153110048	208.0	
2091.0	4.695652173913043	1821.0	1.7608695652173914	1575.0	7.369565217391304	-125.0	0.1874062968515742	-0.047976011994003	33.0	11328.125	-0.04947526236881559	-32.0	30.1386731877923	33403.0	-1858.0	56.646341463414636	985179.0	30065.277099609375	96.21951219512196	194.0	-3156.0	-5.914634146341464	3718.6813186813188	2538.0	-2284.0	5.464114832535885	1360.0	-0.49760765550239233	98.11700832192425	4784528.0	3.253588516746411	208.0	
2107.0	5.206521739130435	1774.0	1.5869565217391304	1561.0	7.521739130434782	-113.0	0.16941529235382308	-0.04497751124437781	34.0	11337.890625	-0.050974512743628186	-30.0	30.1386731877923	33403.0	-1577.0	48.07926829268293	985499.0	30075.042724609375	76.73780487804879	-312.0	-2517.0	9.51219512195122	3742.124542124542	2554.0	-2312.0	5.5311004784688995	1612.0	-0.6602870813397129	98.11700832192425	4784528.0	3.8564593301435406	276.0	
2124.0	5.043478260869565	1789.0	1.4021739130434783	1591.0	7.195652173913043	-118.0	0.17691154422788605	-0.041979010494752625	28.0	11347.65625	-0.041979010494752625	-28.0	30.1386731877923	33403.0	-1242.0	37.86585365853659	985819.0	30084.808349609375	56.768292682926834	-1051.0	-1862.0	32.04268292682927	3711.3553113553116	2533.0	-2220.0	5.311004784688995	1604.0	-0.784688995215311	98.11749444330151	4784480.0	3.8373205741626792	328.0	
2114.0	4.760869565217392	1815.0	1.5108695652173914	1599.0	7.108695652173913	-110.0	0.1649175412293853	-0.037481259370314844	33.0	11357.421875	-0.04947526236881559	-25.0	30.1386731877923	33403.0	-910.0	27.743902439024392	986139.0	30094.573974609375	33.8109756097561	-1828.0	-1109.0	55.73170731707317	3739.194139194139	2552.0	-2112.0	5.052631578947368	1392.0	-0.6985645933014354	98.11749444330151	4784480.0	3.3301435406698565	292.0	
2100.0	3.8152173913043477	1902.0	1.6630434782608696	1665.0	6.391304347826087	-110.0	0.1649175412293853	-0.043478260869565216	26.0	11367.1875	-0.038980509745127435	-29.0	30.1386731877923	33403.0	-502.0	15.30487804878049	986459.0	30104.339599609375	13.78048780487805	-2387.0	-452.0	72.77439024390245	3699.6336996337	2525.0	-1828.0	4.373205741626794	1072.0	-0.37320574162679426	98.11749444330151	4784480.0	2.5645933014354068	156.0	
2145.0	1.7934782608695652	2088.0	1.1739130434782608	1539.0	7.760869565217391	-104.0	0.15592203898050974	-0.04047976011994003	26.0	11376.953125	-0.038980509745127435	-27.0	30.1386731877923	33403.0	275.0	-8.384146341463415	986779.0	30114.105224609375	-12.957317073170733	-2836.0	425.0	86.46341463414635	3711.3553113553116	2533.0	-2452.0	5.866028708133971	96.0	-1.138755980861244	98.11749444330151	4784480.0	0.2296650717703349	476.0	
2166.0	0.9347826086956521	2167.0	0.9456521739130435	1500.0	8.184782608695652	-102.0	0.15292353823088456	-0.038980509745127435	24.0	11386.71875	-0.035982008995502246	-26.0	30.1386731877923	33403.0	700.0	-21.34146341463415	987099.0	30123.870849609375	-32.957317073170735	-2551.0	1081.0	77.77439024390245	3727.4725274725274	2544.0	-2692.0	6.440191387559809	-360.0	-1.4736842105263157	98.11749444330151	4784480.0	-0.8612440191387559	616.0	
2214.0	1.108695652173913	2151.0	0.42391304347826086	1561.0	7.521739130434782	-101.0	0.15142428785607195	-0.04497751124437781	27.0	11396.484375	-0.04047976011994003	-30.0	30.163528092677005	33408.0	1012.0	-30.853658536585368	987419.0	30133.636474609375	-49.60365853658537	-2015.0	1627.0	61.4329268292683	3709.89010989011	2532.0	-2332.0	5.578947368421052	-244.0	-1.9521531100478469	98.12169054220995	4784480.0	-0.5837320574162679	816.0	
2254.0	2.7391304347826084	2001.0	-0.010869565217391304	1688.0	6.141304347826087	-110.0	0.1649175412293853	-0.047976011994003	28.0	11406.25	-0.041979010494752625	-32.0	30.163528092677005	33408.0	1574.0	-47.987804878048784	987739.0	30143.402099609375	-61.15853658536586	-1924.0	2006.0	58.65853658536586	3733.3333333333335	2548.0	-1704.0	4.0765550239234445	628.0	-2.6985645933014353	98.12169054220995	4784480.0	1.5023923444976075	1128.0	
2298.0	5.260869565217392	1769.0	-0.4891304347826087	1796.0	4.967391304347826	-106.0	0.15892053973013492	-0.041979010494752625	29.0	11416.015625	-0.043478260869565216	-28.0	30.163528092677005	33408.0	1808.0	-55.1219512195122	988059.0	30153.167724609375	-73.10975609756098	-2067.0	2398.0	63.018292682926834	3755.3113553113553	2563.0	-1152.0	2.755980861244019	1764.0	-3.1196172248803826	98.12169054220995	4784480.0	4.220095693779904	1304.0	
2313.0	6.163043478260869	1686.0	-0.6521739130434783	1853.0	4.3478260869565215	-106.0	0.15892053973013492	-0.05847076461769115	33.0	11425.78125	-0.04947526236881559	-39.0	30.163528092677005	33408.0	1861.0	-56.737804878048784	988379.0	30162.933349609375	-85.3658536585366	-2280.0	2800.0	69.51219512195122	3712.820512820513	2534.0	-948.0	2.2679425837320575	2024.0	-3.263157894736842	98.12169054220995	4784480.0	4.842105263157895	1364.0	
2311.0	5.108695652173913	1783.0	-0.6304347826086957	1856.0	4.315217391304348	-108.0	0.1619190404797601	-0.06146926536731634	38.0	11435.546875	-0.05697151424287856	-41.0	30.163528092677005	33408.0	2119.0	-64.60365853658537	988699.0	30172.698974609375	-99.08536585365854	-2227.0	3250.0	67.89634146341464	3704.029304029304	2528.0	-936.0	2.2392344497607652	1804.0	-3.2057416267942584	98.12169054220995	4784480.0	4.315789473684211	1340.0	
2285.0	3.7065217391304346	1912.0	-0.34782608695652173	1846.0	4.423913043478261	-106.0	0.15892053973013492	-0.06296851574212893	42.0	11445.3125	-0.06296851574212893	-42.0	30.163528092677005	33408.0	2573.0	-78.44512195121952	989019.0	30182.464599609375	-110.1829268292683	-1903.0	3614.0	58.018292682926834	3737.7289377289376	2551.0	-1008.0	2.4114832535885165	1072.0	-2.985645933014354	98.13222361989504	4783440.0	2.5645933014354068	1248.0	
2264.0	3.5652173913043477	1925.0	-0.11956521739130435	1848.0	4.4021739130434785	-106.0	0.15892053973013492	-0.06446776611694152	44.0	11455.078125	-0.06596701649175413	-43.0	30.163528092677005	33408.0	2976.0	-90.73170731707317	989339.0	30192.230224609375	-123.20121951219514	-1480.0	4041.0	45.1219512195122	3724.542124542125	2542.0	-956.0	2.2870813397129184	820.0	-2.650717703349282	98.13222361989504	4783440.0	1.9617224880382775	1108.0	
2238.0	4.478260869565217	1841.0	0.16304347826086957	1878.0	4.076086956521739	-115.0	0.17241379310344826	-0.07796101949025487	42.0	11464.84375	-0.06296851574212893	-52.0	30.163528092677005	33408.0	3288.0	-100.2439024390244	989659.0	30201.995849609375	-135.21341463414635	-1360.0	4435.0	41.463414634146346	3712.820512820513	2534.0	-904.0	2.1626794258373203	1172.0	-2.4593301435406696	98.13222361989504	4783440.0	2.803827751196172	1028.0	
2241.0	5.576086956521739	1740.0	0.13043478260869565	1908.0	3.75	-125.0	0.1874062968515742	-0.07946026986506746	51.0	11474.609375	-0.07646176911544228	-53.0	30.163528092677005	33408.0	3602.0	-109.81707317073172	989979.0	30211.761474609375	-147.6829268292683	-1689.0	4844.0	51.493902439024396	3695.2380952380954	2522.0	-768.0	1.8373205741626792	1724.0	-2.3636363636363638	98.13222361989504	4783440.0	4.124401913875598	988.0	
2222.0	6.445652173913043	1660.0	0.33695652173913043	1929.0	3.5217391304347827	-121.0	0.18140929535232383	-0.0944527736131934	64.0	11484.375	-0.095952023988006	-63.0	30.163528092677005	33408.0	3914.0	-119.32926829268294	990299.0	30221.527099609375	-160.76219512195124	-2425.0	5273.0	73.9329268292683	3730.4029304029305	2546.0	-624.0	1.492822966507177	2128.0	-2.200956937799043	98.13222361989504	4783440.0	5.090909090909091	920.0	
2233.0	7.0	1609.0	0.21739130434782608	1958.0	3.2065217391304346	-128.0	0.191904047976012	-0.10044977511244378	65.0	11494.140625	-0.09745127436281859	-67.0	30.163528092677005	33408.0	4245.0	-129.4207317073171	990619.0	30231.292724609375	-172.7439024390244	-3348.0	5666.0	102.07317073170732	3747.985347985348	2558.0	-424.0	1.014354066985646	2400.0	-2.2966507177033493	98.12833447906456	4783824.0	5.741626794258373	960.0	
2247.0	7.08695652173913	1601.0	0.06521739130434782	2002.0	2.7282608695652173	-125.0	0.1874062968515742	-0.11544227886056971	73.0	11503.90625	-0.10944527736131934	-77.0	30.163528092677005	33408.0	4607.0	-140.45731707317074	990939.0	30241.058349609375	-182.6219512195122	-4049.0	5990.0	123.44512195121952	3709.89010989011	2532.0	-272.0	0.6507177033492823	2472.0	-2.4210526315789473	98.12833447906456	4783824.0	5.913875598086124	1012.0	
2237.0	6.663043478260869	1640.0	0.17391304347826086	2049.0	2.217391304347826	-129.0	0.1934032983508246	-0.1169415292353823	82.0	11513.671875	-0.12293853073463268	-78.0	30.163528092677005	33408.0	5017.0	-152.95731707317074	991259.0	30250.823974609375	-191.12804878048783	-4464.0	6269.0	136.09756097560978	3736.2637362637365	2550.0	-16.0	0.03827751196172249	2244.0	-2.2583732057416266	98.12833447906456	4783824.0	5.368421052631579	944.0	
2205.0	6.108695652173913	1691.0	0.5217391304347826	2115.0	1.5	-128.0	0.191904047976012	-0.13193403298350825	93.0	11523.4375	-0.1394302848575712	-88.0	30.163528092677005	33408.0	5406.0	-164.81707317073173	991579.0	30260.589599609375	-202.25609756097563	-4522.0	6634.0	137.8658536585366	3739.194139194139	2552.0	372.0	-0.8899521531100478	2016.0	-1.9521531100478469	98.12833447906456	4783824.0	4.822966507177033	816.0	
2204.0	5.869565217391304	1713.0	0.532608695652174	2146.0	1.1630434782608696	-131.0	0.19640179910044978	-0.1409295352323838	106.0	11533.203125	-0.15892053973013492	-94.0	30.163528092677005	33408.0	5850.0	-178.35365853658539	991899.0	30270.355224609375	-214.4817073170732	-4296.0	7035.0	130.97560975609758	3724.542124542125	2542.0	520.0	-1.244019138755981	1900.0	-2.0191387559808613	98.12833447906456	4783824.0	4.545454545454545	844.0	
2212.0	5.782608695652174	1721.0	0.44565217391304346	2166.0	0.9456521739130435	-133.0	0.19940029985007496	-0.15742128935532235	124.0	11542.96875	-0.18590704647676162	-105.0	30.163528092677005	33408.0	6438.0	-196.28048780487808	992219.0	30280.120849609375	-222.62195121951223	-4012.0	7302.0	122.31707317073172	3720.1465201465203	2539.0	520.0	-1.244019138755981	1888.0	-2.1818181818181817	98.12801038423076	4783856.0	4.516746411483253	912.0	
2207.0	5.945652173913043	1706.0	0.5	2159.0	1.0217391304347825	-133.0	0.19940029985007496	-0.15892053973013492	122.0	11552.734375	-0.1829085457271364	-106.0	30.163528092677005	33408.0	7045.0	-214.78658536585368	992539.0	30289.886474609375	-231.82926829268294	-3938.0	7604.0	120.06097560975611	3708.4249084249086	2531.0	500.0	-1.1961722488038278	1968.0	-2.047846889952153	98.12801038423076	4783856.0	4.708133971291866	856.0	
2168.0	6.25	1678.0	0.9239130434782609	2170.0	0.9021739130434783	-133.0	0.19940029985007496	-0.17541229385307347	138.0	11562.5	-0.20689655172413793	-117.0	30.163528092677005	33408.0	7737.0	-235.88414634146343	992859.0	30299.652099609375	-238.109756097561	-4112.0	7810.0	125.3658536585366	3733.3333333333335	2548.0	572.0	-1.368421052631579	2100.0	-1.7224880382775118	98.12801038423076	4783856.0	5.023923444976076	720.0	
2136.0	6.58695652173913	1647.0	1.2717391304347825	2167.0	0.9347826086956521	-134.0	0.20089955022488756	-0.20389805097451275	157.0	11572.265625	-0.2353823088455772	-136.0	30.163528092677005	33408.0	8476.0	-258.4146341463415	993179.0	30309.417724609375	-241.7987804878049	-4533.0	7931.0	138.20121951219514	3737.7289377289376	2551.0	612.0	-1.464114832535885	2272.0	-1.1483253588516746	98.12801038423076	4783856.0	5.435406698564593	480.0	
2083.0	6.858695652173913	1622.0	1.8478260869565217	2196.0	0.6195652173913043	-130.0	0.19490254872563717	-0.20239880059970014	176.0	11582.03125	-0.2638680659670165	-135.0	30.163528092677005	33408.0	9175.0	-279.7256097560976	993499.0	30319.183349609375	-243.50609756097563	-4952.0	7987.0	150.97560975609758	3714.285714285714	2535.0	644.0	-1.5406698564593302	2348.0	-0.8229665071770335	98.12801038423076	4783856.0	5.617224880382775	344.0	
2030.0	7.141304347826087	1596.0	2.4239130434782608	2267.0	-0.15217391304347827	-126.0	0.1889055472263868	-0.21889055472263869	193.0	11591.796875	-0.2893553223388306	-146.0	30.163528092677005	33408.0	9752.0	-297.31707317073176	993819.0	30328.948974609375	-241.76829268292684	-5156.0	7930.0	157.19512195121953	3720.1465201465203	2539.0	852.0	-2.0382775119617222	2436.0	-0.09569377990430622	98.12444534344904	4784208.0	5.827751196172248	40.0	
1960.0	7.423913043478261	1570.0	3.184782608695652	2357.0	-1.1304347826086956	-123.0	0.18440779610194902	-0.23238380809595202	214.0	11601.5625	-0.32083958020989506	-155.0	30.163528092677005	33408.0	10292.0	-313.7804878048781	994139.0	30338.714599609375	-238.2926829268293	-4905.0	7816.0	149.5426829268293	3699.6336996337	2525.0	1356.0	-3.2440191387559807	2584.0	0.6889952153110047	98.12444534344904	4784208.0	6.181818181818182	-288.0	
1897.0	7.804347826086956	1535.0	3.869565217391304	2379.0	-1.3695652173913042	-120.0	0.17991004497751123	-0.2368815592203898	236.0	11611.328125	-0.3538230884557721	-158.0	30.163528092677005	33408.0	10695.0	-326.06707317073176	994459.0	30348.480224609375	-232.77439024390247	-4645.0	7635.0	141.6158536585366	3720.1465201465203	2539.0	1508.0	-3.6076555023923444	2720.0	1.5215311004784688	98.12444534344904	4784208.0	6.507177033492822	-636.0	
1848.0	8.054347826086957	1512.0	4.4021739130434785	2360.0	-1.1630434782608696	-108.0	0.1619190404797601	-0.24287856071964017	251.0	11621.09375	-0.37631184407796103	-162.0	30.163528092677005	33408.0	11175.0	-340.70121951219517	994779.0	30358.245849609375	-228.14024390243904	-4674.0	7483.0	142.5	3696.703296703297	2523.0	1508.0	-3.6076555023923444	2888.0	2.200956937799043	98.12444534344904	4784208.0	6.909090909090909	-920.0	
1813.0	8.445652173913043	1476.0	4.782608695652174	2304.0	-0.5543478260869565	-103.0	0.15442278860569714	-0.2638680659670165	273.0	11630.859375	-0.40929535232383807	-176.0	30.163528092677005	33408.0	11845.0	-361.12804878048786	995099.0	30368.011474609375	-218.14024390243904	-5282.0	7155.0	161.03658536585368	3692.3076923076924	2520.0	1168.0	-2.7942583732057416	3056.0	2.6411483253588517	98.12444534344904	4784208.0	7.311004784688995	-1104.0	
1786.0	9.293478260869565	1398.0	5.076086956521739	2248.0	0.05434782608695652	-96.0	0.14392803598200898	-0.2653673163418291	301.0	11640.625	-0.4512743628185907	-177.0	30.163528092677005	33408.0	12476.0	-380.3658536585366	995419.0	30377.777099609375	-207.10365853658539	-6257.0	6793.0	190.76219512195124	3726.007326007326	2543.0	936.0	-2.2392344497607652	3432.0	2.889952153110048	98.12509353235615	4784144.0	8.210526315789473	-1208.0	
1788.0	10.369565217391305	1299.0	5.054347826086956	2237.0	0.17391304347826086	-86.0	0.12893553223388304	-0.2638680659670165	318.0	11650.390625	-0.4767616191904048	-176.0	30.163528092677005	33408.0	12745.0	-388.56707317073176	995739.0	30387.542724609375	-193.109756097561	-7737.0	6334.0	235.88414634146343	3699.6336996337	2525.0	804.0	-1.9234449760765548	3828.0	2.985645933014354	98.12509353235615	4784144.0	9.157894736842104	-1248.0	
1782.0	10.717391304347826	1267.0	5.119565217391304	2241.0	0.13043478260869565	-64.0	0.095952023988006	-0.2623688155922039	351.0	11660.15625	-0.5262368815592203	-175.0	30.163528092677005	33408.0	13168.0	-401.4634146341464	996059.0	30397.308349609375	-179.02439024390245	-8136.0	5872.0	248.0487804878049	3714.285714285714	2535.0	824.0	-1.971291866028708	4124.0	3.052631578947368	98.12509353235615	4784144.0	9.866028708133971	-1276.0	
1778.0	9.576086956521738	1372.0	5.163043478260869	2336.0	-0.9021739130434783	-50.0	0.07496251874062969	-0.2653673163418291	365.0	11669.921875	-0.5472263868065966	-177.0	30.163528092677005	33408.0	13878.0	-423.109756097561	996379.0	30407.073974609375	-163.9939024390244	-6593.0	5379.0	201.00609756097563	3730.4029304029305	2546.0	1292.0	-3.090909090909091	3628.0	3.1578947368421053	98.12509353235615	4784144.0	8.679425837320574	-1320.0	
1718.0	7.326086956521739	1579.0	5.815217391304348	2410.0	-1.7065217391304348	-38.0	0.05697151424287856	-0.2608695652173913	388.0	11679.6875	-0.5817091454272864	-174.0	30.163528092677005	33408.0	13978.0	-426.1585365853659	996699.0	30416.839599609375	-151.95121951219514	-2480.0	4984.0	75.60975609756099	3698.1684981684984	2524.0	1592.0	-3.8086124401913874	2484.0	3.866028708133971	98.12509353235615	4784144.0	5.942583732057416	-1616.0	
1610.0	6.489130434782608	1656.0	6.989130434782608	2521.0	-2.9130434782608696	-36.0	0.05397301349325337	-0.24887556221889054	414.0	11689.453125	-0.6206896551724138	-166.0	30.163528092677005	33408.0	13180.0	-401.82926829268297	997019.0	30426.605224609375	-140.03048780487805	1236.0	4593.0	-37.6829268292683	3712.820512820513	2534.0	2104.0	-5.033492822966507	1960.0	5.244019138755981	98.12201463633757	4784448.0	4.688995215311005	-2192.0	
1501.0	10.26086956521739	1309.0	8.17391304347826	2487.0	-2.543478260869565	-37.0	0.05547226386806597	-0.2368815592203898	436.0	11699.21875	-0.6536731634182908	-158.0	30.163528092677005	33408.0	12238.0	-373.109756097561	997339.0	30436.370849609375	-126.03658536585367	2696.0	4134.0	-82.19512195121952	3705.4945054945056	2529.0	1940.0	-4.641148325358851	3876.0	6.5933014354066986	98.12201463633757	4784448.0	9.272727272727272	-2756.0	
1465.0	16.543478260869566	731.0	8.565217391304348	2296.0	-0.46739130434782605	-34.0	0.050974512743628186	-0.22638680659670163	456.0	11708.984375	-0.6836581709145427	-151.0	30.163528092677005	33408.0	11915.0	-363.26219512195127	997659.0	30446.136474609375	-116.15853658536587	-133.0	3810.0	4.0548780487804885	3709.89010989011	2532.0	1068.0	-2.555023923444976	7060.0	6.947368421052631	98.12201463633757	4784448.0	16.88995215311005	-2904.0	
1481.0	22.52173913043478	181.0	8.391304347826086	2228.0	0.2717391304347826	-30.0	0.04497751124437781	-0.21889055472263869	468.0	11718.75	-0.7016491754122939	-146.0	30.163528092677005	33408.0	12292.0	-374.75609756097566	997979.0	30455.902099609375	-109.84756097560977	-5553.0	3603.0	169.2987804878049	3737.7289377289376	2551.0	908.0	-2.172248803827751	9872.0	6.526315789473684	98.12201463633757	4784448.0	23.617224880382775	-2728.0	
1626.0	24.391304347826086	9.0	6.815217391304348	2334.0	-0.8804347826086957	-16.0	0.0239880059970015	-0.1934032983508246	490.0	11728.515625	-0.7346326836581709	-129.0	30.163528092677005	33408.0	12505.0	-381.25000000000006	998299.0	30465.667724609375	-79.66463414634147	-10421.0	2613.0	317.7134146341464	3750.915750915751	2560.0	1552.0	-3.712918660287081	10364.0	4.45933014354067	98.12201463633757	4784448.0	24.79425837320574	-1864.0	
1821.0	21.02173913043478	319.0	4.695652173913043	2556.0	-3.293478260869565	6.0	-0.008995502248875561	-0.17841079460269865	499.0	11738.28125	-0.7481259370314842	-119.0	30.163528092677005	33408.0	12904.0	-393.4146341463415	998619.0	30475.433349609375	-31.676829268292686	-12649.0	1039.0	385.64024390243907	3724.542124542125	2542.0	2100.0	-5.023923444976076	9644.0	3.1483253588516744	98.1223387305014	4784416.0	23.071770334928228	-1316.0	
1909.0	15.184782608695652	856.0	3.7391304347826084	2622.0	-4.010869565217392	22.0	-0.03298350824587706	-0.15142428785607195	520.0	11748.046875	-0.7796101949025487	-101.0	30.163528092677005	33408.0	12898.0	-393.2317073170732	998939.0	30485.198974609375	20.09146341463415	-11581.0	-659.0	353.07926829268297	3715.7509157509157	2536.0	2636.0	-6.30622009569378	6784.0	1.2727272727272727	98.1223387305014	4784416.0	16.229665071770334	-532.0	
1808.0	11.25	1218.0	4.83695652173913	2462.0	-2.2717391304347827	35.0	-0.05247376311844078	-0.12893553223388304	541.0	11757.8125	-0.8110944527736131	-86.0	30.163528092677005	33408.0	12241.0	-373.20121951219517	999259.0	30494.964599609375	57.13414634146342	-9005.0	-1874.0	274.5426829268293	3730.4029304029305	2546.0	2072.0	-4.956937799043062	4500.0	1.9904306220095693	98.1223387305014	4784416.0	10.76555023923445	-832.0	
1570.0	9.51086956521739	1378.0	7.423913043478261	2300.0	-0.5108695652173912	39.0	-0.05847076461769115	-0.10344827586206896	546.0	11767.578125	-0.8185907046476761	-69.0	30.163528092677005	33408.0	11396.0	-347.43902439024396	999579.0	30504.730224609375	76.46341463414635	-5120.0	-2508.0	156.09756097560978	3726.007326007326	2543.0	1232.0	-2.9473684210526314	3472.0	4.77511961722488	98.1223387305014	4784416.0	8.30622009569378	-1996.0	
1269.0	10.445652173913043	1292.0	10.695652173913043	2134.0	1.2934782608695652	39.0	-0.05847076461769115	-0.07646176911544228	562.0	11777.34375	-0.8425787106446776	-51.0	30.163528092677005	33408.0	10666.0	-325.1829268292683	999899.0	30514.495849609375	104.0548780487805	-1796.0	-3413.0	54.75609756097561	3709.89010989011	2532.0	364.0	-0.8708133971291866	3604.0	8.411483253588516	98.1223387305014	4784416.0	8.62200956937799	-3516.0	
1121.0	13.326086956521738	1027.0	12.304347826086957	1962.0	3.1630434782608696	40.0	-0.05997001499250375	-0.05247376311844078	577.0	11787.109375	-0.8650674662668666	-35.0	30.163528092677005	33408.0	10098.0	-307.8658536585366	1000219.0	30524.261474609375	79.45121951219512	-611.0	-2606.0	18.628048780487806	3692.3076923076924	2520.0	-416.0	0.9952153110047847	5244.0	11.4066985645933	98.12282487181506	4784368.0	12.545454545454545	-4768.0	
1055.0	16.02173913043478	779.0	13.021739130434781	1871.0	4.1521739130434785	31.0	-0.046476761619190406	-0.034482758620689655	584.0	11796.875	-0.8755622188905547	-23.0	30.163528092677005	33408.0	9374.0	-285.7926829268293	1000539.0	30534.027099609375	118.68902439024392	-739.0	-3893.0	22.53048780487805	3720.1465201465203	2539.0	-1028.0	2.4593301435406696	6180.0	12.057416267942584	98.12282487181506	4784368.0	14.78468899521531	-5040.0	
1123.0	18.304347826086957	569.0	12.282608695652174	1835.0	4.543478260869565	27.0	-0.04047976011994003	-0.013493253373313342	588.0	11806.640625	-0.881559220389805	-9.0	30.163528092677005	33408.0	8883.0	-270.82317073170736	1000859.0	30543.792724609375	103.9329268292683	-957.0	-3409.0	29.176829268292686	3739.194139194139	2552.0	-1016.0	2.430622009569378	7544.0	11.24401913875598	98.12282487181506	4784368.0	18.04784688995215	-4700.0	
1147.0	18.684782608695652	534.0	12.021739130434783	1838.0	4.510869565217392	26.0	-0.038980509745127435	0.0014992503748125937	596.0	11816.40625	-0.8935532233883058	1.0	30.163528092677005	33408.0	8252.0	-251.58536585365857	1001179.0	30553.558349609375	123.68902439024392	-946.0	-4057.0	28.84146341463415	3714.285714285714	2535.0	-1124.0	2.688995215311005	7752.0	10.832535885167463	98.12282487181506	4784368.0	18.545454545454543	-4528.0	
1111.0	17.09782608695652	680.0	12.41304347826087	1659.0	6.456521739130435	22.0	-0.03298350824587706	0.022488755622188904	605.0	11826.171875	-0.9070464767616192	15.0	30.163528092677005	33408.0	7376.0	-224.87804878048783	1001499.0	30563.323974609375	96.52439024390245	670.0	-3166.0	-20.426829268292686	3746.5201465201467	2557.0	-1972.0	4.717703349282297	6972.0	11.416267942583731	98.12282487181506	4784368.0	16.679425837320572	-4772.0	
908.0	14.782608695652174	893.0	14.619565217391305	1314.0	10.206521739130434	7.0	-0.010494752623688156	0.035982008995502246	612.0	11835.9375	-0.9175412293853074	24.0	30.163528092677005	33408.0	5971.0	-182.0426829268293	1001819.0	30573.089599609375	65.57926829268293	3772.0	-2151.0	-115.00000000000001	3695.2380952380954	2522.0	-3504.0	8.382775119617225	5724.0	14.066985645933014	98.1257417214081	4784080.0	13.69377990430622	-5880.0	
786.0	18.51086956521739	550.0	15.945652173913043	1206.0	11.380434782608695	4.0	-0.005997001499250375	0.04497751124437781	612.0	11845.703125	-0.9175412293853074	30.0	30.163528092677005	33408.0	3210.0	-97.8658536585366	1002139.0	30582.855224609375	8.932926829268293	7444.0	-293.0	-226.95121951219514	3709.89010989011	2532.0	-3988.0	9.54066985645933	7368.0	15.617224880382775	98.1257417214081	4784080.0	17.626794258373206	-6528.0	
957.0	24.456521739130434	3.0	14.08695652173913	1190.0	11.554347826086957	3.0	-0.004497751124437781	0.050974512743628186	614.0	11855.46875	-0.9205397301349325	34.0	30.163528092677005	33408.0	1572.0	-47.926829268292686	1002459.0	30592.620849609375	-43.32317073170732	6481.0	1421.0	-197.59146341463418	3704.029304029304	2528.0	-3984.0	9.531100478468899	12356.0	13.033492822966506	98.1257417214081	4784080.0	29.55980861244019	-5448.0	
1284.0	24.478260869565215	1.0	10.532608695652174	1371.0	9.58695652173913	3.0	-0.004497751124437781	0.050974512743628186	614.0	11865.234375	-0.9205397301349325	34.0	30.163528092677005	33408.0	2000.0	-60.97560975609757	1002779.0	30602.386474609375	-34.176829268292686	2805.0	1121.0	-85.51829268292684	3711.3553113553116	2533.0	-3136.0	7.502392344497608	13340.0	8.736842105263158	98.1257417214081	4784080.0	31.913875598086122	-3652.0	
1487.0	24.478260869565215	1.0	8.326086956521738	1736.0	5.619565217391304	6.0	-0.008995502248875561	0.05997001499250375	620.0	11875.0	-0.9295352323838081	40.0	30.163528092677005	33408.0	637.0	-19.420731707317074	1003099.0	30612.152099609375	-27.469512195121954	790.0	901.0	-24.085365853658537	3736.2637362637365	2550.0	-1296.0	3.1004784688995213	10604.0	6.526315789473684	98.1257417214081	4784080.0	25.36842105263158	-2728.0	
1454.0	22.304347826086957	201.0	8.684782608695652	1956.0	3.2282608695652173	6.0	-0.008995502248875561	0.05997001499250375	620.0	11884.765625	-0.9295352323838081	40.0	30.163528092677005	33408.0	-967.0	29.481707317073173	1003419.0	30621.917724609375	-28.993902439024392	324.0	951.0	-9.878048780487806	3742.124542124542	2554.0	-264.0	0.631578947368421	9072.0	7.454545454545454	98.12395920186378	4784256.0	21.70334928229665	-3116.0	
1377.0	21.08695652173913	313.0	9.521739130434783	2029.0	2.4347826086956523	4.0	-0.005997001499250375	0.05997001499250375	617.0	11894.53125	-0.9250374812593702	40.0	30.163528092677005	33408.0	-1778.0	54.207317073170735	1003739.0	30631.683349609375	-20.975609756097562	185.0	688.0	-5.640243902439025	3717.2161172161173	2537.0	-168.0	0.4019138755980861	8828.0	8.019138755980862	98.12395920186378	4784256.0	21.119617224880383	-3352.0	
1428.0	20.054347826086957	408.0	8.967391304347826	1996.0	2.793478260869565	4.0	-0.005997001499250375	0.047976011994003	614.0	11904.296875	-0.9205397301349325	32.0	30.163528092677005	33408.0	-2563.0	78.14024390243902	1004059.0	30641.448974609375	-25.152439024390247	-120.0	825.0	3.658536585365854	3728.937728937729	2545.0	-244.0	0.5837320574162679	8484.0	8.047846889952153	98.12395920186378	4784256.0	20.296650717703347	-3364.0	
1545.0	18.163043478260867	582.0	7.695652173913043	1967.0	3.108695652173913	5.0	-0.0074962518740629685	0.046476761619190406	613.0	11914.0625	-0.9190404797601199	31.0	30.163528092677005	33408.0	-3255.0	99.23780487804879	1004379.0	30651.214599609375	-17.59146341463415	-323.0	577.0	9.847560975609756	3704.029304029304	2528.0	-428.0	1.0239234449760766	7644.0	6.4784688995215305	98.12395920186378	4784256.0	18.28708133971292	-2708.0	
1610.0	15.978260869565217	783.0	6.989130434782608	1923.0	3.5869565217391304	7.0	-0.010494752623688156	0.047976011994003	611.0	11923.828125	-0.9160419790104948	32.0	30.163528092677005	33408.0	-4021.0	122.59146341463416	1004699.0	30660.980224609375	-11.097560975609758	-65.0	364.0	1.981707317073171	3736.2637362637365	2550.0	-644.0	1.5406698564593302	6624.0	5.3971291866028706	98.12395920186378	4784256.0	15.84688995215311	-2256.0	
1603.0	14.66304347826087	904.0	7.065217391304348	1920.0	3.619565217391304	8.0	-0.01199400299850075	0.03298350824587706	608.0	11933.59375	-0.9115442278860569	22.0	30.163528092677005	33408.0	-4905.0	149.5426829268293	1005019.0	30670.745849609375	-5.76219512195122	772.0	189.0	-23.53658536585366	3706.959706959707	2530.0	-776.0	1.8564593301435406	5840.0	5.38755980861244	98.12185258926924	4784464.0	13.971291866028707	-2252.0	
1582.0	14.717391304347826	899.0	7.293478260869565	1968.0	3.0978260869565215	11.0	-0.01649175412293853	0.02848575712143928	599.0	11943.359375	-0.8980509745127436	19.0	30.163528092677005	33408.0	-5807.0	177.0426829268293	1005339.0	30680.511474609375	-3.5670731707317076	1865.0	117.0	-56.85975609756098	3695.2380952380954	2522.0	-560.0	1.339712918660287	5732.0	5.69377990430622	98.12185258926924	4784464.0	13.71291866028708	-2380.0	
1560.0	15.880434782608695	792.0	7.532608695652174	2025.0	2.4782608695652173	13.0	-0.019490254872563718	0.020989505247376312	602.0	11953.125	-0.9025487256371814	14.0	30.163528092677005	33408.0	-6602.0	201.28048780487808	1005659.0	30690.277099609375	-1.128048780487805	2877.0	37.0	-87.71341463414635	3728.937728937729	2545.0	-216.0	0.5167464114832536	6288.0	5.990430622009569	98.12185258926924	4784464.0	15.043062200956937	-2504.0	
1553.0	17.02173913043478	687.0	7.608695652173913	2074.0	1.9456521739130435	8.0	-0.01199400299850075	0.004497751124437781	594.0	11962.890625	-0.8905547226386806	3.0	30.163528092677005	33408.0	-7208.0	219.75609756097563	1005979.0	30700.042724609375	1.9207317073170733	3611.0	-63.0	-110.09146341463416	3740.6593406593406	2553.0	92.0	-0.2200956937799043	6868.0	6.00956937799043	98.12185258926924	4784464.0	16.430622009569376	-2512.0	
1567.0	17.608695652173914	633.0	7.456521739130435	2124.0	1.4021739130434783	3.0	-0.004497751124437781	-0.01649175412293853	586.0	11972.65625	-0.8785607196401799	-11.0	30.163528092677005	33408.0	-7824.0	238.53658536585368	1006299.0	30709.808349609375	5.7926829268292686	4025.0	-190.0	-122.71341463414635	3705.4945054945056	2529.0	296.0	-0.708133971291866	7156.0	5.894736842105263	98.12185258926924	4784464.0	17.119617224880383	-2464.0	
1583.0	17.59782608695652	634.0	7.282608695652174	2165.0	0.9565217391304348	6.0	-0.008995502248875561	-0.029985007496251874	582.0	11982.421875	-0.8725637181409295	-20.0	30.163528092677005	33408.0	-8455.0	257.7743902439025	1006619.0	30719.573974609375	14.146341463414636	4430.0	-464.0	-135.0609756097561	3739.194139194139	2552.0	524.0	-1.2535885167464114	7156.0	5.665071770334928	98.12493148511578	4784160.0	17.119617224880383	-2368.0	
1596.0	17.33695652173913	658.0	7.141304347826087	2249.0	0.043478260869565216	-5.0	0.0074962518740629685	-0.04947526236881559	572.0	11992.1875	-0.8575712143928036	-33.0	30.163528092677005	33408.0	-8926.0	272.13414634146346	1006939.0	30729.339599609375	31.402439024390247	4625.0	-1030.0	-141.00609756097563	3695.2380952380954	2522.0	888.0	-2.124401913875598	7036.0	5.464114832535885	98.12493148511578	4784160.0	16.832535885167463	-2284.0	
1582.0	18.054347826086957	592.0	7.293478260869565	2352.0	-1.076086956521739	-5.0	0.0074962518740629685	-0.0704647676161919	569.0	12001.953125	-0.8530734632683658	-47.0	30.163528092677005	33408.0	-9587.0	292.2865853658537	1007259.0	30739.105224609375	47.28658536585366	4736.0	-1551.0	-144.39024390243904	3720.1465201465203	2539.0	1408.0	-3.3684210526315788	7352.0	5.578947368421052	98.12493148511578	4784160.0	17.588516746411482	-2332.0	
1579.0	18.858695652173914	518.0	7.326086956521739	2457.0	-2.217391304347826	-13.0	0.019490254872563718	-0.0914542728635682	562.0	12011.71875	-0.8425787106446776	-61.0	30.163528092677005	33408.0	-10190.0	310.6707317073171	1007579.0	30748.870849609375	60.88414634146342	4667.0	-1997.0	-142.28658536585368	3720.1465201465203	2539.0	1912.0	-4.574162679425837	7732.0	5.483253588516746	98.12493148511578	4784160.0	18.497607655502392	-2292.0	
1569.0	18.793478260869566	524.0	7.434782608695652	2528.0	-2.9891304347826084	-16.0	0.0239880059970015	-0.10944527736131934	551.0	12021.484375	-0.8260869565217391	-73.0	30.163528092677005	33408.0	-10607.0	323.38414634146346	1007899.0	30758.636474609375	80.39634146341464	4438.0	-2637.0	-135.3048780487805	3709.89010989011	2532.0	2272.0	-5.435406698564593	7692.0	5.722488038277512	98.12493148511578	4784160.0	18.401913875598087	-2392.0	
1545.0	18.434782608695652	557.0	7.695652173913043	2567.0	-3.4130434782608696	-29.0	0.043478260869565216	-0.12143928035982009	532.0	12031.25	-0.7976011994002998	-81.0	30.163528092677005	33408.0	-11145.0	339.7865853658537	1008219.0	30768.402099609375	96.98170731707317	4060.0	-3181.0	-123.78048780487806	3743.5897435897436	2555.0	2448.0	-5.85645933014354	7476.0	5.990430622009569	98.1223387305014	4784416.0	17.885167464114833	-2504.0	
1553.0	17.032608695652172	686.0	7.608695652173913	2602.0	-3.793478260869565	-38.0	0.05697151424287856	-0.1454272863568216	529.0	12041.015625	-0.793103448275862	-97.0	30.163528092677005	33408.0	-11565.0	352.5914634146342	1008539.0	30778.167724609375	114.23780487804879	4112.0	-3747.0	-125.3658536585366	3747.985347985348	2558.0	2604.0	-6.229665071770334	7160.0	5.980861244019138	98.1223387305014	4784416.0	17.129186602870814	-2500.0	
1571.0	16.01086956521739	780.0	7.413043478260869	2659.0	-4.413043478260869	-52.0	0.07796101949025487	-0.15892053973013492	510.0	12050.78125	-0.7646176911544228	-106.0	30.163528092677005	33408.0	-11705.0	356.859756097561	1008859.0	30787.933349609375	133.01829268292684	4195.0	-4363.0	-127.89634146341464	3711.3553113553116	2533.0	2828.0	-6.765550239234449	6492.0	5.607655502392344	98.1223387305014	4784416.0	15.531100478468899	-2344.0	
1607.0	15.51086956521739	826.0	7.021739130434782	2705.0	-4.913043478260869	-57.0	0.08545727136431784	-0.17391304347826086	492.0	12060.546875	-0.7376311844077961	-116.0	30.163528092677005	33408.0	-11971.0	364.969512195122	1009179.0	30797.698974609375	150.3658536585366	4449.0	-4932.0	-135.64024390243904	3709.89010989011	2532.0	2996.0	-7.167464114832535	6264.0	5.320574162679426	98.1223387305014	4784416.0	14.985645933014354	-2224.0	
1607.0	14.880434782608695	884.0	7.021739130434782	2720.0	-5.076086956521739	-65.0	0.09745127436281859	-0.19040479760119938	482.0	12070.3125	-0.7226386806596702	-127.0	30.163528092677005	33408.0	-11916.0	363.2926829268293	1009499.0	30807.464599609375	174.02439024390245	4674.0	-5708.0	-142.5	3720.1465201465203	2539.0	3120.0	-7.464114832535885	6028.0	5.110047846889952	98.1223387305014	4784416.0	14.421052631578947	-2136.0	
1602.0	14.315217391304348	936.0	7.076086956521739	2744.0	-5.33695652173913	-80.0	0.1199400299850075	-0.2083958020989505	461.0	12080.078125	-0.6911544227886057	-139.0	30.163528092677005	33408.0	-11876.0	362.07317073170736	1009819.0	30817.230224609375	190.51829268292684	4555.0	-6249.0	-138.8719512195122	3712.820512820513	2534.0	3224.0	-7.712918660287081	5716.0	5.215311004784689	98.12088030704936	4784560.0	13.674641148325358	-2180.0	
1621.0	14.358695652173912	932.0	6.869565217391304	2775.0	-5.673913043478261	-91.0	0.136431784107946	-0.21589205397301348	447.0	12089.84375	-0.6701649175412293	-144.0	30.163528092677005	33408.0	-11854.0	361.4024390243903	1010139.0	30826.995849609375	209.69512195121953	4230.0	-6878.0	-128.96341463414635	3695.2380952380954	2522.0	3312.0	-7.923444976076555	5648.0	4.9952153110047846	98.12088030704936	4784560.0	13.511961722488039	-2088.0	
1627.0	14.532608695652174	916.0	6.804347826086956	2784.0	-5.771739130434782	-98.0	0.14692653673163417	-0.22338830584707645	427.0	12099.609375	-0.6401799100449775	-149.0	30.163528092677005	33408.0	-11791.0	359.4817073170732	1010459.0	30836.761474609375	228.07926829268294	3862.0	-7481.0	-117.7439024390244	3686.4468864468863	2516.0	3424.0	-8.191387559808613	5780.0	4.8708133971291865	98.12088030704936	4784560.0	13.827751196172247	-2036.0	
1612.0	14.33695652173913	934.0	6.967391304347826	2739.0	-5.282608695652174	-105.0	0.15742128935532235	-0.23238380809595202	409.0	12109.375	-0.6131934032983508	-155.0	30.163528092677005	33408.0	-11656.0	355.3658536585366	1010779.0	30846.527099609375	243.38414634146343	3399.0	-7983.0	-103.62804878048782	3714.285714285714	2535.0	3264.0	-7.8086124401913874	5756.0	5.023923444976076	98.12088030704936	4784560.0	13.770334928229664	-2100.0	
1610.0	13.445652173913043	1016.0	6.989130434782608	2718.0	-5.054347826086956	-123.0	0.18440779610194902	-0.2383808095952024	382.0	12119.140625	-0.5727136431784108	-159.0	30.163528092677005	33408.0	-11410.0	347.8658536585366	1011099.0	30856.292724609375	256.219512195122	3014.0	-8404.0	-91.89024390243904	3708.4249084249086	2531.0	3108.0	-7.435406698564593	5368.0	5.071770334928229	98.12088030704936	4784560.0	12.842105263157894	-2120.0	
1635.0	12.206521739130434	1130.0	6.717391304347826	2657.0	-4.391304347826087	-133.0	0.19940029985007496	-0.24137931034482757	362.0	12128.90625	-0.5427286356821589	-161.0	30.163528092677005	33408.0	-11158.0	340.1829268292683	1011419.0	30866.058349609375	264.359756097561	2494.0	-8671.0	-76.03658536585367	3701.0989010989015	2526.0	2860.0	-6.842105263157895	4780.0	4.851674641148326	98.12023211908384	4784624.0	11.435406698564593	-2028.0	
1689.0	11.380434782608695	1206.0	6.130434782608695	2633.0	-4.130434782608695	-139.0	0.2083958020989505	-0.2338830584707646	338.0	12138.671875	-0.5067466266866567	-156.0	30.163528092677005	33408.0	-10862.0	331.1585365853659	1011739.0	30875.823974609375	271.5853658536586	2101.0	-8908.0	-64.0548780487805	3740.6593406593406	2553.0	2800.0	-6.698564593301435	4380.0	4.172248803827751	98.12023211908384	4784624.0	10.47846889952153	-1744.0	
1727.0	10.869565217391305	1253.0	5.717391304347826	2633.0	-4.130434782608695	-141.0	0.21139430284857572	-0.2368815592203898	322.0	12148.4375	-0.48275862068965514	-158.0	30.163528092677005	33408.0	-10601.0	323.20121951219517	1012059.0	30885.589599609375	278.9329268292683	1797.0	-9149.0	-54.78658536585366	3695.2380952380954	2522.0	2736.0	-6.545454545454545	4164.0	3.751196172248804	98.12023211908384	4784624.0	9.961722488038276	-1568.0	
1724.0	10.630434782608695	1275.0	5.75	2614.0	-3.9239130434782608	-146.0	0.21889055472263869	-0.2383808095952024	298.0	12158.203125	-0.4467766116941529	-159.0	30.163528092677005	33408.0	-10238.0	312.13414634146346	1012379.0	30895.355224609375	283.38414634146346	1664.0	-9295.0	-50.73170731707317	3724.542124542125	2542.0	2688.0	-6.430622009569378	4060.0	3.7320574162679425	98.12023211908384	4784624.0	9.71291866028708	-1560.0	
1714.0	10.26086956521739	1309.0	5.858695652173913	2571.0	-3.4565217391304346	-148.0	0.22188905547226387	-0.24137931034482757	272.0	12167.96875	-0.4077961019490255	-161.0	30.163528092677005	33408.0	-9902.0	301.89024390243907	1012699.0	30905.120849609375	285.0304878048781	1588.0	-9349.0	-48.41463414634147	3731.868131868132	2547.0	2412.0	-5.770334928229665	3884.0	3.818181818181818	98.12023211908384	4784624.0	9.291866028708133	-1596.0	
1726.0	9.33695652173913	1394.0	5.728260869565217	2497.0	-2.652173913043478	-144.0	0.21589205397301348	-0.2338830584707646	256.0	12177.734375	-0.383808095952024	-156.0	30.163528092677005	33408.0	-9437.0	287.7134146341464	1013019.0	30914.886474609375	286.219512195122	1424.0	-9388.0	-43.41463414634147	3718.6813186813188	2538.0	2076.0	-4.966507177033493	3448.0	3.665071770334928	98.11942188433066	4784704.0	8.248803827751196	-1532.0	
1764.0	8.58695652173913	1463.0	5.315217391304348	2477.0	-2.4347826086956523	-144.0	0.21589205397301348	-0.22638680659670163	230.0	12187.5	-0.3448275862068965	-151.0	30.163528092677005	33408.0	-9120.0	278.0487804878049	1013339.0	30924.652099609375	282.07317073170736	1270.0	-9252.0	-38.71951219512196	3730.4029304029305	2546.0	1976.0	-4.7272727272727275	3056.0	3.1004784688995213	98.11942188433066	4784704.0	7.311004784688995	-1296.0	
1837.0	7.75	1540.0	4.521739130434782	2418.0	-1.7934782608695652	-150.0	0.22488755622188905	-0.21739130434782608	209.0	12197.265625	-0.31334332833583206	-145.0	30.163528092677005	33408.0	-8651.0	263.75	1013659.0	30934.417724609375	279.1158536585366	1519.0	-9155.0	-46.3109756097561	3699.6336996337	2525.0	1788.0	-4.277511961722488	2888.0	2.660287081339713	98.11942188433066	4784704.0	6.909090909090909	-1112.0	
1881.0	6.608695652173913	1645.0	4.043478260869565	2346.0	-1.0108695652173914	-144.0	0.21589205397301348	-0.2143928035982009	199.0	12207.03125	-0.2983508245877061	-143.0	30.163528092677005	33408.0	-8190.0	249.69512195121953	1013979.0	30944.183349609375	276.219512195122	1591.0	-9060.0	-48.50609756097561	3718.6813186813188	2538.0	1468.0	-3.511961722488038	2420.0	2.0	98.11942188433066	4784704.0	5.789473684210526	-836.0	
1916.0	6.021739130434782	1699.0	3.6630434782608696	2286.0	-0.358695652173913	-139.0	0.2083958020989505	-0.20239880059970014	173.0	12216.796875	-0.2593703148425787	-135.0	30.163528092677005	33408.0	-7711.0	235.09146341463418	1014299.0	30953.948974609375	271.0365853658537	1857.0	-8890.0	-56.615853658536594	3731.868131868132	2547.0	1168.0	-2.7942583732057416	2040.0	1.5502392344497606	98.11942188433066	4784704.0	4.880382775119617	-648.0	
1934.0	5.619565217391304	1736.0	3.467391304347826	2266.0	-0.14130434782608695	-140.0	0.2098950524737631	-0.19640179910044978	153.0	12226.5625	-0.22938530734632684	-131.0	30.163528092677005	33408.0	-7147.0	217.89634146341464	1014619.0	30963.714599609375	264.45121951219517	2164.0	-8674.0	-65.97560975609757	3702.5641025641025	2527.0	1020.0	-2.4401913875598087	1832.0	1.3301435406698565	98.11747732184651	4784896.0	4.382775119617225	-556.0	
1956.0	5.543478260869565	1743.0	3.2282608695652173	2204.0	0.532608695652174	-136.0	0.20389805097451275	-0.17241379310344826	140.0	12236.328125	-0.2098950524737631	-115.0	30.163528092677005	33408.0	-6697.0	204.1768292682927	1014939.0	30973.480224609375	254.69512195121953	2427.0	-8354.0	-73.9939024390244	3720.1465201465203	2539.0	776.0	-1.8564593301435406	1768.0	1.1196172248803826	98.11747732184651	4784896.0	4.229665071770334	-468.0	
1998.0	5.478260869565217	1749.0	2.7717391304347827	2147.0	1.1521739130434783	-127.0	0.19040479760119938	-0.17541229385307347	123.0	12246.09375	-0.18440779610194902	-117.0	30.163528092677005	33408.0	-6048.0	184.39024390243904	1015259.0	30983.245849609375	243.2317073170732	2371.0	-7978.0	-72.28658536585367	3702.5641025641025	2527.0	432.0	-1.0334928229665072	1736.0	0.6602870813397129	98.11747732184651	4784896.0	4.15311004784689	-276.0	
2061.0	5.576086956521739	1740.0	2.0869565217391304	2104.0	1.6195652173913042	-126.0	0.1889055472263868	-0.16041979010494753	112.0	12255.859375	-0.1679160419790105	-107.0	30.163528092677005	33408.0	-5364.0	163.53658536585368	1015579.0	30993.011474609375	231.49390243902442	1998.0	-7593.0	-60.91463414634147	3686.4468864468863	2516.0	216.0	-0.5167464114832536	1776.0	-0.1339712918660287	98.11747732184651	4784896.0	4.248803827751196	56.0	
2086.0	5.8478260869565215	1715.0	1.8152173913043477	2064.0	2.0543478260869565	-128.0	0.191904047976012	-0.1454272863568216	97.0	12265.625	-0.1454272863568216	-97.0	30.163528092677005	33408.0	-4902.0	149.45121951219514	1015899.0	31002.777099609375	220.7317073170732	1444.0	-7240.0	-44.024390243902445	3727.4725274725274	2544.0	68.0	-0.16267942583732056	1912.0	-0.5837320574162679	98.11747732184651	4784896.0	4.574162679425837	244.0	
2095.0	5.8478260869565215	1715.0	1.717391304347826	2018.0	2.5543478260869565	-114.0	0.17091454272863568	-0.13343328335832083	87.0	12275.390625	-0.13043478260869565	-89.0	30.163528092677005	33408.0	-4413.0	134.5426829268293	1016219.0	31012.542724609375	206.859756097561	848.0	-6785.0	-25.853658536585368	3743.5897435897436	2555.0	-104.0	0.24880382775119617	1944.0	-0.6028708133971291	98.11780141550334	4784864.0	4.650717703349282	252.0	
2082.0	5.565217391304348	1741.0	1.858695652173913	2002.0	2.7282608695652173	-108.0	0.1619190404797601	-0.13043478260869565	89.0	12285.15625	-0.13343328335832083	-87.0	30.163528092677005	33408.0	-3875.0	118.14024390243904	1016539.0	31022.308349609375	191.76829268292684	348.0	-6290.0	-10.609756097560977	3706.959706959707	2530.0	-256.0	0.6124401913875598	1812.0	-0.41148325358851673	98.11780141550334	4784864.0	4.3349282296650715	172.0	
2076.0	5.108695652173913	1783.0	1.9239130434782608	1960.0	3.184782608695652	-105.0	0.15742128935532235	-0.12743628185907047	73.0	12294.921875	-0.10944527736131934	-85.0	30.163528092677005	33408.0	-3491.0	106.4329268292683	1016859.0	31032.073974609375	175.70121951219514	77.0	-5763.0	-2.347560975609756	3693.772893772894	2521.0	-456.0	1.0909090909090908	1580.0	-0.3062200956937799	98.11780141550334	4784864.0	3.7799043062200957	128.0	
2087.0	4.5978260869565215	1830.0	1.8043478260869565	1917.0	3.652173913043478	-98.0	0.14692653673163417	-0.11394302848575712	66.0	12304.6875	-0.09895052473763118	-76.0	30.163528092677005	33408.0	-3025.0	92.22560975609757	1017179.0	31041.839599609375	160.82317073170734	-78.0	-5275.0	2.378048780487805	3705.4945054945056	2529.0	-680.0	1.6267942583732056	1384.0	-0.43062200956937796	98.11780141550334	4784864.0	3.311004784688995	180.0	
2114.0	4.75	1816.0	1.5108695652173914	1904.0	3.793478260869565	-101.0	0.15142428785607195	-0.10944527736131934	60.0	12314.453125	-0.08995502248875561	-73.0	30.163528092677005	33408.0	-2629.0	80.15243902439025	1017499.0	31051.605224609375	144.60365853658539	-14.0	-4743.0	0.426829268292683	3730.4029304029305	2546.0	-752.0	1.7990430622009568	1372.0	-0.7942583732057416	98.11780141550334	4784864.0	3.2822966507177034	332.0	
2131.0	4.576086956521739	1832.0	1.326086956521739	1860.0	4.271739130434782	-85.0	0.12743628185907047	-0.10794602698650674	65.0	12324.21875	-0.09745127436281859	-72.0	30.163528092677005	33408.0	-2281.0	69.54268292682927	1017819.0	31061.370849609375	129.5426829268293	19.0	-4249.0	-0.5792682926829269	3736.2637362637365	2550.0	-976.0	2.3349282296650715	1336.0	-1.138755980861244	98.11585685410564	4785056.0	3.1961722488038276	476.0	
2177.0	4.130434782608695	1873.0	0.8260869565217391	1793.0	5.0	-79.0	0.1184407796101949	-0.10794602698650674	57.0	12333.984375	-0.08545727136431784	-72.0	30.163528092677005	33408.0	-1806.0	55.060975609756106	1018139.0	31071.136474609375	115.06097560975611	5.0	-3774.0	-0.15243902439024393	3720.1465201465203	2539.0	-1316.0	3.1483253588516744	1136.0	-1.69377990430622	98.11585685410564	4785056.0	2.7177033492822966	708.0	
2229.0	3.9565217391304346	1889.0	0.2608695652173913	1733.0	5.6521739130434785	-73.0	0.10944527736131934	-0.10044977511244378	50.0	12343.75	-0.07496251874062969	-67.0	30.163528092677005	33408.0	-1391.0	42.40853658536586	1018459.0	31080.902099609375	101.79878048780489	-29.0	-3339.0	0.8841463414634148	3743.5897435897436	2555.0	-1704.0	4.0765550239234445	1064.0	-2.0	98.11585685410564	4785056.0	2.5454545454545454	836.0	
2270.0	3.8152173913043477	1902.0	-0.18478260869565216	1680.0	6.228260869565217	-72.0	0.10794602698650674	-0.095952023988006	50.0	12353.515625	-0.07496251874062969	-64.0	30.163528092677005	33408.0	-1030.0	31.402439024390247	1018779.0	31090.667724609375	88.47560975609757	22.0	-2902.0	-0.6707317073170732	3740.6593406593406	2553.0	-1680.0	4.019138755980861	1008.0	-2.478468899521531	98.11585685410564	4785056.0	2.4114832535885165	1036.0	
2292.0	3.902173913043478	1894.0	-0.42391304347826086	1657.0	6.478260869565217	-65.0	0.09745127436281859	-0.0944527736131934	43.0	12363.28125	-0.06446776611694152	-63.0	30.163528092677005	33408.0	-680.0	20.731707317073173	1019099.0	31100.433349609375	76.4329268292683	-13.0	-2507.0	0.39634146341463417	3717.2161172161173	2537.0	-1900.0	4.545454545454545	1012.0	-2.909090909090909	98.11585685410564	4785056.0	2.4210526315789473	1216.0	
2339.0	4.326086956521739	1855.0	-0.9347826086956521	1653.0	6.521739130434782	-67.0	0.10044977511244378	-0.0944527736131934	40.0	12373.046875	-0.05997001499250375	-63.0	30.163528092677005	33408.0	-308.0	9.390243902439025	1019419.0	31110.198974609375	63.23170731707317	-240.0	-2074.0	7.317073170731708	3720.1465201465203	2539.0	-1948.0	4.660287081339713	1172.0	-3.3301435406698565	98.11682913464153	4784960.0	2.803827751196172	1392.0	
2361.0	4.989130434782608	1794.0	-1.1739130434782608	1672.0	6.315217391304348	-65.0	0.09745127436281859	-0.09295352323838081	48.0	12382.8125	-0.07196401799100449	-62.0	30.163528092677005	33408.0	-5.0	0.15243902439024393	1019739.0	31119.964599609375	57.50000000000001	-458.0	-1886.0	13.963414634146343	3714.285714285714	2535.0	-1860.0	4.449760765550239	1460.0	-3.827751196172249	98.11682913464153	4784960.0	3.492822966507177	1600.0	
2360.0	5.510869565217392	1746.0	-1.1630434782608696	1662.0	6.423913043478261	-55.0	0.08245877061469264	-0.0914542728635682	49.0	12392.578125	-0.07346326836581708	-61.0	30.163528092677005	33408.0	230.0	-7.01219512195122	1020059.0	31129.730224609375	44.93902439024391	-1044.0	-1474.0	31.82926829268293	3717.2161172161173	2537.0	-1916.0	4.583732057416268	1724.0	-3.7799043062200957	98.11682913464153	4784960.0	4.124401913875598	1580.0	
2365.0	5.510869565217392	1746.0	-1.2173913043478262	1691.0	6.108695652173913	-53.0	0.07946026986506746	-0.08695652173913043	54.0	12402.34375	-0.08095952023988005	-58.0	30.163528092677005	33408.0	459.0	-13.993902439024392	1020379.0	31139.495849609375	36.524390243902445	-1485.0	-1198.0	45.274390243902445	3746.5201465201467	2557.0	-1772.0	4.239234449760765	1792.0	-3.8373205741626792	98.11682913464153	4784960.0	4.287081339712919	1604.0	
2366.0	4.173913043478261	1869.0	-1.2282608695652173	1652.0	6.532608695652174	-50.0	0.07496251874062969	-0.09295352323838081	50.0	12412.109375	-0.07496251874062969	-62.0	30.163528092677005	33408.0	806.0	-24.573170731707318	1020699.0	31149.261474609375	21.951219512195124	-1909.0	-720.0	58.20121951219513	3740.6593406593406	2553.0	-1872.0	4.4784688995215305	1224.0	-3.9043062200956937	98.11682913464153	4784960.0	2.92822966507177	1632.0	
2360.0	3.108695652173913	1967.0	-1.1630434782608696	1580.0	7.315217391304348	-55.0	0.08245877061469264	-0.10044977511244378	52.0	12421.875	-0.07796101949025487	-67.0	30.163528092677005	33408.0	1140.0	-34.75609756097561	1021019.0	31159.027099609375	6.951219512195123	-1911.0	-228.0	58.26219512195122	3718.6813186813188	2538.0	-2284.0	5.464114832535885	672.0	-3.799043062200957	98.11828755605647	4784816.0	1.6076555023923444	1588.0	
2358.0	3.0652173913043477	1971.0	-1.141304347826087	1579.0	7.326086956521739	-48.0	0.07196401799100449	-0.0944527736131934	50.0	12431.640625	-0.07496251874062969	-63.0	30.163528092677005	33408.0	1252.0	-38.170731707317074	1021339.0	31168.792724609375	-6.4939024390243905	-1724.0	213.0	52.5609756097561	3727.4725274725274	2544.0	-2284.0	5.464114832535885	572.0	-3.69377990430622	98.11828755605647	4784816.0	1.368421052631579	1544.0	
2394.0	3.782608695652174	1905.0	-1.5326086956521738	1630.0	6.771739130434782	-42.0	0.06296851574212893	-0.10944527736131934	49.0	12441.40625	-0.07346326836581708	-73.0	30.163528092677005	33408.0	1351.0	-41.18902439024391	1021659.0	31178.558349609375	-20.182926829268293	-1796.0	662.0	54.75609756097561	3720.1465201465203	2539.0	-2056.0	4.918660287081339	928.0	-4.057416267942584	98.11828755605647	4784816.0	2.2200956937799043	1696.0	
2416.0	4.793478260869565	1812.0	-1.7717391304347825	1686.0	6.163043478260869	-44.0	0.06596701649175413	-0.10194902548725637	52.0	12451.171875	-0.07796101949025487	-68.0	30.163528092677005	33408.0	1483.0	-45.213414634146346	1021979.0	31188.323974609375	-32.04268292682927	-2102.0	1051.0	64.08536585365854	3740.6593406593406	2553.0	-1764.0	4.220095693779904	1428.0	-4.507177033492823	98.11828755605647	4784816.0	3.416267942583732	1884.0	
2428.0	5.608695652173913	1737.0	-1.9021739130434783	1754.0	5.423913043478261	-44.0	0.06596701649175413	-0.11094452773613193	61.0	12460.9375	-0.0914542728635682	-74.0	30.163528092677005	33408.0	1524.0	-46.463414634146346	1022299.0	31198.089599609375	-43.170731707317074	-2497.0	1416.0	76.12804878048782	3728.937728937729	2545.0	-1416.0	3.38755980861244	1776.0	-4.631578947368421	98.11828755605647	4784816.0	4.248803827751196	1936.0	
2415.0	5.782608695652174	1721.0	-1.7608695652173914	1830.0	4.5978260869565215	-44.0	0.06596701649175413	-0.11394302848575712	65.0	12470.703125	-0.09745127436281859	-76.0	30.163528092677005	33408.0	1457.0	-44.420731707317074	1022619.0	31207.855224609375	-54.66463414634147	-2893.0	1793.0	88.20121951219512	3718.6813186813188	2538.0	-1060.0	2.5358851674641145	1836.0	-4.526315789473684	98.11715322822592	4784928.0	4.392344497607655	1892.0	
2400.0	5.521739130434782	1745.0	-1.5978260869565217	1889.0	3.9565217391304346	-38.0	0.05697151424287856	-0.11394302848575712	65.0	12480.46875	-0.09745127436281859	-76.0	30.163528092677005	33408.0	1449.0	-44.176829268292686	1022939.0	31217.620849609375	-64.48170731707317	-3188.0	2115.0	97.19512195121952	3731.868131868132	2547.0	-756.0	1.8086124401913874	1712.0	-4.421052631578947	98.11715322822592	4784928.0	4.095693779904306	1848.0	
2395.0	4.956521739130435	1797.0	-1.5434782608695652	1907.0	3.760869565217391	-41.0	0.06146926536731634	-0.1169415292353823	63.0	12490.234375	-0.0944527736131934	-78.0	30.163528092677005	33408.0	1539.0	-46.920731707317074	1023259.0	31227.386474609375	-75.51829268292684	-3324.0	2477.0	101.34146341463416	3720.1465201465203	2539.0	-712.0	1.7033492822966507	1436.0	-4.258373205741627	98.11715322822592	4784928.0	3.4354066985645932	1780.0	
2380.0	4.217391304347826	1865.0	-1.3804347826086956	1907.0	3.760869565217391	-37.0	0.05547226386806597	-0.1199400299850075	60.0	12500.0	-0.08995502248875561	-80.0	30.163528092677005	33408.0	1709.0	-52.10365853658537	1023579.0	31237.152099609375	-87.40853658536587	-3210.0	2867.0	97.8658536585366	3736.2637362637365	2550.0	-732.0	1.7511961722488039	1248.0	-4.1913875598086126	98.11715322822592	4784928.0	2.985645933014354	1752.0	
2351.0	3.402173913043478	1940.0	-1.065217391304348	1900.0	3.8369565217391304	-36.0	0.05397301349325337	-0.11394302848575712	63.0	12509.765625	-0.0944527736131934	-76.0	30.163528092677005	33408.0	1905.0	-58.07926829268293	1023899.0	31246.917724609375	-98.75000000000001	-2794.0	3239.0	85.1829268292683	3737.7289377289376	2551.0	-756.0	1.8086124401913874	844.0	-3.818181818181818	98.11715322822592	4784928.0	2.0191387559808613	1596.0	
2303.0	3.010869565217391	1976.0	-0.5434782608695652	1898.0	3.858695652173913	-37.0	0.05547226386806597	-0.12443778110944527	66.0	12519.53125	-0.09895052473763118	-83.0	30.163528092677005	33408.0	2121.0	-64.66463414634147	1024219.0	31256.683349609375	-112.16463414634147	-2165.0	3679.0	66.00609756097562	3730.4029304029305	2546.0	-752.0	1.7990430622009568	616.0	-3.263157894736842	98.11909779049277	4784736.0	1.4736842105263157	1364.0	
2253.0	3.010869565217391	1976.0	0.0	1887.0	3.9782608695652173	-41.0	0.06146926536731634	-0.12593703148425786	77.0	12529.296875	-0.11544227886056971	-84.0	30.163528092677005	33408.0	2399.0	-73.14024390243902	1024539.0	31266.448974609375	-125.45731707317074	-1620.0	4115.0	49.39024390243903	3726.007326007326	2543.0	-792.0	1.894736842105263	588.0	-2.6220095693779903	98.11909779049277	4784736.0	1.4066985645933014	1096.0	
2221.0	3.434782608695652	1937.0	0.34782608695652173	1896.0	3.8804347826086953	-40.0	0.05997001499250375	-0.12593703148425786	68.0	12539.0625	-0.10194902548725637	-84.0	30.163528092677005	33408.0	2640.0	-80.48780487804879	1024859.0	31276.214599609375	-141.46341463414635	-1228.0	4640.0	37.43902439024391	3705.4945054945056	2529.0	-772.0	1.84688995215311	760.0	-2.1052631578947367	98.11909779049277	4784736.0	1.8181818181818181	880.0	
2204.0	4.043478260869565	1881.0	0.532608695652174	1925.0	3.5652173913043477	-45.0	0.06746626686656672	-0.1409295352323838	86.0	12548.828125	-0.12893553223388304	-94.0	30.163528092677005	33408.0	2868.0	-87.43902439024392	1025179.0	31285.980224609375	-157.10365853658539	-1027.0	5153.0	31.3109756097561	3715.7509157509157	2536.0	-700.0	1.6746411483253587	1028.0	-1.894736842105263	98.11909779049277	4784736.0	2.4593301435406696	792.0	
2203.0	4.782608695652174	1813.0	0.5434782608695652	1956.0	3.2282608695652173	-47.0	0.0704647676161919	-0.1454272863568216	82.0	12558.59375	-0.12293853073463268	-97.0	30.163528092677005	33408.0	3096.0	-94.39024390243904	1025499.0	31295.745849609375	-171.70731707317074	-1006.0	5632.0	30.670731707317074	3747.985347985348	2558.0	-488.0	1.1674641148325358	1344.0	-1.875598086124402	98.11909779049277	4784736.0	3.215311004784689	784.0	
2198.0	5.3478260869565215	1761.0	0.5978260869565217	2002.0	2.7282608695652173	-55.0	0.08245877061469264	-0.14392803598200898	82.0	12568.359375	-0.12293853073463268	-96.0	30.163528092677005	33408.0	3352.0	-102.19512195121952	1025819.0	31305.511474609375	-183.81097560975613	-1075.0	6029.0	32.774390243902445	3733.3333333333335	2548.0	-280.0	0.6698564593301435	1656.0	-1.8851674641148324	98.11828755605647	4784816.0	3.9617224880382773	788.0	
2196.0	5.858695652173913	1714.0	0.6195652173913043	2031.0	2.4130434782608696	-61.0	0.0914542728635682	-0.15292353823088456	92.0	12578.125	-0.13793103448275862	-102.0	30.163528092677005	33408.0	3669.0	-111.85975609756099	1026139.0	31315.277099609375	-193.2926829268293	-1317.0	6340.0	40.15243902439025	3740.6593406593406	2553.0	-76.0	0.18181818181818182	1920.0	-1.8373205741626792	98.11828755605647	4784816.0	4.5933014354066986	768.0	
2184.0	6.5	1655.0	0.75	2098.0	1.684782608695652	-66.0	0.09895052473763118	-0.1634182908545727	99.0	12587.890625	-0.14842578710644677	-109.0	30.163528092677005	33408.0	4009.0	-122.22560975609757	1026459.0	31325.042724609375	-201.70731707317074	-1576.0	6616.0	48.04878048780488	3731.868131868132	2547.0	228.0	-0.5454545454545454	2164.0	-1.6746411483253587	98.11828755605647	4784816.0	5.177033492822966	700.0	
2182.0	6.989130434782608	1610.0	0.7717391304347826	2148.0	1.141304347826087	-69.0	0.10344827586206896	-0.1634182908545727	108.0	12597.65625	-0.1619190404797601	-109.0	30.163528092677005	33408.0	4341.0	-132.34756097560978	1026779.0	31334.808349609375	-207.8048780487805	-1874.0	6816.0	57.13414634146342	3723.0769230769233	2541.0	440.0	-1.0526315789473684	2412.0	-1.6363636363636362	98.11828755605647	4784816.0	5.770334928229665	684.0	
2161.0	7.206521739130435	1590.0	1.0	2164.0	0.967391304347826	-74.0	0.11094452773613193	-0.18140929535232383	108.0	12607.421875	-0.1619190404797601	-121.0	30.163528092677005	33408.0	4715.0	-143.75	1027099.0	31344.573974609375	-214.32926829268294	-2141.0	7030.0	65.27439024390245	3731.868131868132	2547.0	528.0	-1.263157894736842	2512.0	-1.464114832535885	98.11828755605647	4784816.0	6.00956937799043	612.0	
2157.0	6.978260869565217	1611.0	1.0434782608695652	2166.0	0.9456521739130435	-74.0	0.11094452773613193	-0.17391304347826086	117.0	12617.1875	-0.17541229385307347	-116.0	30.163528092677005	33408.0	5169.0	-157.59146341463415	1027419.0	31354.339599609375	-219.1158536585366	-2433.0	7187.0	74.17682926829269	3733.3333333333335	2548.0	532.0	-1.2727272727272727	2404.0	-1.4066985645933014	98.11796346234533	4784848.0	5.751196172248804	588.0	
2135.0	6.608695652173913	1645.0	1.2826086956521738	2145.0	1.1739130434782608	-79.0	0.1184407796101949	-0.191904047976012	132.0	12626.953125	-0.19790104947526235	-128.0	30.163528092677005	33408.0	5645.0	-172.10365853658539	1027739.0	31364.105224609375	-221.7378048780488	-2639.0	7273.0	80.45731707317074	3740.6593406593406	2553.0	412.0	-0.985645933014354	2228.0	-1.1004784688995215	98.11796346234533	4784848.0	5.330143540669856	460.0	
2093.0	6.010869565217392	1700.0	1.7391304347826086	2125.0	1.391304347826087	-82.0	0.12293853073463268	-0.20539730134932532	137.0	12636.71875	-0.20539730134932532	-137.0	30.163528092677005	33408.0	6152.0	-187.56097560975613	1028059.0	31373.870849609375	-225.45731707317074	-2697.0	7395.0	82.22560975609757	3733.3333333333335	2548.0	316.0	-0.7559808612440191	1940.0	-0.7177033492822966	98.11796346234533	4784848.0	4.641148325358851	300.0	
2067.0	5.521739130434782	1745.0	2.0217391304347827	2160.0	1.0108695652173914	-81.0	0.12143928035982009	-0.21139430284857572	158.0	12646.484375	-0.2368815592203898	-141.0	30.163528092677005	33408.0	6757.0	-206.00609756097563	1028379.0	31383.636474609375	-228.07926829268294	-2639.0	7481.0	80.45731707317074	3717.2161172161173	2537.0	664.0	-1.588516746411483	1824.0	-0.5263157894736842	98.11796346234533	4784848.0	4.363636363636363	220.0	
2044.0	6.054347826086956	1696.0	2.2717391304347827	2231.0	0.2391304347826087	-84.0	0.12593703148425786	-0.2128935532233883	169.0	12656.25	-0.25337331334332835	-142.0	30.163528092677005	33408.0	7189.0	-219.1768292682927	1028699.0	31393.402099609375	-229.51219512195124	-2259.0	7528.0	68.8719512195122	3749.4505494505493	2559.0	728.0	-1.7416267942583732	1860.0	-0.20095693779904306	98.11796346234533	4784848.0	4.449760765550239	84.0	
2022.0	6.891304347826087	1619.0	2.510869565217391	2279.0	-0.2826086956521739	-85.0	0.12743628185907047	-0.22338830584707645	176.0	12666.015625	-0.2638680659670165	-149.0	30.173470056668158	33410.0	7518.0	-229.20731707317074	1029019.0	31403.167724609375	-228.62804878048783	-1742.0	7499.0	53.10975609756098	3728.937728937729	2545.0	1036.0	-2.478468899521531	2232.0	0.18181818181818182	98.1196418643872	4784848.0	5.339712918660287	-76.0	
1994.0	7.880434782608695	1528.0	2.8152173913043477	2321.0	-0.7391304347826086	-90.0	0.13493253373313344	-0.22788605697151423	196.0	12675.78125	-0.29385307346326833	-152.0	30.173470056668158	33410.0	7765.0	-236.7378048780488	1029339.0	31412.933349609375	-227.56097560975613	-1398.0	7464.0	42.6219512195122	3724.542124542125	2542.0	1252.0	-2.9952153110047846	2704.0	0.5645933014354066	98.1196418643872	4784848.0	6.4688995215311005	-236.0	
1987.0	8.782608695652174	1445.0	2.891304347826087	2311.0	-0.6304347826086957	-94.0	0.1409295352323838	-0.239880059970015	211.0	12685.546875	-0.31634182908545727	-160.0	30.173470056668158	33410.0	8127.0	-247.77439024390247	1029659.0	31422.698974609375	-225.3658536585366	-1571.0	7392.0	47.896341463414636	3711.3553113553116	2533.0	1220.0	-2.9186602870813396	3148.0	0.6794258373205742	98.1196418643872	4784848.0	7.5311004784688995	-284.0	
1984.0	9.652173913043478	1365.0	2.9239130434782608	2226.0	0.2934782608695652	-83.0	0.12443778110944527	-0.25037481259370314	225.0	12695.3125	-0.3373313343328336	-167.0	30.173470056668158	33410.0	8556.0	-260.8536585365854	1029979.0	31432.464599609375	-222.9268292682927	-2392.0	7312.0	72.92682926829269	3727.4725274725274	2544.0	884.0	-2.114832535885167	3580.0	0.6985645933014354	98.1196418643872	4784848.0	8.564593301435407	-292.0	
1986.0	10.51086956521739	1286.0	2.902173913043478	2162.0	0.9891304347826086	-90.0	0.13493253373313344	-0.24287856071964017	241.0	12705.078125	-0.3613193403298351	-162.0	30.173470056668158	33410.0	8954.0	-272.9878048780488	1030299.0	31442.230224609375	-219.2378048780488	-3685.0	7191.0	112.34756097560977	3720.1465201465203	2539.0	504.0	-1.2057416267942582	3932.0	0.631578947368421	98.1196418643872	4784848.0	9.4066985645933	-264.0	
1996.0	11.021739130434783	1239.0	2.793478260869565	2086.0	1.8152173913043477	-78.0	0.1169415292353823	-0.25337331334332835	257.0	12714.84375	-0.38530734632683655	-169.0	30.173470056668158	33410.0	9413.0	-286.9817073170732	1030619.0	31451.995849609375	-212.9878048780488	-5340.0	6986.0	162.8048780487805	3734.798534798535	2549.0	180.0	-0.43062200956937796	4240.0	0.4880382775119617	98.13033714974534	4783792.0	10.143540669856458	-204.0	
2001.0	11.532608695652174	1192.0	2.7391304347826084	2115.0	1.5	-66.0	0.09895052473763118	-0.25487256371814093	274.0	12724.609375	-0.41079460269865065	-170.0	30.173470056668158	33410.0	9873.0	-301.00609756097566	1030939.0	31461.761474609375	-205.18292682926833	-6622.0	6730.0	201.89024390243904	3737.7289377289376	2551.0	228.0	-0.5454545454545454	4468.0	0.354066985645933	98.13033714974534	4783792.0	10.688995215311005	-148.0	
1988.0	11.902173913043478	1158.0	2.880434782608696	2212.0	0.44565217391304346	-58.0	0.08695652173913043	-0.25487256371814093	297.0	12734.375	-0.4452773613193403	-170.0	30.173470056668158	33410.0	10139.0	-309.1158536585366	1031259.0	31471.527099609375	-195.45731707317074	-6809.0	6411.0	207.59146341463418	3739.194139194139	2552.0	756.0	-1.8086124401913874	4596.0	0.4688995215311005	98.13033714974534	4783792.0	10.995215311004785	-196.0	
1951.0	11.706521739130434	1176.0	3.282608695652174	2326.0	-0.7934782608695652	-52.0	0.07796101949025487	-0.27136431784107945	323.0	12744.140625	-0.48425787106446777	-181.0	30.173470056668158	33410.0	10224.0	-311.70731707317077	1031579.0	31481.292724609375	-186.03658536585368	-5631.0	6102.0	171.6768292682927	3706.959706959707	2530.0	1272.0	-3.0430622009569377	4512.0	1.0526315789473684	98.13033714974534	4783792.0	10.794258373205741	-440.0	
1894.0	10.630434782608695	1275.0	3.902173913043478	2340.0	-0.9456521739130435	-35.0	0.05247376311844078	-0.26686656671664166	333.0	12753.90625	-0.4992503748125937	-178.0	30.173470056668158	33410.0	10360.0	-315.8536585365854	1031899.0	31491.058349609375	-179.14634146341464	-3884.0	5876.0	118.41463414634147	3712.820512820513	2534.0	1312.0	-3.138755980861244	4032.0	1.7990430622009568	98.13033714974534	4783792.0	9.645933014354066	-752.0	
1846.0	9.706521739130434	1360.0	4.423913043478261	2300.0	-0.5108695652173912	-31.0	0.046476761619190406	-0.2608695652173913	350.0	12763.671875	-0.5247376311844077	-174.0	30.173470056668158	33410.0	10688.0	-325.8536585365854	1032219.0	31500.823974609375	-175.45731707317074	-2368.0	5755.0	72.19512195121952	3739.194139194139	2552.0	1128.0	-2.6985645933014353	3612.0	2.3157894736842106	98.13130945036995	4783696.0	8.641148325358852	-968.0	
1829.0	9.728260869565217	1358.0	4.608695652173913	2255.0	-0.021739130434782608	-23.0	0.034482758620689655	-0.2578710644677661	367.0	12773.4375	-0.5502248875562219	-172.0	30.173470056668158	33410.0	10978.0	-334.69512195121956	1032539.0	31510.589599609375	-168.90243902439025	-1253.0	5540.0	38.201219512195124	3731.868131868132	2547.0	884.0	-2.114832535885167	3640.0	2.574162679425837	98.13130945036995	4783696.0	8.708133971291865	-1076.0	
1811.0	10.554347826086957	1282.0	4.804347826086956	2202.0	0.5543478260869565	-21.0	0.031484257871064465	-0.25037481259370314	386.0	12783.203125	-0.5787106446776612	-167.0	30.173470056668158	33410.0	11194.0	-341.2804878048781	1032859.0	31520.355224609375	-160.88414634146343	-1259.0	5277.0	38.38414634146342	3721.611721611722	2540.0	644.0	-1.5406698564593302	4080.0	2.784688995215311	98.13130945036995	4783696.0	9.760765550239235	-1164.0	
1788.0	11.934782608695652	1155.0	5.054347826086956	2179.0	0.8043478260869565	-14.0	0.020989505247376312	-0.2368815592203898	405.0	12792.96875	-0.6071964017991004	-158.0	30.173470056668158	33410.0	11483.0	-350.0914634146342	1033179.0	31530.120849609375	-151.5548780487805	-2161.0	4971.0	65.88414634146342	3733.3333333333335	2548.0	536.0	-1.2822966507177034	4760.0	2.9952153110047846	98.13130945036995	4783696.0	11.38755980861244	-1252.0	
1780.0	13.51086956521739	1010.0	5.141304347826087	2209.0	0.4782608695652174	-5.0	0.0074962518740629685	-0.2353823088455772	411.0	12802.734375	-0.616191904047976	-157.0	30.173470056668158	33410.0	11579.0	-353.01829268292687	1033499.0	31539.886474609375	-140.03048780487805	-3684.0	4593.0	112.31707317073172	3706.959706959707	2530.0	568.0	-1.3588516746411483	5076.0	3.1004784688995213	98.13130945036995	4783696.0	12.143540669856458	-1296.0	
1767.0	16.913043478260867	697.0	5.282608695652174	2373.0	-1.3043478260869565	3.0	-0.004497751124437781	-0.22488755622188905	438.0	12812.5	-0.656671664167916	-150.0	30.173470056668158	33410.0	11363.0	-346.4329268292683	1033819.0	31549.652099609375	-121.58536585365854	-5323.0	3988.0	162.28658536585368	3734.798534798535	2549.0	1268.0	-3.0334928229665072	6288.0	3.1674641148325358	98.13195765096744	4783632.0	15.043062200956937	-1324.0	
1727.0	21.717391304347824	255.0	5.717391304347826	2421.0	-1.826086956521739	3.0	-0.004497751124437781	-0.22488755622188905	438.0	12822.265625	-0.656671664167916	-150.0	30.173470056668158	33410.0	10635.0	-324.2378048780488	1034139.0	31559.417724609375	-96.28048780487806	-6357.0	3158.0	193.81097560975613	3731.868131868132	2547.0	1764.0	-4.220095693779904	8484.0	3.588516746411483	98.13195765096744	4783632.0	20.296650717703347	-1500.0	
1676.0	24.119565217391305	34.0	6.271739130434782	2359.0	-1.1521739130434783	29.0	-0.043478260869565216	-0.19640179910044978	458.0	12832.03125	-0.6866566716641679	-131.0	30.173470056668158	33410.0	10191.0	-310.70121951219517	1034459.0	31569.183349609375	-68.8719512195122	-7939.0	2259.0	242.0426829268293	3723.0769230769233	2541.0	1540.0	-3.6842105263157894	10148.0	4.267942583732057	98.13195765096744	4783632.0	24.27751196172249	-1784.0	
1680.0	23.184782608695652	120.0	6.228260869565217	2266.0	-0.14130434782608695	29.0	-0.043478260869565216	-0.19640179910044978	458.0	12841.796875	-0.6866566716641679	-131.0	30.173470056668158	33410.0	10320.0	-314.63414634146346	1034779.0	31578.948974609375	-40.82317073170732	-10515.0	1339.0	320.57926829268297	3705.4945054945056	2529.0	1000.0	-2.3923444976076556	9972.0	4.440191387559809	98.13195765096744	4783632.0	23.85645933014354	-1856.0	
1766.0	20.543478260869566	363.0	5.293478260869565	2190.0	0.6847826086956521	44.0	-0.06596701649175413	-0.17691154422788605	481.0	12851.5625	-0.7211394302848575	-118.0	30.173470056668158	33410.0	10304.0	-314.1463414634147	1035099.0	31588.714599609375	-12.80487804878049	-12134.0	420.0	369.93902439024396	3717.2161172161173	2537.0	660.0	-1.5789473684210527	8780.0	3.4354066985645932	98.13195765096744	4783632.0	21.004784688995215	-1436.0	
1857.0	17.413043478260867	651.0	4.304347826086956	2170.0	0.9021739130434783	62.0	-0.09295352323838081	-0.15592203898050974	498.0	12861.328125	-0.7466266866566716	-104.0	30.173470056668158	33410.0	10190.0	-310.6707317073171	1035419.0	31598.480224609375	22.5609756097561	-13304.0	-740.0	405.609756097561	3712.820512820513	2534.0	460.0	-1.1004784688995215	7268.0	2.2870813397129184	98.12823049951024	4784000.0	17.38755980861244	-956.0	
1928.0	13.652173913043478	997.0	3.532608695652174	2158.0	1.0326086956521738	76.0	-0.11394302848575712	-0.13043478260869565	508.0	12871.09375	-0.7616191904047975	-87.0	30.173470056668158	33410.0	10081.0	-307.3475609756098	1035739.0	31608.245849609375	57.22560975609757	-11967.0	-1877.0	364.8475609756098	3740.6593406593406	2553.0	420.0	-1.0047846889952152	5560.0	1.3014354066985645	98.12823049951024	4784000.0	13.301435406698564	-544.0	
1926.0	8.967391304347826	1428.0	3.5543478260869565	2106.0	1.5978260869565217	90.0	-0.13493253373313344	-0.09895052473763118	518.0	12880.859375	-0.7766116941529235	-66.0	30.173470056668158	33410.0	10041.0	-306.12804878048786	1036059.0	31618.011474609375	77.89634146341464	-9225.0	-2555.0	281.25	3699.6336996337	2525.0	188.0	-0.4497607655502392	3360.0	1.38755980861244	98.12823049951024	4784000.0	8.038277511961722	-580.0	
1814.0	5.032608695652174	1790.0	4.771739130434782	1956.0	3.2282608695652173	97.0	-0.1454272863568216	-0.08095952023988005	519.0	12890.625	-0.7781109445277361	-54.0	30.173470056668158	33410.0	9765.0	-297.7134146341464	1036379.0	31627.777099609375	88.32317073170732	-5145.0	-2897.0	156.859756097561	3728.937728937729	2545.0	-520.0	1.244019138755981	1480.0	2.736842105263158	98.12823049951024	4784000.0	3.54066985645933	-1144.0	
1618.0	3.1956521739130435	1959.0	6.9021739130434785	1838.0	4.510869565217392	103.0	-0.15442278860569714	-0.046476761619190406	539.0	12900.390625	-0.808095952023988	-31.0	30.173470056668158	33410.0	8934.0	-272.3780487804878	1036699.0	31637.542724609375	89.87804878048782	-593.0	-2948.0	18.07926829268293	3742.124542124542	2554.0	-1172.0	2.803827751196172	488.0	5.311004784688995	98.12823049951024	4784000.0	1.1674641148325358	-2220.0	
1376.0	5.423913043478261	1754.0	9.532608695652174	1768.0	5.271739130434782	101.0	-0.15142428785607195	-0.020989505247376312	542.0	12910.15625	-0.8125937031484257	-14.0	30.173470056668158	33410.0	7571.0	-230.82317073170734	1037019.0	31647.308349609375	84.90853658536587	3082.0	-2785.0	-93.96341463414635	3715.7509157509157	2536.0	-1508.0	3.6076555023923444	1572.0	8.421052631578947	98.12709615001742	4784112.0	3.7607655502392343	-3520.0	
1191.0	10.989130434782608	1242.0	11.543478260869565	1646.0	6.5978260869565215	93.0	-0.1394302848575712	-0.005997001499250375	553.0	12919.921875	-0.8290854572713643	-4.0	30.173470056668158	33410.0	6529.0	-199.0548780487805	1037339.0	31657.073974609375	66.98170731707317	4785.0	-2197.0	-145.88414634146343	3727.4725274725274	2544.0	-2036.0	4.8708133971291865	4360.0	10.688995215311005	98.12709615001742	4784112.0	10.430622009569378	-4468.0	
1148.0	16.09782608695652	772.0	12.01086956521739	1598.0	7.119565217391304	87.0	-0.13043478260869565	0.0074962518740629685	564.0	12929.6875	-0.8455772113943029	5.0	30.173470056668158	33410.0	6453.0	-196.7378048780488	1037659.0	31666.839599609375	60.73170731707317	4041.0	-1992.0	-123.20121951219514	3731.868131868132	2547.0	-2224.0	5.320574162679426	6820.0	10.976076555023923	98.12709615001742	4784112.0	16.31578947368421	-4588.0	
1159.0	19.369565217391305	471.0	11.891304347826086	1654.0	6.510869565217391	81.0	-0.12143928035982009	0.020989505247376312	571.0	12939.453125	-0.856071964017991	14.0	30.173470056668158	33410.0	5887.0	-179.4817073170732	1037979.0	31676.605224609375	66.3719512195122	2407.0	-2177.0	-73.38414634146342	3721.611721611722	2540.0	-1860.0	4.449760765550239	8172.0	10.717703349282296	98.12709615001742	4784112.0	19.55023923444976	-4480.0	
1314.0	19.913043478260867	421.0	10.206521739130434	1754.0	5.423913043478261	75.0	-0.11244377811094453	0.0239880059970015	563.0	12949.21875	-0.8440779610194902	16.0	30.173470056668158	33410.0	5109.0	-155.76219512195124	1038299.0	31686.370849609375	58.50609756097562	431.0	-1919.0	-13.140243902439025	3728.937728937729	2545.0	-1392.0	3.3301435406698565	8200.0	8.459330143540669	98.12709615001742	4784112.0	19.617224880382775	-3536.0	
1503.0	17.858695652173914	610.0	8.152173913043478	1796.0	4.967391304347826	71.0	-0.10644677661169415	0.026986506746626684	582.0	12958.984375	-0.8725637181409295	18.0	30.173470056668158	33410.0	4711.0	-143.62804878048783	1038619.0	31696.136474609375	76.25	-478.0	-2501.0	14.573170731707318	3708.4249084249086	2531.0	-1320.0	3.1578947368421053	7748.0	7.100478468899521	98.12806844955551	4784016.0	18.535885167464116	-2968.0	
1527.0	15.978260869565217	783.0	7.891304347826087	1699.0	6.021739130434782	76.0	-0.11394302848575712	0.050974512743628186	580.0	12968.75	-0.8695652173913043	34.0	30.173470056668158	33410.0	4045.0	-123.32317073170732	1038939.0	31705.902099609375	77.5	-655.0	-2542.0	19.969512195121954	3742.124542124542	2554.0	-1652.0	3.952153110047847	6508.0	6.239234449760765	98.12806844955551	4784016.0	15.569377990430622	-2608.0	
1359.0	14.804347826086957	891.0	9.717391304347826	1767.0	5.282608695652174	70.0	-0.10494752623688156	0.05547226386806597	580.0	12978.515625	-0.8695652173913043	37.0	30.173470056668158	33410.0	2335.0	-71.18902439024392	1039259.0	31715.667724609375	82.13414634146342	489.0	-2694.0	-14.908536585365855	3698.1684981684984	2524.0	-1564.0	3.741626794258373	6172.0	7.980861244019138	98.12806844955551	4784016.0	14.765550239234448	-3336.0	
1179.0	14.326086956521738	935.0	11.67391304347826	1307.0	10.282608695652174	64.0	-0.095952023988006	0.05997001499250375	583.0	12988.28125	-0.8740629685157421	40.0	30.173470056668158	33410.0	1515.0	-46.18902439024391	1039579.0	31725.433349609375	27.164634146341466	2406.0	-891.0	-73.35365853658537	3709.89010989011	2532.0	-2904.0	6.947368421052631	5356.0	10.181818181818182	98.12806844955551	4784016.0	12.813397129186603	-4256.0	
1221.0	17.630434782608695	631.0	11.217391304347826	927.0	14.41304347826087	64.0	-0.095952023988006	0.06296851574212893	583.0	12998.046875	-0.8740629685157421	42.0	30.173470056668158	33410.0	-106.0	3.231707317073171	1039899.0	31735.198974609375	-35.670731707317074	5094.0	1170.0	-155.3048780487805	3724.542124542125	2542.0	-5088.0	12.17224880382775	6788.0	10.861244019138756	98.12806844955551	4784016.0	16.239234449760765	-4540.0	
1488.0	21.956521739130434	233.0	8.315217391304348	853.0	15.217391304347826	59.0	-0.08845577211394302	0.06296851574212893	594.0	13007.8125	-0.8905547226386806	42.0	30.173470056668158	33410.0	-826.0	25.182926829268293	1040219.0	31744.964599609375	-34.63414634146342	4596.0	1136.0	-140.1219512195122	3708.4249084249086	2531.0	-5900.0	14.114832535885167	9072.0	7.2727272727272725	98.12742024982725	4784080.0	21.70334928229665	-3040.0	
1655.0	21.77173913043478	250.0	6.5	955.0	14.108695652173912	54.0	-0.08095952023988005	0.06446776611694152	592.0	13017.578125	-0.8875562218890555	43.0	30.173470056668158	33410.0	-705.0	21.493902439024392	1040539.0	31754.730224609375	-35.0609756097561	2888.0	1150.0	-88.04878048780489	3712.820512820513	2534.0	-5372.0	12.851674641148325	9488.0	4.889952153110047	98.12742024982725	4784080.0	22.698564593301434	-2044.0	
1743.0	18.0	597.0	5.543478260869565	1196.0	11.489130434782608	56.0	-0.08395802098950525	0.05547226386806597	594.0	13027.34375	-0.8905547226386806	37.0	30.173470056668158	33410.0	-1015.0	30.945121951219516	1040859.0	31764.495849609375	-39.54268292682927	1942.0	1297.0	-59.207317073170735	3743.5897435897436	2555.0	-4204.0	10.057416267942584	7536.0	3.751196172248804	98.12742024982725	4784080.0	18.028708133971293	-1568.0	
1746.0	14.847826086956522	887.0	5.510869565217392	1461.0	8.608695652173912	63.0	-0.0944527736131934	0.05247376311844078	583.0	13037.109375	-0.8740629685157421	35.0	30.173470056668158	33410.0	-1930.0	58.84146341463415	1041179.0	31774.261474609375	-46.06707317073171	2228.0	1511.0	-67.92682926829269	3734.798534798535	2549.0	-2896.0	6.92822966507177	5928.0	3.7224880382775116	98.12742024982725	4784080.0	14.181818181818182	-1556.0	
1680.0	13.217391304347826	1037.0	6.228260869565217	1634.0	6.728260869565217	65.0	-0.09745127436281859	0.05547226386806597	587.0	13046.875	-0.8800599700149925	37.0	30.173470056668158	33410.0	-2355.0	71.79878048780489	1041499.0	31784.027099609375	-46.768292682926834	3010.0	1534.0	-91.76829268292684	3731.868131868132	2547.0	-2032.0	4.861244019138756	5208.0	4.526315789473684	98.12742024982725	4784080.0	12.459330143540669	-1892.0	
1623.0	13.217391304347826	1037.0	6.8478260869565215	1743.0	5.543478260869565	59.0	-0.08845577211394302	0.050974512743628186	577.0	13056.640625	-0.8650674662668666	34.0	30.173470056668158	33410.0	-2490.0	75.91463414634147	1041819.0	31793.792724609375	-44.78658536585366	3765.0	1469.0	-114.78658536585367	3743.5897435897436	2555.0	-1512.0	3.617224880382775	5212.0	5.282296650717703	98.12677205024382	4784144.0	12.4688995215311	-2208.0	
1625.0	13.83695652173913	980.0	6.826086956521739	1843.0	4.456521739130435	58.0	-0.08695652173913043	0.029985007496251874	581.0	13066.40625	-0.8710644677661169	20.0	30.173470056668158	33410.0	-2913.0	88.8109756097561	1042139.0	31803.558349609375	-43.04878048780488	4256.0	1412.0	-129.75609756097563	3718.6813186813188	2538.0	-1048.0	2.5071770334928227	5512.0	5.177033492822966	98.12677205024382	4784144.0	13.186602870813397	-2164.0	
1647.0	14.934782608695652	879.0	6.58695652173913	1918.0	3.641304347826087	59.0	-0.08845577211394302	0.0239880059970015	579.0	13076.171875	-0.8680659670164917	16.0	30.173470056668158	33410.0	-3487.0	106.31097560975611	1042459.0	31813.323974609375	-34.78658536585366	4391.0	1141.0	-133.8719512195122	3740.6593406593406	2553.0	-688.0	1.645933014354067	6016.0	4.889952153110047	98.12677205024382	4784144.0	14.392344497607654	-2044.0	
1647.0	16.706521739130434	716.0	6.58695652173913	1959.0	3.1956521739130435	59.0	-0.08845577211394302	0.010494752623688156	576.0	13085.9375	-0.8635682158920539	7.0	30.173470056668158	33410.0	-4175.0	127.28658536585367	1042779.0	31823.089599609375	-26.219512195121954	4143.0	860.0	-126.31097560975611	3704.029304029304	2528.0	-492.0	1.1770334928229664	6856.0	4.909090909090909	98.12677205024382	4784144.0	16.401913875598087	-2052.0	
1616.0	18.27173913043478	572.0	6.923913043478261	1988.0	2.880434782608696	53.0	-0.07946026986506746	0.004497751124437781	565.0	13095.703125	-0.8470764617691154	3.0	30.173470056668158	33410.0	-4880.0	148.78048780487805	1043099.0	31832.855224609375	-11.981707317073171	3710.0	393.0	-113.10975609756099	3728.937728937729	2545.0	-372.0	0.8899521531100478	7524.0	5.37799043062201	98.12677205024382	4784144.0	18.0	-2248.0	
1568.0	18.34782608695652	565.0	7.445652173913043	2027.0	2.4565217391304346	58.0	-0.08695652173913043	0.0014992503748125937	572.0	13105.46875	-0.8575712143928036	1.0	30.173470056668158	33410.0	-5386.0	164.20731707317074	1043419.0	31842.620849609375	0.8841463414634148	3080.0	-29.0	-93.90243902439025	3730.4029304029305	2546.0	-140.0	0.33492822966507174	7596.0	5.665071770334928	98.1256377013214	4784256.0	18.17224880382775	-2368.0	
1556.0	17.565217391304348	637.0	7.576086956521739	2092.0	1.75	58.0	-0.08695652173913043	-0.0239880059970015	560.0	13115.234375	-0.8395802098950524	-16.0	30.173470056668158	33410.0	-5876.0	179.14634146341464	1043739.0	31852.386474609375	12.378048780487806	2751.0	-406.0	-83.8719512195122	3709.89010989011	2532.0	24.0	-0.057416267942583726	7308.0	5.980861244019138	98.1256377013214	4784256.0	17.483253588516746	-2500.0	
1564.0	16.652173913043477	721.0	7.489130434782608	2162.0	0.9891304347826086	49.0	-0.07346326836581708	-0.04047976011994003	559.0	13125.0	-0.8380809595202399	-27.0	30.173470056668158	33410.0	-6470.0	197.25609756097563	1044059.0	31862.152099609375	22.957317073170735	2878.0	-753.0	-87.7439024390244	3730.4029304029305	2546.0	376.0	-0.8995215311004784	6788.0	5.9330143540669855	98.1256377013214	4784256.0	16.239234449760765	-2480.0	
1582.0	16.445652173913043	740.0	7.293478260869565	2231.0	0.2391304347826087	45.0	-0.06746626686656672	-0.05847076461769115	546.0	13134.765625	-0.8185907046476761	-39.0	30.173470056668158	33410.0	-7234.0	220.5487804878049	1044379.0	31871.917724609375	32.22560975609756	3277.0	-1057.0	-99.90853658536587	3728.937728937729	2545.0	748.0	-1.7894736842105263	6564.0	5.684210526315789	98.1256377013214	4784256.0	15.70334928229665	-2376.0	
1601.0	16.956521739130434	693.0	7.08695652173913	2291.0	-0.41304347826086957	35.0	-0.05247376311844078	-0.06146926536731634	550.0	13144.53125	-0.8245877061469266	-41.0	30.173470056668158	33410.0	-7961.0	242.71341463414637	1044699.0	31881.683349609375	47.713414634146346	3787.0	-1565.0	-115.45731707317074	3740.6593406593406	2553.0	1008.0	-2.4114832535885165	6800.0	5.349282296650718	98.1256377013214	4784256.0	16.267942583732058	-2236.0	
1597.0	18.26086956521739	573.0	7.130434782608695	2369.0	-1.2608695652173914	39.0	-0.05847076461769115	-0.07646176911544228	546.0	13154.296875	-0.8185907046476761	-51.0	30.173470056668158	33410.0	-8394.0	255.91463414634148	1045019.0	31891.448974609375	66.79878048780489	4042.0	-2191.0	-123.23170731707319	3717.2161172161173	2537.0	1356.0	-3.2440191387559807	7304.0	5.368421052631579	98.12272080612951	4784544.0	17.473684210526315	-2244.0	
1568.0	19.315217391304348	476.0	7.445652173913043	2457.0	-2.217391304347826	27.0	-0.04047976011994003	-0.09895052473763118	532.0	13164.0625	-0.7976011994002998	-66.0	30.173470056668158	33410.0	-9106.0	277.6219512195122	1045339.0	31901.214599609375	83.17073170731707	4981.0	-2728.0	-151.859756097561	3702.5641025641025	2527.0	1808.0	-4.325358851674641	7928.0	5.712918660287081	98.12272080612951	4784544.0	18.966507177033492	-2388.0	
1516.0	18.402173913043477	560.0	8.01086956521739	2572.0	-3.467391304347826	15.0	-0.022488755622188904	-0.11544227886056971	527.0	13173.828125	-0.7901049475262368	-77.0	30.173470056668158	33410.0	-9673.0	294.9085365853659	1045659.0	31910.980224609375	99.87804878048782	6624.0	-3276.0	-201.95121951219514	3714.285714285714	2535.0	2304.0	-5.511961722488038	7588.0	6.325358851674641	98.12272080612951	4784544.0	18.15311004784689	-2644.0	
1510.0	16.434782608695652	741.0	8.076086956521738	2697.0	-4.826086956521739	5.0	-0.0074962518740629685	-0.13343328335832083	517.0	13183.59375	-0.775112443778111	-89.0	30.173470056668158	33410.0	-10268.0	313.0487804878049	1045979.0	31920.745849609375	126.79878048780489	8541.0	-4159.0	-260.3963414634147	3746.5201465201467	2557.0	2964.0	-7.090909090909091	6604.0	6.488038277511961	98.12272080612951	4784544.0	15.799043062200957	-2712.0	
1568.0	15.271739130434781	848.0	7.445652173913043	2838.0	-6.358695652173913	-16.0	0.0239880059970015	-0.15142428785607195	513.0	13193.359375	-0.7691154422788605	-101.0	30.173470056668158	33410.0	-11003.0	335.45731707317077	1046299.0	31930.511474609375	164.57317073170734	10430.0	-5398.0	-317.9878048780488	3734.798534798535	2549.0	3648.0	-8.727272727272727	6032.0	5.751196172248804	98.12272080612951	4784544.0	14.430622009569378	-2404.0	
1680.0	15.576086956521738	820.0	6.228260869565217	2940.0	-7.467391304347826	-32.0	0.047976011994003	-0.1649175412293853	495.0	13203.125	-0.7421289355322339	-110.0	30.173470056668158	33410.0	-11011.0	335.70121951219517	1046619.0	31940.277099609375	207.59146341463418	11143.0	-6809.0	-339.7256097560976	3726.007326007326	2543.0	4212.0	-10.076555023923445	6168.0	4.239234449760765	98.1240172036304	4784416.0	14.75598086124402	-1772.0	
1735.0	18.652173913043477	537.0	5.630434782608695	3018.0	-8.315217391304348	-55.0	0.08245877061469264	-0.1829085457271364	480.0	13212.890625	-0.7196401799100449	-122.0	30.173470056668158	33410.0	-11062.0	337.25609756097566	1046939.0	31950.042724609375	250.39634146341464	10685.0	-8213.0	-325.76219512195127	3739.194139194139	2552.0	4640.0	-11.10047846889952	7648.0	3.4736842105263155	98.1240172036304	4784416.0	18.296650717703347	-1452.0	
1706.0	21.07608695652174	314.0	5.945652173913043	3117.0	-9.391304347826086	-74.0	0.11094452773613193	-0.1934032983508246	463.0	13222.65625	-0.6941529235382309	-129.0	30.173470056668158	33410.0	-10991.0	335.0914634146342	1047259.0	31959.808349609375	286.2804878048781	9693.0	-9390.0	-295.51829268292687	3714.285714285714	2535.0	5112.0	-12.229665071770334	8808.0	3.818181818181818	98.1240172036304	4784416.0	21.071770334928228	-1596.0	
1619.0	20.065217391304348	407.0	6.891304347826087	3247.0	-10.804347826086957	-102.0	0.15292353823088456	-0.20239880059970014	448.0	13232.421875	-0.671664167916042	-135.0	30.173470056668158	33410.0	-10887.0	331.9207317073171	1047579.0	31969.573974609375	311.6158536585366	9563.0	-10221.0	-291.5548780487805	3736.2637362637365	2550.0	5780.0	-13.827751196172247	8192.0	4.985645933014354	98.1240172036304	4784416.0	19.598086124401913	-2084.0	
1563.0	17.08695652173913	681.0	7.5	3313.0	-11.521739130434783	-122.0	0.1829085457271364	-0.20689655172413793	421.0	13242.1875	-0.631184407796102	-138.0	30.173470056668158	33410.0	-10662.0	325.0609756097561	1047899.0	31979.339599609375	347.7439024390244	9094.0	-11406.0	-277.25609756097566	3731.868131868132	2547.0	6008.0	-14.373205741626794	6752.0	5.617224880382775	98.1240172036304	4784416.0	16.15311004784689	-2348.0	
1564.0	15.304347826086957	845.0	7.489130434782608	3263.0	-10.978260869565217	-146.0	0.21889055472263869	-0.20539730134932532	400.0	13251.953125	-0.5997001499250375	-137.0	30.173470056668158	33410.0	-10232.0	311.95121951219517	1048219.0	31989.105224609375	380.00000000000006	8714.0	-12464.0	-265.6707317073171	3706.959706959707	2530.0	5676.0	-13.578947368421051	6020.0	5.483253588516746	98.12223465721605	4784592.0	14.401913875598085	-2292.0	
1604.0	13.91304347826087	973.0	7.054347826086956	3089.0	-9.08695652173913	-164.0	0.24587706146926536	-0.2098950524737631	378.0	13261.71875	-0.5667166416791604	-140.0	30.173470056668158	33410.0	-9506.0	289.81707317073176	1048539.0	31998.870849609375	403.5975609756098	7815.0	-13238.0	-238.26219512195124	3727.4725274725274	2544.0	5220.0	-12.488038277511961	5692.0	5.196172248803827	98.12223465721605	4784592.0	13.617224880382775	-2172.0	
1636.0	12.652173913043478	1089.0	6.706521739130435	2938.0	-7.445652173913043	-182.0	0.272863568215892	-0.21139430284857572	354.0	13271.484375	-0.5307346326836582	-141.0	30.173470056668158	33410.0	-8902.0	271.4024390243903	1048859.0	32008.636474609375	420.6707317073171	6348.0	-13798.0	-193.53658536585368	3704.029304029304	2528.0	4436.0	-10.61244019138756	5092.0	4.794258373205741	98.12223465721605	4784592.0	12.181818181818182	-2004.0	
1641.0	12.065217391304348	1143.0	6.6521739130434785	2805.0	-6.0	-193.0	0.2893553223388306	-0.19940029985007496	331.0	13281.25	-0.4962518740629685	-133.0	30.173470056668158	33410.0	-8451.0	257.6524390243903	1049179.0	32018.402099609375	432.80487804878055	4680.0	-14196.0	-142.6829268292683	3734.798534798535	2549.0	3752.0	-8.976076555023923	4732.0	4.5933014354066986	98.12223465721605	4784592.0	11.320574162679426	-1920.0	
1652.0	11.695652173913043	1177.0	6.532608695652174	2722.0	-5.0978260869565215	-200.0	0.29985007496251875	-0.19940029985007496	306.0	13291.015625	-0.4587706146926537	-133.0	30.173470056668158	33410.0	-8279.0	252.40853658536588	1049499.0	32028.167724609375	436.12804878048786	3198.0	-14305.0	-97.50000000000001	3736.2637362637365	2550.0	3280.0	-7.84688995215311	4524.0	4.497607655502392	98.12223465721605	4784592.0	10.822966507177034	-1880.0	
1618.0	10.880434782608695	1252.0	6.9021739130434785	2667.0	-4.5	-203.0	0.3043478260869565	-0.1934032983508246	271.0	13300.78125	-0.40629685157421286	-129.0	30.173470056668158	33410.0	-7962.0	242.74390243902442	1049819.0	32037.933349609375	435.42682926829275	1947.0	-14282.0	-59.35975609756098	3742.124542124542	2554.0	3004.0	-7.186602870813397	4248.0	4.8708133971291865	98.11947981491238	4784864.0	10.16267942583732	-2036.0	
1635.0	9.456521739130434	1383.0	6.717391304347826	2593.0	-3.6956521739130435	-203.0	0.3043478260869565	-0.1889055472263868	259.0	13310.546875	-0.38830584707646176	-126.0	30.173470056668158	33410.0	-7683.0	234.2378048780488	1050139.0	32047.698974609375	426.37195121951225	1235.0	-13985.0	-37.65243902439025	3723.0769230769233	2541.0	2644.0	-6.325358851674641	3672.0	4.851674641148326	98.11947981491238	4784864.0	8.78468899521531	-2028.0	
1703.0	7.826086956521739	1533.0	5.978260869565217	2513.0	-2.8260869565217392	-203.0	0.3043478260869565	-0.18140929535232383	233.0	13320.3125	-0.3493253373313343	-121.0	30.173470056668158	33410.0	-7452.0	227.19512195121953	1050459.0	32057.464599609375	417.07317073170736	230.0	-13680.0	-7.01219512195122	3718.6813186813188	2538.0	2224.0	-5.320574162679426	2868.0	4.143540669856459	98.11947981491238	4784864.0	6.861244019138756	-1732.0	
1775.0	6.130434782608695	1689.0	5.195652173913043	2438.0	-2.010869565217391	-199.0	0.2983508245877061	-0.17691154422788605	209.0	13330.078125	-0.31334332833583206	-118.0	30.173470056668158	33410.0	-7041.0	214.66463414634148	1050779.0	32067.230224609375	408.5975609756098	-279.0	-13402.0	8.506097560975611	3706.959706959707	2530.0	1836.0	-4.392344497607655	2100.0	3.1578947368421053	98.11947981491238	4784864.0	5.023923444976076	-1320.0	
1825.0	4.217391304347826	1865.0	4.6521739130434785	2362.0	-1.184782608695652	-194.0	0.2908545727136432	-0.16941529235382308	191.0	13339.84375	-0.2863568215892054	-113.0	30.173470056668158	33410.0	-6744.0	205.609756097561	1051099.0	32076.995849609375	396.6463414634147	-438.0	-13010.0	13.353658536585368	3731.868131868132	2547.0	1472.0	-3.5215311004784686	1208.0	2.5645933014354068	98.11947981491238	4784864.0	2.889952153110048	-1072.0	
1847.0	2.5	2023.0	4.413043478260869	2330.0	-0.8369565217391304	-176.0	0.2638680659670165	-0.16941529235382308	171.0	13349.609375	-0.2563718140929535	-113.0	30.173470056668158	33410.0	-6507.0	198.38414634146343	1051419.0	32086.761474609375	384.57317073170736	-176.0	-12614.0	5.365853658536586	3734.798534798535	2549.0	1304.0	-3.1196172248803826	356.0	2.2392344497607652	98.11850751825347	4784960.0	0.8516746411483254	-936.0	
1856.0	1.608695652173913	2105.0	4.315217391304348	2286.0	-0.358695652173913	-166.0	0.24887556221889054	-0.16041979010494753	150.0	13359.375	-0.22488755622188905	-107.0	30.173470056668158	33410.0	-6130.0	186.89024390243904	1051739.0	32096.527099609375	369.0853658536586	181.0	-12106.0	-5.5182926829268295	3715.7509157509157	2536.0	1092.0	-2.61244019138756	-64.0	2.229665071770335	98.11850751825347	4784960.0	-0.15311004784688995	-932.0	
1859.0	1.7065217391304348	2096.0	4.282608695652174	2188.0	0.7065217391304348	-160.0	0.239880059970015	-0.14692653673163417	142.0	13369.140625	-0.2128935532233883	-98.0	30.173470056668158	33410.0	-5592.0	170.4878048780488	1052059.0	32106.292724609375	350.4268292682927	667.0	-11494.0	-20.335365853658537	3740.6593406593406	2553.0	668.0	-1.5980861244019138	24.0	2.200956937799043	98.11850751825347	4784960.0	0.057416267942583726	-920.0	
1866.0	1.9456521739130435	2074.0	4.206521739130435	2079.0	1.891304347826087	-148.0	0.22188905547226387	-0.14392803598200898	123.0	13378.90625	-0.18440779610194902	-96.0	30.173470056668158	33410.0	-5259.0	160.33536585365854	1052379.0	32116.058349609375	331.31097560975616	949.0	-10867.0	-28.932926829268297	3724.542124542125	2542.0	80.0	-0.19138755980861244	192.0	2.1052631578947367	98.11850751825347	4784960.0	0.4593301435406698	-880.0	
1881.0	2.4782608695652173	2025.0	4.043478260869565	2010.0	2.641304347826087	-144.0	0.21589205397301348	-0.13493253373313344	104.0	13388.671875	-0.15592203898050974	-90.0	30.173470056668158	33410.0	-4877.0	148.68902439024393	1052699.0	32125.823974609375	309.7256097560976	1185.0	-10159.0	-36.12804878048781	3739.194139194139	2552.0	-248.0	0.5933014354066986	428.0	1.8851674641148324	98.11850751825347	4784960.0	1.0239234449760766	-788.0	
1895.0	2.7391304347826084	2001.0	3.891304347826087	1925.0	3.5652173913043477	-132.0	0.19790104947526235	-0.12143928035982009	80.0	13398.4375	-0.1199400299850075	-81.0	30.173470056668158	33410.0	-4371.0	133.26219512195124	1053019.0	32135.589599609375	285.51829268292687	1234.0	-9365.0	-37.6219512195122	3728.937728937729	2545.0	-652.0	1.5598086124401913	492.0	1.8277511961722488	98.118345468842	4784976.0	1.1770334928229664	-764.0	
1896.0	2.5760869565217392	2016.0	3.8804347826086953	1859.0	4.282608695652174	-127.0	0.19040479760119938	-0.1184407796101949	85.0	13408.203125	-0.12743628185907047	-79.0	30.173470056668158	33410.0	-4026.0	122.7439024390244	1053339.0	32145.355224609375	260.3048780487805	1332.0	-8538.0	-40.60975609756098	3728.937728937729	2545.0	-980.0	2.3444976076555024	400.0	1.8373205741626792	98.118345468842	4784976.0	0.9569377990430622	-768.0	
1914.0	2.369565217391304	2035.0	3.684782608695652	1787.0	5.065217391304348	-116.0	0.17391304347826086	-0.11544227886056971	70.0	13417.96875	-0.10494752623688156	-77.0	30.173470056668158	33410.0	-3647.0	111.18902439024392	1053659.0	32155.120849609375	233.07926829268294	1403.0	-7645.0	-42.774390243902445	3726.007326007326	2543.0	-1156.0	2.7655502392344498	320.0	1.7894736842105263	98.118345468842	4784976.0	0.7655502392344498	-748.0	
1947.0	2.2282608695652173	2048.0	3.3260869565217392	1750.0	5.467391304347826	-114.0	0.17091454272863568	-0.10644677661169415	60.0	13427.734375	-0.08995502248875561	-71.0	30.173470056668158	33410.0	-3275.0	99.84756097560977	1053979.0	32164.886474609375	206.37195121951223	1441.0	-6769.0	-43.9329268292683	3711.3553113553116	2533.0	-1432.0	3.4258373205741623	276.0	1.4066985645933014	98.118345468842	4784976.0	0.6602870813397129	-588.0	
1974.0	2.5652173913043477	2017.0	3.032608695652174	1727.0	5.717391304347826	-103.0	0.15442278860569714	-0.0914542728635682	64.0	13437.5	-0.095952023988006	-61.0	30.173470056668158	33410.0	-2913.0	88.8109756097561	1054299.0	32174.652099609375	179.90853658536588	1371.0	-5901.0	-41.79878048780488	3736.2637362637365	2550.0	-1540.0	3.6842105263157894	324.0	1.0526315789473684	98.118345468842	4784976.0	0.7751196172248803	-440.0	
1986.0	2.934782608695652	1983.0	2.902173913043478	1756.0	5.4021739130434785	-105.0	0.15742128935532235	-0.09295352323838081	54.0	13447.265625	-0.08095952023988005	-62.0	30.173470056668158	33410.0	-2573.0	78.44512195121952	1054619.0	32184.417724609375	154.14634146341464	1168.0	-5056.0	-35.60975609756098	3706.959706959707	2530.0	-1456.0	3.4832535885167464	516.0	0.8803827751196172	98.11656292591344	4785152.0	1.2344497607655502	-368.0	
1987.0	3.5217391304347827	1929.0	2.891304347826087	1782.0	5.119565217391304	-97.0	0.1454272863568216	-0.08095952023988005	48.0	13457.03125	-0.07196401799100449	-54.0	30.173470056668158	33410.0	-2343.0	71.4329268292683	1054939.0	32194.183349609375	131.52439024390245	733.0	-4314.0	-22.34756097560976	3724.542124542125	2542.0	-1304.0	3.1196172248803826	788.0	0.8516746411483254	98.11656292591344	4785152.0	1.8851674641148324	-356.0	
1999.0	3.782608695652174	1905.0	2.760869565217391	1825.0	4.6521739130434785	-92.0	0.13793103448275862	-0.08095952023988005	38.0	13466.796875	-0.05697151424287856	-54.0	30.173470056668158	33410.0	-2218.0	67.6219512195122	1055259.0	32203.948974609375	110.97560975609757	173.0	-3640.0	-5.27439024390244	3727.4725274725274	2544.0	-1140.0	2.727272727272727	972.0	0.6507177033492823	98.11656292591344	4785152.0	2.325358851674641	-272.0	
2043.0	3.891304347826087	1895.0	2.282608695652174	1847.0	4.413043478260869	-90.0	0.13493253373313344	-0.07796101949025487	34.0	13476.5625	-0.050974512743628186	-52.0	30.173470056668158	33410.0	-1786.0	54.451219512195124	1055579.0	32213.714599609375	89.0548780487805	-370.0	-2921.0	11.28048780487805	3714.285714285714	2535.0	-944.0	2.2583732057416266	1044.0	0.19138755980861244	98.11656292591344	4785152.0	2.4976076555023923	-80.0	
2003.0	3.532608695652174	1928.0	2.717391304347826	1773.0	5.217391304347826	-82.0	0.12293853073463268	-0.07496251874062969	33.0	13486.328125	-0.04947526236881559	-50.0	30.173470056668158	33410.0	-1459.0	44.48170731707317	1055899.0	32223.480224609375	67.71341463414635	-734.0	-2221.0	22.378048780487806	3727.4725274725274	2544.0	-1284.0	3.0717703349282295	880.0	0.507177033492823	98.11656292591344	4785152.0	2.1052631578947367	-212.0	
1995.0	2.902173913043478	1986.0	2.8043478260869565	1705.0	5.956521739130435	-81.0	0.12143928035982009	-0.07196401799100449	30.0	13496.09375	-0.04497751124437781	-48.0	30.173470056668158	33410.0	-1065.0	32.46951219512196	1056219.0	32233.245849609375	43.90243902439025	-670.0	-1440.0	20.426829268292686	3733.3333333333335	2548.0	-1628.0	3.894736842105263	604.0	0.7655502392344498	98.11656292591344	4785152.0	1.444976076555024	-320.0	
2035.0	1.2282608695652173	2140.0	2.369565217391304	1621.0	6.869565217391304	-79.0	0.1184407796101949	-0.06746626686656672	29.0	13505.859375	-0.043478260869565216	-45.0	30.173470056668158	33410.0	-455.0	13.871951219512196	1056539.0	32243.011474609375	14.237804878048781	-458.0	-467.0	13.963414634146343	3704.029304029304	2528.0	-2092.0	5.0047846889952154	-180.0	0.37320574162679426	98.11656292591344	4785152.0	-0.43062200956937796	-156.0	
2108.0	1.2717391304347825	2136.0	1.576086956521739	1651.0	6.543478260869565	-76.0	0.11394302848575712	-0.06446776611694152	25.0	13515.625	-0.037481259370314844	-43.0	30.173470056668158	33410.0	-211.0	6.432926829268293	1056859.0	32252.777099609375	-6.4939024390243905	292.0	213.0	-8.902439024390246	3714.285714285714	2535.0	-1968.0	4.708133971291866	-244.0	-0.5741626794258373	98.11656292591344	4785152.0	-0.5837320574162679	240.0	
2167.0	2.532608695652174	2020.0	0.9347826086956521	1733.0	5.6521739130434785	-75.0	0.11244377811094453	-0.06296851574212893	27.0	13525.390625	-0.04047976011994003	-42.0	30.173470056668158	33410.0	104.0	-3.1707317073170733	1057179.0	32262.542724609375	-25.853658536585368	795.0	848.0	-24.237804878048784	3745.054945054945	2556.0	-1508.0	3.6076555023923444	452.0	-1.3779904306220094	98.11656292591344	4785152.0	1.0813397129186602	576.0	
2231.0	4.25	1862.0	0.2391304347826087	1866.0	4.206521739130435	-81.0	0.12143928035982009	-0.06446776611694152	30.0	13535.15625	-0.04497751124437781	-43.0	30.173470056668158	33410.0	541.0	-16.493902439024392	1057499.0	32272.308349609375	-38.170731707317074	807.0	1252.0	-24.603658536585368	3717.2161172161173	2537.0	-888.0	2.124401913875598	1276.0	-2.248803827751196	98.11656292591344	4785152.0	3.052631578947368	940.0	
2270.0	5.532608695652174	1744.0	-0.18478260869565216	1987.0	2.891304347826087	-84.0	0.12593703148425786	-0.06596701649175413	31.0	13544.921875	-0.046476761619190406	-44.0	30.173470056668158	33410.0	737.0	-22.469512195121954	1057819.0	32282.073974609375	-53.75000000000001	341.0	1763.0	-10.396341463414634	3698.1684981684984	2524.0	-244.0	0.5837320574162679	1820.0	-2.7081339712918657	98.11769727128667	4785040.0	4.354066985645932	1132.0	
2302.0	5.913043478260869	1709.0	-0.532608695652174	2078.0	1.9021739130434783	-82.0	0.12293853073463268	-0.06746626686656672	32.0	13554.6875	-0.047976011994003	-45.0	30.173470056668158	33410.0	1030.0	-31.402439024390247	1058139.0	32291.839599609375	-59.54268292682927	-22.0	1953.0	0.6707317073170732	3698.1684981684984	2524.0	140.0	-0.33492822966507174	1992.0	-3.129186602870813	98.11769727128667	4785040.0	4.765550239234449	1308.0	
2323.0	6.141304347826087	1688.0	-0.7608695652173912	2095.0	1.717391304347826	-87.0	0.13043478260869565	-0.06896551724137931	36.0	13564.453125	-0.05397301349325337	-46.0	30.173470056668158	33410.0	1204.0	-36.707317073170735	1058459.0	32301.605224609375	-67.5	-302.0	2214.0	9.207317073170733	3726.007326007326	2543.0	200.0	-0.4784688995215311	2032.0	-3.253588516746411	98.11769727128667	4785040.0	4.861244019138756	1360.0	
2360.0	5.945652173913043	1706.0	-1.1630434782608696	2062.0	2.0760869565217392	-90.0	0.13493253373313344	-0.07496251874062969	39.0	13574.21875	-0.05847076461769115	-50.0	30.173470056668158	33410.0	1472.0	-44.87804878048781	1058779.0	32311.370849609375	-75.09146341463415	-692.0	2463.0	21.09756097560976	3731.868131868132	2547.0	104.0	-0.24880382775119617	1952.0	-3.617224880382775	98.11769727128667	4785040.0	4.669856459330143	1512.0	
2405.0	5.554347826086956	1742.0	-1.6521739130434783	1986.0	2.902173913043478	-94.0	0.1409295352323838	-0.07646176911544228	35.0	13583.984375	-0.05247376311844078	-51.0	30.173470056668158	33410.0	1848.0	-56.34146341463415	1059099.0	32321.136474609375	-82.07317073170732	-1151.0	2692.0	35.09146341463415	3715.7509157509157	2536.0	-232.0	0.5550239234449761	1808.0	-4.1913875598086126	98.11769727128667	4785040.0	4.325358851674641	1752.0	
2428.0	5.543478260869565	1743.0	-1.9021739130434783	1906.0	3.7717391304347827	-99.0	0.14842578710644677	-0.07796101949025487	42.0	13593.75	-0.06296851574212893	-52.0	30.173470056668158	33410.0	2135.0	-65.09146341463415	1059419.0	32330.902099609375	-90.85365853658537	-1539.0	2980.0	46.920731707317074	3737.7289377289376	2551.0	-644.0	1.5406698564593302	1724.0	-4.545454545454545	98.11704907387622	4785104.0	4.124401913875598	1900.0	
2438.0	5.206521739130435	1774.0	-2.010869565217391	1848.0	4.4021739130434785	-91.0	0.136431784107946	-0.08245877061469264	47.0	13603.515625	-0.0704647676161919	-55.0	30.173470056668158	33410.0	2480.0	-75.60975609756099	1059739.0	32340.667724609375	-101.06707317073172	-1898.0	3315.0	57.865853658536594	3712.820512820513	2534.0	-964.0	2.3062200956937797	1624.0	-4.650717703349282	98.11704907387622	4785104.0	3.8851674641148324	1944.0	
2430.0	4.989130434782608	1794.0	-1.9239130434782608	1816.0	4.75	-103.0	0.15442278860569714	-0.0944527736131934	52.0	13613.28125	-0.07796101949025487	-63.0	30.173470056668158	33410.0	2865.0	-87.34756097560977	1060059.0	32350.433349609375	-111.79878048780489	-2190.0	3667.0	66.76829268292684	3709.89010989011	2532.0	-1152.0	2.755980861244019	1536.0	-4.669856459330143	98.11704907387622	4785104.0	3.6746411483253585	1952.0	
2419.0	4.793478260869565	1812.0	-1.8043478260869565	1816.0	4.75	-105.0	0.15742128935532235	-0.09295352323838081	52.0	13623.046875	-0.07796101949025487	-62.0	30.173470056668158	33410.0	3228.0	-98.41463414634147	1060379.0	32360.198974609375	-123.29268292682929	-2504.0	4044.0	76.34146341463415	3727.4725274725274	2544.0	-1176.0	2.813397129186603	1460.0	-4.708133971291866	98.11704907387622	4785104.0	3.492822966507177	1968.0	
2431.0	5.0	1793.0	-1.934782608695652	1871.0	4.1521739130434785	-104.0	0.15592203898050974	-0.10494752623688156	57.0	13632.8125	-0.08545727136431784	-70.0	30.173470056668158	33410.0	3590.0	-109.45121951219514	1060699.0	32369.964599609375	-134.20731707317074	-2701.0	4402.0	82.34756097560977	3715.7509157509157	2536.0	-908.0	2.172248803827751	1516.0	-4.641148325358851	98.11704907387622	4785104.0	3.626794258373206	1940.0	
2418.0	5.217391304347826	1773.0	-1.7934782608695652	1937.0	3.434782608695652	-108.0	0.1619190404797601	-0.11244377811094453	67.0	13642.578125	-0.10044977511244378	-75.0	30.173470056668158	33410.0	3935.0	-119.96951219512196	1061019.0	32379.730224609375	-143.44512195121953	-2814.0	4705.0	85.79268292682927	3727.4725274725274	2544.0	-588.0	1.4066985645933014	1624.0	-4.650717703349282	98.11623882731686	4785184.0	3.8851674641148324	1944.0	
2426.0	5.554347826086956	1742.0	-1.8804347826086956	1997.0	2.782608695652174	-112.0	0.1679160419790105	-0.12893553223388304	69.0	13652.34375	-0.10344827586206896	-86.0	30.173470056668158	33410.0	4322.0	-131.76829268292684	1061339.0	32389.495849609375	-150.45731707317074	-2945.0	4935.0	89.78658536585367	3724.542124542125	2542.0	-316.0	0.7559808612440191	1716.0	-4.708133971291866	98.11623882731686	4785184.0	4.105263157894736	1968.0	
2428.0	5.565217391304348	1741.0	-1.9021739130434783	2031.0	2.4130434782608696	-117.0	0.17541229385307347	-0.13043478260869565	85.0	13662.109375	-0.12743628185907047	-87.0	30.173470056668158	33410.0	4744.0	-144.63414634146343	1061659.0	32399.261474609375	-155.64024390243904	-3164.0	5105.0	96.46341463414635	3709.89010989011	2532.0	-132.0	0.3157894736842105	1768.0	-4.660287081339713	98.11623882731686	4785184.0	4.229665071770334	1948.0	
2436.0	5.782608695652174	1721.0	-1.9891304347826086	2031.0	2.4130434782608696	-115.0	0.17241379310344826	-0.1424287856071964	92.0	13671.875	-0.13793103448275862	-95.0	30.173470056668158	33410.0	5204.0	-158.65853658536588	1061979.0	32409.027099609375	-159.45121951219514	-3554.0	5230.0	108.35365853658537	3715.7509157509157	2536.0	-144.0	0.34449760765550236	1868.0	-4.765550239234449	98.11623882731686	4785184.0	4.4688995215311005	1992.0	
2440.0	6.032608695652174	1698.0	-2.032608695652174	2008.0	2.6630434782608696	-115.0	0.17241379310344826	-0.14392803598200898	100.0	13681.640625	-0.14992503748125938	-96.0	30.173470056668158	33410.0	5691.0	-173.50609756097563	1062299.0	32418.792724609375	-163.26219512195124	-4061.0	5355.0	123.81097560975611	3704.029304029304	2528.0	-236.0	0.5645933014354066	2012.0	-4.889952153110047	98.11623882731686	4785184.0	4.813397129186603	2044.0	
2443.0	6.239130434782608	1679.0	-2.0652173913043477	1986.0	2.902173913043478	-115.0	0.17241379310344826	-0.16041979010494753	108.0	13691.40625	-0.1619190404797601	-107.0	30.173470056668158	33410.0	6230.0	-189.93902439024393	1062619.0	32428.558349609375	-165.7317073170732	-4647.0	5436.0	141.6768292682927	3711.3553113553116	2533.0	-352.0	0.8421052631578947	2100.0	-4.937799043062201	98.11802137004622	4785008.0	5.023923444976076	2064.0	
2410.0	6.271739130434782	1676.0	-1.7065217391304348	1963.0	3.152173913043478	-108.0	0.1619190404797601	-0.17541229385307347	114.0	13701.171875	-0.17091454272863568	-117.0	30.173470056668158	33410.0	6751.0	-205.82317073170734	1062939.0	32438.323974609375	-167.71341463414635	-5304.0	5501.0	161.70731707317074	3731.868131868132	2547.0	-424.0	1.014354066985646	2128.0	-4.746411483253588	98.11802137004622	4785008.0	5.090909090909091	1984.0	
2396.0	6.25	1678.0	-1.5543478260869565	1978.0	2.9891304347826084	-108.0	0.1619190404797601	-0.1934032983508246	135.0	13710.9375	-0.20239880059970014	-129.0	30.173470056668158	33410.0	7280.0	-221.95121951219514	1063259.0	32448.089599609375	-171.64634146341464	-5727.0	5630.0	174.60365853658539	3692.3076923076924	2520.0	-356.0	0.8516746411483254	2104.0	-4.30622009569378	98.11802137004622	4785008.0	5.033492822966507	1800.0	
2366.0	6.206521739130435	1682.0	-1.2282608695652173	2071.0	1.9782608695652173	-101.0	0.15142428785607195	-0.19790104947526235	154.0	13720.703125	-0.23088455772113942	-132.0	30.173470056668158	33410.0	7776.0	-237.07317073170734	1063579.0	32457.855224609375	-177.46951219512198	-5721.0	5821.0	174.4207317073171	3715.7509157509157	2536.0	-116.0	0.27751196172248804	2072.0	-4.105263157894736	98.11802137004622	4785008.0	4.956937799043062	1716.0	
2330.0	6.271739130434782	1676.0	-0.8369565217391304	2149.0	1.1304347826086956	-98.0	0.14692653673163417	-0.2098950524737631	167.0	13730.46875	-0.25037481259370314	-140.0	30.173470056668158	33410.0	8208.0	-250.24390243902442	1063899.0	32467.620849609375	-177.50000000000003	-5364.0	5822.0	163.53658536585368	3699.6336996337	2525.0	364.0	-0.8708133971291866	2028.0	-3.7224880382775116	98.11802137004622	4785008.0	4.851674641148326	1556.0	
2315.0	6.217391304347826	1681.0	-0.6739130434782609	2147.0	1.1521739130434783	-94.0	0.1409295352323838	-0.21889055472263869	178.0	13740.234375	-0.26686656671664166	-146.0	30.173470056668158	33410.0	8644.0	-263.5365853658537	1064219.0	32477.386474609375	-177.9268292682927	-4912.0	5836.0	149.75609756097563	3706.959706959707	2530.0	440.0	-1.0526315789473684	2056.0	-3.4258373205741623	98.11559063023236	4785248.0	4.918660287081339	1432.0	
2296.0	6.33695652173913	1670.0	-0.46739130434782605	2135.0	1.2826086956521738	-90.0	0.13493253373313344	-0.23088455772113942	192.0	13750.0	-0.28785607196401797	-154.0	30.173470056668158	33410.0	9247.0	-281.9207317073171	1064539.0	32487.152099609375	-177.01219512195124	-4680.0	5806.0	142.6829268292683	3731.868131868132	2547.0	364.0	-0.8708133971291866	2076.0	-3.1578947368421053	98.11559063023236	4785248.0	4.966507177033493	1320.0	
2259.0	6.282608695652174	1675.0	-0.06521739130434782	2127.0	1.3695652173913042	-83.0	0.12443778110944527	-0.24137931034482757	209.0	13759.765625	-0.31334332833583206	-161.0	30.173470056668158	33410.0	9836.0	-299.87804878048786	1064859.0	32496.917724609375	-175.3048780487805	-4726.0	5750.0	144.08536585365854	3702.5641025641025	2527.0	328.0	-0.784688995215311	2076.0	-2.77511961722488	98.11559063023236	4785248.0	4.966507177033493	1160.0	
2216.0	6.173913043478261	1685.0	0.40217391304347827	2136.0	1.2717391304347825	-79.0	0.1184407796101949	-0.25037481259370314	227.0	13769.53125	-0.3403298350824588	-167.0	30.173470056668158	33410.0	10434.0	-318.109756097561	1065179.0	32506.683349609375	-175.00000000000003	-4960.0	5740.0	151.21951219512198	3711.3553113553116	2533.0	368.0	-0.8803827751196172	2068.0	-2.229665071770335	98.11559063023236	4785248.0	4.947368421052631	932.0	
2157.0	6.108695652173913	1691.0	1.0434782608695652	2180.0	0.7934782608695652	-68.0	0.10194902548725637	-0.25337331334332835	250.0	13779.296875	-0.3748125937031484	-169.0	30.173470056668158	33410.0	11048.0	-336.82926829268297	1065499.0	32516.448974609375	-162.6219512195122	-4972.0	5334.0	151.58536585365854	3724.542124542125	2542.0	520.0	-1.244019138755981	2012.0	-1.645933014354067	98.11559063023236	4785248.0	4.813397129186603	688.0	
2087.0	6.782608695652174	1629.0	1.8043478260869565	2240.0	0.14130434782608695	-57.0	0.08545727136431784	-0.2623688155922039	274.0	13789.0625	-0.41079460269865065	-175.0	30.173470056668158	33410.0	11405.0	-347.7134146341464	1065819.0	32526.214599609375	-157.10365853658539	-4709.0	5153.0	143.56707317073173	3721.611721611722	2540.0	856.0	-2.047846889952153	2240.0	-0.6507177033492823	98.11526653174444	4785280.0	5.358851674641148	272.0	
1998.0	7.739130434782608	1541.0	2.7717391304347827	2257.0	-0.043478260869565216	-57.0	0.08545727136431784	-0.2623688155922039	274.0	13798.828125	-0.41079460269865065	-175.0	30.173470056668158	33410.0	11688.0	-356.3414634146342	1066139.0	32535.980224609375	-148.8109756097561	-4554.0	4881.0	138.84146341463415	3724.542124542125	2542.0	944.0	-2.2583732057416266	2708.0	0.27751196172248804	98.11526653174444	4785280.0	6.4784688995215305	-116.0	
1939.0	8.891304347826086	1435.0	3.4130434782608696	2221.0	0.34782608695652173	-47.0	0.0704647676161919	-0.26686656671664166	300.0	13808.59375	-0.4497751124437781	-178.0	30.173470056668158	33410.0	12107.0	-369.1158536585366	1066459.0	32545.745849609375	-135.57926829268294	-4745.0	4447.0	144.66463414634148	3734.798534798535	2549.0	764.0	-1.8277511961722488	3248.0	1.1483253588516746	98.11526653174444	4785280.0	7.770334928229665	-480.0	
1876.0	9.304347826086957	1397.0	4.0978260869565215	2146.0	1.1630434782608696	-47.0	0.0704647676161919	-0.26686656671664166	300.0	13818.359375	-0.4497751124437781	-178.0	30.173470056668158	33410.0	12506.0	-381.2804878048781	1066779.0	32555.511474609375	-127.92682926829269	-5296.0	4196.0	161.46341463414635	3701.0989010989015	2526.0	404.0	-0.9665071770334928	3488.0	1.9425837320574162	98.11526653174444	4785280.0	8.344497607655502	-812.0	
1836.0	9.054347826086957	1420.0	4.532608695652174	2094.0	1.7282608695652173	-31.0	0.046476761619190406	-0.2638680659670165	338.0	13828.125	-0.5067466266866567	-176.0	30.173470056668158	33410.0	12955.0	-394.969512195122	1067099.0	32565.277099609375	-118.75000000000001	-6074.0	3895.0	185.1829268292683	3723.0769230769233	2541.0	168.0	-0.4019138755980861	3348.0	2.449760765550239	98.11526653174444	4785280.0	8.009569377990431	-1024.0	
1808.0	8.23913043478261	1495.0	4.83695652173913	2058.0	2.119565217391304	-24.0	0.035982008995502246	-0.24587706146926536	352.0	13837.890625	-0.527736131934033	-164.0	30.173470056668158	33410.0	13445.0	-409.9085365853659	1067419.0	32575.042724609375	-106.5548780487805	-6699.0	3495.0	204.2378048780488	3709.89010989011	2532.0	-48.0	0.11483253588516745	2964.0	2.755980861244019	98.11510448251404	4785296.0	7.090909090909091	-1152.0	
1777.0	7.326086956521739	1579.0	5.173913043478261	2049.0	2.217391304347826	-13.0	0.019490254872563718	-0.24887556221889054	381.0	13847.65625	-0.5712143928035982	-166.0	30.173470056668158	33410.0	13853.0	-422.3475609756098	1067739.0	32584.808349609375	-90.57926829268294	-7008.0	2971.0	213.65853658536588	3715.7509157509157	2536.0	-88.0	0.21052631578947367	2540.0	3.177033492822966	98.11510448251404	4785296.0	6.0765550239234445	-1328.0	
1725.0	7.326086956521739	1579.0	5.739130434782608	2104.0	1.6195652173913042	0.0	0.0	-0.2368815592203898	395.0	13857.421875	-0.5922038980509745	-158.0	30.173470056668158	33410.0	14024.0	-427.56097560975616	1068059.0	32594.573974609375	-69.54268292682927	-7429.0	2281.0	226.49390243902442	3705.4945054945056	2529.0	204.0	-0.4880382775119617	2560.0	3.9043062200956937	98.11510448251404	4785296.0	6.124401913875598	-1632.0	
1619.0	8.858695652173912	1438.0	6.891304347826087	2137.0	1.2608695652173914	17.0	-0.025487256371814093	-0.22788605697151423	421.0	13867.1875	-0.631184407796102	-152.0	30.173470056668158	33410.0	14098.0	-429.81707317073176	1068379.0	32604.339599609375	-44.35975609756098	-8429.0	1455.0	256.9817073170732	3696.703296703297	2523.0	316.0	-0.7559808612440191	3428.0	5.291866028708133	98.11510448251404	4785296.0	8.200956937799043	-2212.0	
1452.0	10.489130434782608	1288.0	8.706521739130434	2092.0	1.75	30.0	-0.04497751124437781	-0.21139430284857572	441.0	13876.953125	-0.6611694152923538	-141.0	30.173470056668158	33410.0	14401.0	-439.05487804878055	1068699.0	32614.105224609375	-17.621951219512198	-9290.0	578.0	283.2317073170732	3727.4725274725274	2544.0	180.0	-0.43062200956937796	3876.0	6.3349282296650715	98.11510448251404	4785296.0	9.272727272727272	-2648.0	
1308.0	10.043478260869565	1329.0	10.271739130434783	2072.0	1.967391304347826	48.0	-0.07196401799100449	-0.191904047976012	465.0	13886.71875	-0.697151424287856	-128.0	30.173470056668158	33410.0	14916.0	-454.75609756097566	1069019.0	32623.870849609375	9.725609756097562	-9241.0	-319.0	281.7378048780488	3720.1465201465203	2539.0	44.0	-0.10526315789473684	4040.0	8.344497607655502	98.11494243329271	4785312.0	9.665071770334928	-3488.0	
1186.0	7.673913043478261	1547.0	11.597826086956522	2020.0	2.532608695652174	62.0	-0.09295352323838081	-0.15592203898050974	483.0	13896.484375	-0.7241379310344828	-104.0	30.173470056668158	33410.0	15056.0	-459.0243902439025	1069339.0	32633.636474609375	31.85975609756098	-7430.0	-1045.0	226.52439024390247	3712.820512820513	2534.0	-196.0	0.4688995215311005	3068.0	9.952153110047847	98.11494243329271	4785312.0	7.339712918660287	-4160.0	
1051.0	5.043478260869565	1789.0	13.065217391304348	1955.0	3.2391304347826084	66.0	-0.09895052473763118	-0.13193403298350825	506.0	13906.25	-0.7586206896551724	-88.0	30.173470056668158	33410.0	14455.0	-440.70121951219517	1069659.0	32643.402099609375	45.518292682926834	-4185.0	-1493.0	127.59146341463416	3723.0769230769233	2541.0	-532.0	1.2727272727272727	1644.0	11.655502392344497	98.11494243329271	4785312.0	3.9330143540669855	-4872.0	
905.0	3.4782608695652173	1933.0	14.652173913043478	1904.0	3.793478260869565	72.0	-0.10794602698650674	-0.09895052473763118	513.0	13916.015625	-0.7691154422788605	-66.0	30.173470056668158	33410.0	13756.0	-419.39024390243907	1069979.0	32653.167724609375	43.993902439024396	93.0	-1443.0	-2.8353658536585367	3692.3076923076924	2520.0	-844.0	2.0191387559808613	736.0	13.636363636363637	98.11494243329271	4785312.0	1.7607655502392343	-5700.0	
791.0	4.4021739130434785	1848.0	15.891304347826086	1901.0	3.8260869565217392	74.0	-0.11094452773613193	-0.06446776611694152	530.0	13925.78125	-0.7946026986506747	-43.0	30.173470056668158	33410.0	13266.0	-404.45121951219517	1070299.0	32662.933349609375	32.713414634146346	4249.0	-1073.0	-129.5426829268293	3718.6813186813188	2538.0	-896.0	2.1435406698564594	960.0	15.129186602870814	98.11494243329271	4785312.0	2.2966507177033493	-6324.0	
722.0	8.456521739130434	1475.0	16.641304347826086	1929.0	3.5217391304347827	65.0	-0.09745127436281859	-0.04497751124437781	543.0	13935.546875	-0.8140929535232384	-30.0	30.188383004837668	33413.0	12209.0	-372.2256097560976	1070619.0	32672.698974609375	17.5609756097561	6915.0	-576.0	-210.82317073170734	3720.1465201465203	2539.0	-748.0	1.7894736842105263	2652.0	15.971291866028707	98.11745994649986	4785312.0	6.344497607655502	-6676.0	
662.0	14.695652173913043	901.0	17.293478260869566	1968.0	3.0978260869565215	61.0	-0.0914542728635682	-0.031484257871064465	556.0	13945.3125	-0.833583208395802	-21.0	30.188383004837668	33413.0	11122.0	-339.0853658536586	1070939.0	32682.464599609375	4.390243902439025	7459.0	-144.0	-227.40853658536588	3728.937728937729	2545.0	-496.0	1.186602870813397	5576.0	16.77511961722488	98.11745994649986	4785312.0	13.339712918660286	-7012.0	
599.0	19.77173913043478	434.0	17.97826086956522	1973.0	3.043478260869565	57.0	-0.08545727136431784	-0.004497751124437781	565.0	13955.078125	-0.8470764617691154	-3.0	30.188383004837668	33413.0	10964.0	-334.26829268292687	1071259.0	32692.230224609375	-5.609756097560976	6527.0	184.0	-198.9939024390244	3727.4725274725274	2544.0	-440.0	1.0526315789473684	8264.0	17.492822966507177	98.11745994649986	4785312.0	19.770334928229666	-7312.0	
608.0	21.02173913043478	319.0	17.880434782608695	1966.0	3.119565217391304	47.0	-0.0704647676161919	0.008995502248875561	573.0	13964.84375	-0.8590704647676162	6.0	30.188383004837668	33413.0	11118.0	-338.9634146341464	1071579.0	32701.995849609375	-10.670731707317074	4888.0	350.0	-149.02439024390245	3747.985347985348	2558.0	-452.0	1.0813397129186602	8924.0	17.43540669856459	98.11745994649986	4785312.0	21.349282296650717	-7288.0	
670.0	19.108695652173914	495.0	17.206521739130434	1976.0	3.010869565217391	48.0	-0.07196401799100449	0.031484257871064465	573.0	13974.609375	-0.8590704647676162	21.0	30.188383004837668	33413.0	10823.0	-329.969512195122	1071899.0	32711.761474609375	-11.890243902439025	3629.0	390.0	-110.64024390243904	3726.007326007326	2543.0	-444.0	1.062200956937799	7868.0	16.650717703349283	98.11745994649986	4785312.0	18.822966507177032	-6960.0	
750.0	16.717391304347824	715.0	16.33695652173913	2015.0	2.5869565217391304	45.0	-0.06746626686656672	0.047976011994003	586.0	13984.375	-0.8785607196401799	32.0	30.188383004837668	33413.0	10366.0	-316.0365853658537	1072219.0	32721.527099609375	-11.737804878048781	3804.0	385.0	-115.97560975609757	3718.6813186813188	2538.0	-308.0	0.7368421052631579	6756.0	15.68421052631579	98.13204476811877	4783872.0	16.16267942583732	-6556.0	
752.0	15.739130434782608	805.0	16.315217391304348	2027.0	2.4565217391304346	44.0	-0.06596701649175413	0.07346326836581708	588.0	13994.140625	-0.881559220389805	49.0	30.188383004837668	33413.0	9710.0	-296.0365853658537	1072539.0	32731.292724609375	-8.292682926829269	4636.0	272.0	-141.34146341463415	3711.3553113553116	2533.0	-212.0	0.507177033492823	6272.0	15.760765550239233	98.13204476811877	4783872.0	15.004784688995215	-6588.0	
761.0	16.282608695652172	755.0	16.217391304347824	2022.0	2.510869565217391	36.0	-0.05397301349325337	0.09295352323838081	594.0	14003.90625	-0.8905547226386806	62.0	30.188383004837668	33413.0	8513.0	-259.5426829268293	1072859.0	32741.058349609375	-12.103658536585368	5352.0	397.0	-163.1707317073171	3726.007326007326	2543.0	-244.0	0.5837320574162679	6556.0	15.636363636363635	98.13204476811877	4783872.0	15.68421052631579	-6536.0	
819.0	16.84782608695652	703.0	15.58695652173913	1985.0	2.9130434782608696	37.0	-0.05547226386806597	0.11394302848575712	593.0	14013.671875	-0.889055472263868	76.0	30.188383004837668	33413.0	7501.0	-228.68902439024393	1073179.0	32750.823974609375	-15.457317073170733	5463.0	507.0	-166.5548780487805	3718.6813186813188	2538.0	-424.0	1.014354066985646	6868.0	14.794258373205741	98.13204476811877	4783872.0	16.430622009569376	-6184.0	
881.0	16.83695652173913	704.0	14.91304347826087	1970.0	3.0760869565217392	37.0	-0.05547226386806597	0.12893553223388304	596.0	14023.4375	-0.8935532233883058	86.0	30.188383004837668	33413.0	6944.0	-211.70731707317074	1073499.0	32760.589599609375	-4.878048780487806	5252.0	160.0	-160.1219512195122	3689.37728937729	2518.0	-528.0	1.263157894736842	6864.0	14.133971291866029	98.13204476811877	4783872.0	16.421052631578945	-5908.0	
939.0	17.717391304347824	623.0	14.282608695652174	1952.0	3.2717391304347827	38.0	-0.05697151424287856	0.136431784107946	601.0	14033.203125	-0.9010494752623688	91.0	30.188383004837668	33413.0	5921.0	-180.51829268292684	1073819.0	32770.355224609375	-5.945121951219512	4517.0	195.0	-137.71341463414635	3727.4725274725274	2544.0	-540.0	1.2918660287081338	7016.0	13.827751196172247	98.13074833656057	4784000.0	16.784688995215312	-5780.0	
1035.0	18.92391304347826	512.0	13.239130434782608	1976.0	3.010869565217391	41.0	-0.06146926536731634	0.15592203898050974	598.0	14042.96875	-0.896551724137931	104.0	30.188383004837668	33413.0	4768.0	-145.3658536585366	1074139.0	32780.120849609375	-2.804878048780488	3383.0	92.0	-103.14024390243904	3733.3333333333335	2548.0	-480.0	1.1483253588516746	7600.0	12.77511961722488	98.13074833656057	4784000.0	18.18181818181818	-5340.0	
1159.0	19.02173913043478	503.0	11.891304347826086	2014.0	2.5978260869565215	30.0	-0.04497751124437781	0.1664167916041979	602.0	14052.734375	-0.9025487256371814	111.0	30.188383004837668	33413.0	3877.0	-118.20121951219514	1074459.0	32789.886474609375	1.5243902439024393	2441.0	-50.0	-74.42073170731707	3709.89010989011	2532.0	-276.0	0.6602870813397129	7920.0	11.291866028708133	98.13074833656057	4784000.0	18.94736842105263	-4720.0	
1241.0	18.42391304347826	558.0	11.0	2037.0	2.3478260869565215	38.0	-0.05697151424287856	0.18140929535232383	597.0	14062.5	-0.8950524737631184	121.0	30.188383004837668	33413.0	3273.0	-99.78658536585367	1074779.0	32799.652099609375	22.103658536585368	1872.0	-725.0	-57.07317073170732	3728.937728937729	2545.0	-200.0	0.4784688995215311	7592.0	9.942583732057416	98.13074833656057	4784000.0	18.162679425837318	-4156.0	
1291.0	18.23913043478261	575.0	10.456521739130434	2023.0	2.5	36.0	-0.05397301349325337	0.1874062968515742	601.0	14072.265625	-0.9010494752623688	125.0	30.188383004837668	33413.0	2053.0	-62.591463414634156	1075099.0	32809.417724609375	23.84146341463415	1458.0	-782.0	-44.451219512195124	3730.4029304029305	2546.0	-168.0	0.4019138755980861	7424.0	9.39712918660287	98.13074833656057	4784000.0	17.760765550239235	-3928.0	
1345.0	17.58695652173913	635.0	9.869565217391305	1982.0	2.9456521739130435	36.0	-0.05397301349325337	0.191904047976012	600.0	14082.03125	-0.8995502248875562	128.0	30.188383004837668	33413.0	1211.0	-36.920731707317074	1075419.0	32819.183349609375	31.768292682926834	1273.0	-1042.0	-38.8109756097561	3724.542124542125	2542.0	-348.0	0.8325358851674641	7232.0	8.650717703349281	98.12653493799844	4784416.0	17.301435406698563	-3616.0	
1408.0	16.33695652173913	750.0	9.184782608695652	1984.0	2.9239130434782608	34.0	-0.050974512743628186	0.1934032983508246	601.0	14091.796875	-0.9010494752623688	129.0	30.188383004837668	33413.0	599.0	-18.262195121951223	1075739.0	32828.948974609375	44.48170731707317	1246.0	-1459.0	-37.987804878048784	3731.868131868132	2547.0	-520.0	1.244019138755981	6688.0	7.894736842105263	98.12653493799844	4784416.0	16.0	-3300.0	
1466.0	15.75	804.0	8.554347826086957	2014.0	2.5978260869565215	23.0	-0.034482758620689655	0.19640179910044978	604.0	14101.5625	-0.9055472263868065	131.0	30.188383004837668	33413.0	-454.0	13.841463414634148	1076059.0	32838.714599609375	46.3719512195122	1508.0	-1521.0	-45.97560975609756	3715.7509157509157	2536.0	-144.0	0.34449760765550236	6228.0	7.224880382775119	98.12653493799844	4784416.0	14.899521531100477	-3020.0	
1497.0	16.369565217391305	747.0	8.217391304347826	1775.0	5.195652173913043	25.0	-0.037481259370314844	0.191904047976012	599.0	14111.328125	-0.8980509745127436	128.0	30.188383004837668	33413.0	-1632.0	49.75609756097561	1076379.0	32848.480224609375	26.432926829268297	2109.0	-867.0	-64.29878048780489	3724.542124542125	2542.0	-1288.0	3.0813397129186604	6564.0	6.784688995215311	98.12653493799844	4784416.0	15.70334928229665	-2836.0	
1592.0	16.684782608695652	718.0	7.184782608695652	1628.0	6.793478260869565	26.0	-0.038980509745127435	0.18440779610194902	604.0	14121.09375	-0.9055472263868065	123.0	30.188383004837668	33413.0	-1970.0	60.060975609756106	1076699.0	32858.245849609375	30.64024390243903	2009.0	-1005.0	-61.25000000000001	3737.7289377289376	2551.0	-2080.0	4.976076555023924	6788.0	5.55023923444976	98.12653493799844	4784416.0	16.239234449760765	-2320.0	
1622.0	16.934782608695652	695.0	6.858695652173913	1610.0	6.989130434782608	21.0	-0.031484257871064465	0.1889055472263868	602.0	14130.859375	-0.9025487256371814	126.0	30.188383004837668	33413.0	-2528.0	77.07317073170732	1077019.0	32868.011474609375	28.07926829268293	1583.0	-921.0	-48.26219512195122	3712.820512820513	2534.0	-2132.0	5.100478468899522	6896.0	5.177033492822966	98.12734520647734	4784336.0	16.497607655502392	-2164.0	
1636.0	16.67391304347826	719.0	6.706521739130435	1651.0	6.543478260869565	17.0	-0.025487256371814093	0.17241379310344826	602.0	14140.625	-0.9025487256371814	115.0	30.188383004837668	33413.0	-3032.0	92.43902439024392	1077339.0	32877.777099609375	21.402439024390247	1013.0	-702.0	-30.884146341463417	3724.542124542125	2542.0	-1912.0	4.574162679425837	6768.0	5.119617224880383	98.12734520647734	4784336.0	16.19138755980861	-2140.0	
1649.0	15.826086956521738	797.0	6.565217391304348	1700.0	6.010869565217392	16.0	-0.0239880059970015	0.15592203898050974	601.0	14150.390625	-0.9010494752623688	104.0	30.188383004837668	33413.0	-3239.0	98.75000000000001	1077659.0	32887.542724609375	19.05487804878049	221.0	-625.0	-6.737804878048781	3706.959706959707	2530.0	-1708.0	4.086124401913875	6376.0	4.880382775119617	98.12734520647734	4784336.0	15.253588516746412	-2040.0	
1652.0	14.869565217391305	885.0	6.532608695652174	1745.0	5.521739130434782	23.0	-0.034482758620689655	0.1649175412293853	605.0	14160.15625	-0.9070464767616192	110.0	30.188383004837668	33413.0	-3437.0	104.78658536585367	1077979.0	32897.308349609375	19.207317073170735	-539.0	-630.0	16.432926829268293	3720.1465201465203	2539.0	-1508.0	3.6076555023923444	5940.0	4.8708133971291865	98.12734520647734	4784336.0	14.210526315789473	-2036.0	
1632.0	14.097826086956522	956.0	6.75	1791.0	5.021739130434782	17.0	-0.025487256371814093	0.15292353823088456	601.0	14169.921875	-0.9010494752623688	102.0	30.188383004837668	33413.0	-3772.0	115.00000000000001	1078299.0	32907.073974609375	20.823170731707318	-1163.0	-683.0	35.457317073170735	3702.5641025641025	2527.0	-1284.0	3.0717703349282295	5576.0	5.167464114832535	98.12734520647734	4784336.0	13.339712918660286	-2160.0	
1611.0	13.456521739130434	1015.0	6.978260869565217	1907.0	3.760869565217391	13.0	-0.019490254872563718	0.14692653673163417	607.0	14179.6875	-0.9100449775112444	98.0	30.188383004837668	33413.0	-4131.0	125.94512195121952	1078619.0	32916.839599609375	25.884146341463417	-1421.0	-849.0	43.32317073170732	3693.772893772894	2521.0	-984.0	2.354066985645933	5396.0	5.301435406698564	98.12248359899941	4784816.0	12.909090909090908	-2216.0	
1596.0	13.467391304347826	1014.0	7.141304347826087	2055.0	2.152173913043478	13.0	-0.019490254872563718	0.1424287856071964	603.0	14189.453125	-0.9040479760119939	95.0	30.188383004837668	33413.0	-4601.0	140.27439024390245	1078939.0	32926.605224609375	33.35365853658537	-1400.0	-1094.0	42.6829268292683	3731.868131868132	2547.0	-296.0	0.708133971291866	5260.0	5.492822966507177	98.12248359899941	4784816.0	12.583732057416267	-2296.0	
1576.0	14.26086956521739	941.0	7.358695652173913	2172.0	0.8804347826086957	11.0	-0.01649175412293853	0.12293853073463268	601.0	14199.21875	-0.9010494752623688	82.0	30.188383004837668	33413.0	-5286.0	161.15853658536588	1079259.0	32936.370849609375	41.85975609756098	-1127.0	-1373.0	34.359756097560975	3739.194139194139	2552.0	408.0	-0.9760765550239234	5492.0	5.655502392344498	98.12248359899941	4784816.0	13.138755980861243	-2364.0	
1535.0	15.597826086956522	818.0	7.804347826086956	2235.0	0.19565217391304346	12.0	-0.017991004497751123	0.11244377811094453	599.0	14208.984375	-0.8980509745127436	75.0	30.188383004837668	33413.0	-6059.0	184.72560975609758	1079579.0	32946.136474609375	50.57926829268293	-800.0	-1659.0	24.39024390243903	3711.3553113553116	2533.0	768.0	-1.8373205741626792	6072.0	6.15311004784689	98.12248359899941	4784816.0	14.526315789473683	-2572.0	
1500.0	16.869565217391305	701.0	8.184782608695652	2281.0	-0.30434782608695654	5.0	-0.0074962518740629685	0.095952023988006	597.0	14218.75	-0.8950524737631184	64.0	30.188383004837668	33413.0	-6700.0	204.26829268292684	1079899.0	32955.902099609375	61.40243902439025	-306.0	-2014.0	9.329268292682928	3731.868131868132	2547.0	940.0	-2.248803827751196	6776.0	6.669856459330143	98.12248359899941	4784816.0	16.210526315789473	-2788.0	
1432.0	16.858695652173914	702.0	8.92391304347826	2356.0	-1.1195652173913042	4.0	-0.005997001499250375	0.08395802098950525	593.0	14228.515625	-0.889055472263868	56.0	30.188383004837668	33413.0	-7027.0	214.2378048780488	1080219.0	32965.667724609375	80.21341463414635	80.0	-2631.0	-2.439024390243903	3696.703296703297	2523.0	1300.0	-3.110047846889952	6764.0	7.368421052631579	98.12118717171491	4784944.0	16.18181818181818	-3080.0	
1385.0	17.23913043478261	667.0	9.434782608695652	2450.0	-2.141304347826087	1.0	-0.0014992503748125937	0.06446776611694152	594.0	14238.28125	-0.8905547226386806	43.0	30.188383004837668	33413.0	-7737.0	235.88414634146343	1080539.0	32975.433349609375	88.84146341463415	651.0	-2914.0	-19.847560975609756	3711.3553113553116	2533.0	1772.0	-4.239234449760765	6920.0	7.980861244019138	98.12118717171491	4784944.0	16.555023923444974	-3336.0	
1380.0	17.141304347826086	676.0	9.48913043478261	2585.0	-3.608695652173913	-5.0	0.0074962518740629685	0.06146926536731634	595.0	14248.046875	-0.8920539730134932	41.0	30.188383004837668	33413.0	-8216.0	250.4878048780488	1080859.0	32985.198974609375	109.93902439024392	1735.0	-3606.0	-52.896341463414636	3712.820512820513	2534.0	2352.0	-5.626794258373206	7004.0	7.971291866028708	98.12118717171491	4784944.0	16.75598086124402	-3332.0	
1353.0	17.793478260869566	616.0	9.782608695652174	2684.0	-4.684782608695652	-14.0	0.020989505247376312	0.035982008995502246	591.0	14257.8125	-0.8860569715142429	24.0	30.188383004837668	33413.0	-8908.0	271.5853658536586	1081179.0	32994.964599609375	131.82926829268294	2589.0	-4324.0	-78.9329268292683	3711.3553113553116	2533.0	2952.0	-7.062200956937799	7132.0	8.430622009569378	98.12118717171491	4784944.0	17.062200956937797	-3524.0	
1348.0	18.97826086956522	507.0	9.83695652173913	2738.0	-5.271739130434782	-13.0	0.019490254872563718	0.017991004497751123	581.0	14267.578125	-0.8710644677661169	12.0	30.188383004837668	33413.0	-9459.0	288.38414634146346	1081499.0	33004.730224609375	152.13414634146343	2713.0	-4990.0	-82.71341463414635	3726.007326007326	2543.0	3212.0	-7.684210526315789	7776.0	8.344497607655502	98.12118717171491	4784944.0	18.60287081339713	-3488.0	
1383.0	19.48913043478261	460.0	9.456521739130434	2832.0	-6.293478260869565	-31.0	0.046476761619190406	-0.0029985007496251873	576.0	14277.34375	-0.8635682158920539	-2.0	30.188383004837668	33413.0	-9883.0	301.3109756097561	1081819.0	33014.495849609375	181.12804878048783	2536.0	-5941.0	-77.31707317073172	3734.798534798535	2549.0	3680.0	-8.803827751196172	8036.0	7.875598086124402	98.12199743869981	4784864.0	19.22488038277512	-3292.0	
1361.0	19.695652173913043	441.0	9.695652173913043	2929.0	-7.3478260869565215	-35.0	0.05247376311844078	-0.029985007496251874	568.0	14287.109375	-0.8515742128935532	-20.0	30.188383004837668	33413.0	-10320.0	314.63414634146346	1082139.0	33024.261474609375	208.65853658536588	2388.0	-6844.0	-72.8048780487805	3715.7509157509157	2536.0	4160.0	-9.952153110047847	8112.0	8.220095693779903	98.12199743869981	4784864.0	19.406698564593302	-3436.0	
1346.0	19.09782608695652	496.0	9.858695652173912	3005.0	-8.17391304347826	-50.0	0.07496251874062969	-0.05397301349325337	560.0	14296.875	-0.8395802098950524	-36.0	30.188383004837668	33413.0	-10783.0	328.75000000000006	1082459.0	33034.027099609375	232.74390243902442	2398.0	-7634.0	-73.10975609756098	3730.4029304029305	2546.0	4532.0	-10.842105263157894	7812.0	8.421052631578947	98.12199743869981	4784864.0	18.688995215311003	-3520.0	
1321.0	18.27173913043478	572.0	10.130434782608695	3051.0	-8.67391304347826	-60.0	0.08995502248875561	-0.0704647676161919	552.0	14306.640625	-0.8275862068965517	-47.0	30.188383004837668	33413.0	-11098.0	338.3536585365854	1082779.0	33043.792724609375	258.38414634146346	2523.0	-8475.0	-76.92073170731707	3708.4249084249086	2531.0	4736.0	-11.330143540669855	7424.0	8.62200956937799	98.12199743869981	4784864.0	17.760765550239235	-3604.0	
1315.0	17.695652173913043	625.0	10.195652173913043	3087.0	-9.065217391304348	-75.0	0.11244377811094453	-0.08995502248875561	542.0	14316.40625	-0.8125937031484257	-60.0	30.188383004837668	33413.0	-11350.0	346.0365853658537	1083099.0	33053.558349609375	284.4207317073171	2519.0	-9329.0	-76.79878048780489	3721.611721611722	2540.0	4912.0	-11.751196172248804	7168.0	8.717703349282296	98.12199743869981	4784864.0	17.148325358851675	-3644.0	
1329.0	17.184782608695652	672.0	10.043478260869565	3176.0	-10.032608695652174	-86.0	0.12893553223388304	-0.1169415292353823	527.0	14326.171875	-0.7901049475262368	-78.0	30.188383004837668	33413.0	-11505.0	350.76219512195127	1083419.0	33063.323974609375	309.39024390243907	2245.0	-10148.0	-68.44512195121952	3712.820512820513	2534.0	5384.0	-12.880382775119617	6956.0	8.287081339712918	98.11940458514489	4785120.0	16.641148325358852	-3464.0	
1341.0	17.130434782608695	677.0	9.91304347826087	3247.0	-10.804347826086957	-100.0	0.14992503748125938	-0.13793103448275862	511.0	14335.9375	-0.7661169415292354	-92.0	30.188383004837668	33413.0	-11666.0	355.6707317073171	1083739.0	33073.089599609375	333.38414634146346	1925.0	-10935.0	-58.68902439024391	3692.3076923076924	2520.0	5536.0	-13.24401913875598	6932.0	8.239234449760765	98.11940458514489	4785120.0	16.583732057416267	-3444.0	
1282.0	16.934782608695652	695.0	10.554347826086957	3263.0	-10.978260869565217	-119.0	0.17841079460269865	-0.14392803598200898	497.0	14345.703125	-0.7451274362818591	-96.0	30.188383004837668	33413.0	-12066.0	367.8658536585366	1084059.0	33082.855224609375	357.56097560975616	1825.0	-11728.0	-55.64024390243903	3724.542124542125	2542.0	5772.0	-13.808612440191387	6908.0	8.669856459330143	98.11940458514489	4785120.0	16.526315789473685	-3624.0	
1218.0	16.163043478260867	766.0	11.25	3242.0	-10.75	-131.0	0.19640179910044978	-0.17391304347826086	479.0	14355.46875	-0.7181409295352323	-116.0	30.188383004837668	33413.0	-12235.0	373.01829268292687	1084379.0	33092.620849609375	379.4207317073171	1803.0	-12445.0	-54.96951219512196	3739.194139194139	2552.0	5736.0	-13.722488038277511	6580.0	9.607655502392344	98.11940458514489	4785120.0	15.741626794258373	-4016.0	
1182.0	15.434782608695652	833.0	11.641304347826086	3178.0	-10.054347826086957	-144.0	0.21589205397301348	-0.17991004497751123	452.0	14365.234375	-0.6776611694152923	-120.0	30.188383004837668	33413.0	-12359.0	376.7987804878049	1084699.0	33102.386474609375	394.2987804878049	1963.0	-12933.0	-59.84756097560976	3705.4945054945056	2529.0	5484.0	-13.119617224880383	6272.0	10.066985645933014	98.11940458514489	4785120.0	15.004784688995215	-4208.0	
1185.0	14.293478260869565	938.0	11.608695652173912	3060.0	-8.771739130434783	-158.0	0.2368815592203898	-0.19490254872563717	426.0	14375.0	-0.6386806596701649	-130.0	30.188383004837668	33413.0	-12435.0	379.1158536585366	1085019.0	33112.152099609375	408.32317073170736	2031.0	-13393.0	-61.92073170731708	3739.194139194139	2552.0	4900.0	-11.722488038277511	5748.0	10.200956937799043	98.11940458514489	4785120.0	13.751196172248804	-4264.0	
1219.0	13.391304347826086	1021.0	11.239130434782608	3022.0	-8.358695652173912	-170.0	0.25487256371814093	-0.20089955022488756	404.0	14384.765625	-0.6056971514242878	-134.0	30.188383004837668	33413.0	-12481.0	380.51829268292687	1085339.0	33121.917724609375	418.6585365853659	2050.0	-13732.0	-62.50000000000001	3711.3553113553116	2533.0	4640.0	-11.10047846889952	5288.0	9.84688995215311	98.11940458514489	4785120.0	12.650717703349281	-4116.0	
1225.0	13.195652173913043	1039.0	11.17391304347826	2977.0	-7.869565217391304	-178.0	0.26686656671664166	-0.21139430284857572	377.0	14394.53125	-0.5652173913043478	-141.0	30.188383004837668	33413.0	-12357.0	376.7378048780488	1085659.0	33131.683349609375	427.19512195121956	1890.0	-14012.0	-57.6219512195122	3708.4249084249086	2531.0	4432.0	-10.602870813397129	5228.0	9.598086124401913	98.11940458514489	4785120.0	12.507177033492823	-4012.0	
1206.0	12.478260869565217	1105.0	11.380434782608695	2884.0	-6.858695652173913	-185.0	0.2773613193403298	-0.2143928035982009	341.0	14404.296875	-0.5112443778110944	-143.0	30.188383004837668	33413.0	-12049.0	367.3475609756098	1085979.0	33141.448974609375	433.0487804878049	1640.0	-14204.0	-50.00000000000001	3720.1465201465203	2539.0	4004.0	-9.578947368421053	4948.0	9.789473684210526	98.11940458514489	4785120.0	11.837320574162678	-4092.0	
1227.0	11.391304347826086	1205.0	11.152173913043478	2786.0	-5.793478260869565	-191.0	0.2863568215892054	-0.21589205397301348	317.0	14414.0625	-0.4752623688155922	-144.0	30.188383004837668	33413.0	-11788.0	359.39024390243907	1086299.0	33151.214599609375	431.12804878048786	1555.0	-14141.0	-47.40853658536586	3711.3553113553116	2533.0	3512.0	-8.401913875598085	4456.0	9.665071770334928	98.11940458514489	4785120.0	10.660287081339712	-4040.0	
1282.0	9.956521739130434	1337.0	10.554347826086957	2730.0	-5.184782608695652	-194.0	0.2908545727136432	-0.21139430284857572	280.0	14423.828125	-0.4197901049475262	-141.0	30.188383004837668	33413.0	-11534.0	351.6463414634147	1086619.0	33160.980224609375	427.68292682926835	1672.0	-14028.0	-50.97560975609757	3734.798534798535	2549.0	3212.0	-7.684210526315789	3740.0	8.899521531100477	98.11762199967049	4785296.0	8.947368421052632	-3720.0	
1363.0	9.076086956521738	1418.0	9.67391304347826	2724.0	-5.119565217391304	-192.0	0.28785607196401797	-0.20689655172413793	256.0	14433.59375	-0.383808095952024	-138.0	30.188383004837668	33413.0	-11324.0	345.2439024390244	1086939.0	33170.745849609375	422.7134146341464	2402.0	-13865.0	-73.23170731707317	3752.3809523809523	2561.0	3268.0	-7.8181818181818175	3328.0	7.913875598086124	98.11762199967049	4785296.0	7.961722488038277	-3308.0	
1428.0	8.565217391304348	1465.0	8.967391304347826	2735.0	-5.239130434782608	-198.0	0.29685157421289354	-0.19790104947526235	220.0	14443.359375	-0.3298350824587706	-132.0	30.188383004837668	33413.0	-10974.0	334.57317073170736	1087259.0	33180.511474609375	417.3475609756098	3262.0	-13689.0	-99.45121951219514	3736.2637362637365	2550.0	3248.0	-7.770334928229665	3068.0	7.157894736842105	98.11762199967049	4785296.0	7.339712918660287	-2992.0	
1495.0	8.021739130434783	1515.0	8.23913043478261	2623.0	-4.021739130434782	-194.0	0.2908545727136432	-0.18140929535232383	195.0	14453.125	-0.29235382308845576	-121.0	30.188383004837668	33413.0	-10402.0	317.13414634146346	1087579.0	33190.277099609375	410.36585365853665	4022.0	-13460.0	-122.62195121951221	3723.0769230769233	2541.0	2664.0	-6.373205741626794	2868.0	6.287081339712919	98.11762199967049	4785296.0	6.861244019138756	-2628.0	
1590.0	7.630434782608695	1551.0	7.206521739130435	2561.0	-3.3478260869565215	-198.0	0.29685157421289354	-0.17391304347826086	167.0	14462.890625	-0.25037481259370314	-116.0	30.188383004837668	33413.0	-9699.0	295.70121951219517	1087899.0	33200.042724609375	403.8414634146342	4528.0	-13246.0	-138.0487804878049	3702.5641025641025	2527.0	2372.0	-5.6746411483253585	2684.0	5.100478468899522	98.11762199967049	4785296.0	6.421052631578947	-2132.0	
1676.0	7.445652173913043	1568.0	6.271739130434782	2468.0	-2.3369565217391304	-190.0	0.2848575712143928	-0.15142428785607195	140.0	14472.65625	-0.2098950524737631	-101.0	30.188383004837668	33413.0	-9105.0	277.5914634146342	1088219.0	33209.808349609375	396.12804878048786	4863.0	-12993.0	-148.26219512195124	3724.542124542125	2542.0	1924.0	-4.6028708133971294	2604.0	4.181818181818182	98.11794610603889	4785264.0	6.229665071770334	-1748.0	
1714.0	6.934782608695652	1615.0	5.858695652173913	2370.0	-1.2717391304347825	-187.0	0.280359820089955	-0.13493253373313344	115.0	14482.421875	-0.17241379310344826	-90.0	30.188383004837668	33413.0	-8442.0	257.3780487804878	1088539.0	33219.573974609375	386.6768292682927	5301.0	-12683.0	-161.6158536585366	3708.4249084249086	2531.0	1456.0	-3.4832535885167464	2348.0	3.5789473684210527	98.11794610603889	4785264.0	5.617224880382775	-1496.0	
1750.0	6.326086956521739	1671.0	5.467391304347826	2305.0	-0.5652173913043478	-180.0	0.2698650674662669	-0.1184407796101949	96.0	14492.1875	-0.14392803598200898	-79.0	30.188383004837668	33413.0	-7862.0	239.69512195121953	1088859.0	33229.339599609375	374.6036585365854	5559.0	-12287.0	-169.4817073170732	3701.0989010989015	2526.0	1256.0	-3.004784688995215	2200.0	3.4736842105263155	98.11794610603889	4785264.0	5.263157894736842	-1452.0	
1769.0	6.358695652173913	1668.0	5.260869565217392	2277.0	-0.2608695652173913	-171.0	0.2563718140929535	-0.09895052473763118	84.0	14501.953125	-0.12593703148425786	-66.0	30.188383004837668	33413.0	-7173.0	218.68902439024393	1089179.0	33239.105224609375	359.26829268292687	6019.0	-11784.0	-183.50609756097563	3724.542124542125	2542.0	1188.0	-2.8421052631578947	2100.0	3.2344497607655502	98.11794610603889	4785264.0	5.023923444976076	-1352.0	
1797.0	6.1521739130434785	1687.0	4.956521739130435	2172.0	0.8804347826086957	-165.0	0.24737631184407796	-0.07946026986506746	65.0	14511.71875	-0.09745127436281859	-53.0	30.188383004837668	33413.0	-6436.0	196.21951219512198	1089499.0	33248.870849609375	341.4329268292683	6369.0	-11199.0	-194.1768292682927	3740.6593406593406	2553.0	756.0	-1.8086124401913874	2088.0	2.9952153110047846	98.11794610603889	4785264.0	4.9952153110047846	-1252.0	
1844.0	5.760869565217392	1723.0	4.445652173913043	2116.0	1.4891304347826086	-161.0	0.24137931034482757	-0.05997001499250375	41.0	14521.484375	-0.06146926536731634	-40.0	30.188383004837668	33413.0	-5729.0	174.66463414634148	1089819.0	33258.636474609375	322.1646341463415	6457.0	-10567.0	-196.859756097561	3708.4249084249086	2531.0	360.0	-0.8612440191387559	1868.0	2.526315789473684	98.11664968078259	4785392.0	4.4688995215311005	-1056.0	
1900.0	5.6521739130434785	1733.0	3.8369565217391304	2077.0	1.9130434782608696	-155.0	0.23238380809595202	-0.05397301349325337	34.0	14531.25	-0.050974512743628186	-36.0	30.188383004837668	33413.0	-5092.0	155.2439024390244	1090139.0	33268.402099609375	303.07926829268297	6433.0	-9941.0	-196.12804878048783	3742.124542124542	2554.0	208.0	-0.49760765550239233	1772.0	1.9617224880382775	98.11664968078259	4785392.0	4.239234449760765	-820.0	
1939.0	5.858695652173913	1714.0	3.4130434782608696	2023.0	2.5	-140.0	0.2098950524737631	-0.029985007496251874	20.0	14541.015625	-0.029985007496251874	-20.0	30.188383004837668	33413.0	-4300.0	131.09756097560978	1090459.0	33278.167724609375	282.5914634146342	6203.0	-9269.0	-189.1158536585366	3695.2380952380954	2522.0	-64.0	0.15311004784688995	1920.0	1.368421052631579	98.11664968078259	4785392.0	4.5933014354066986	-572.0	
1949.0	6.010869565217392	1700.0	3.3043478260869565	1974.0	3.032608695652174	-133.0	0.19940029985007496	-0.017991004497751123	9.0	14550.78125	-0.013493253373313342	-12.0	30.188383004837668	33413.0	-3683.0	112.28658536585367	1090779.0	33287.933349609375	261.76829268292687	5816.0	-8586.0	-177.31707317073173	3712.820512820513	2534.0	-356.0	0.8516746411483254	1996.0	1.186602870813397	98.11664968078259	4785392.0	4.77511961722488	-496.0	
1949.0	5.869565217391304	1713.0	3.3043478260869565	1945.0	3.3478260869565215	-129.0	0.1934032983508246	-0.0074962518740629685	4.0	14560.546875	-0.005997001499250375	-5.0	30.188383004837668	33413.0	-3187.0	97.16463414634147	1091099.0	33297.698974609375	240.33536585365857	5370.0	-7883.0	-163.71951219512198	3720.1465201465203	2539.0	-488.0	1.1674641148325358	1916.0	1.1196172248803826	98.11664968078259	4785392.0	4.583732057416268	-468.0	
1955.0	5.608695652173913	1737.0	3.2391304347826084	1914.0	3.684782608695652	-125.0	0.1874062968515742	0.005997001499250375	-5.0	14570.3125	0.0074962518740629685	4.0	30.188383004837668	33413.0	-2642.0	80.54878048780489	1091419.0	33307.464599609375	218.1707317073171	5008.0	-7156.0	-152.6829268292683	3718.6813186813188	2538.0	-652.0	1.5598086124401913	1812.0	1.1674641148325358	98.11891842536139	4785168.0	4.3349282296650715	-488.0	
1943.0	5.304347826086956	1765.0	3.369565217391304	1857.0	4.304347826086956	-119.0	0.17841079460269865	0.019490254872563718	-11.0	14580.078125	0.01649175412293853	13.0	30.188383004837668	33413.0	-2235.0	68.14024390243902	1091739.0	33317.230224609375	196.58536585365854	4751.0	-6448.0	-144.84756097560978	3736.2637362637365	2550.0	-864.0	2.0669856459330145	1660.0	1.3301435406698565	98.11891842536139	4785168.0	3.9712918660287078	-556.0	
1926.0	4.880434782608695	1804.0	3.5543478260869565	1802.0	4.9021739130434785	-112.0	0.1679160419790105	0.026986506746626684	-18.0	14589.84375	0.026986506746626684	18.0	30.188383004837668	33413.0	-1819.0	55.457317073170735	1092059.0	33326.995849609375	174.2987804878049	4452.0	-5717.0	-135.7317073170732	3753.846153846154	2562.0	-1136.0	2.7177033492822966	1488.0	1.5311004784688995	98.11891842536139	4785168.0	3.5598086124401913	-640.0	
1926.0	4.532608695652174	1836.0	3.5543478260869565	1775.0	5.195652173913043	-108.0	0.1619190404797601	0.02848575712143928	-24.0	14599.609375	0.035982008995502246	19.0	30.188383004837668	33413.0	-1417.0	43.201219512195124	1092379.0	33336.761474609375	151.4939024390244	4124.0	-4969.0	-125.73170731707319	3712.820512820513	2534.0	-1324.0	3.1674641148325358	1328.0	1.5598086124401913	98.11891842536139	4785168.0	3.177033492822966	-652.0	
1887.0	4.358695652173913	1852.0	3.9782608695652173	1681.0	6.217391304347826	-101.0	0.15142428785607195	0.04497751124437781	-29.0	14609.375	0.043478260869565216	30.0	30.188383004837668	33413.0	-1021.0	31.12804878048781	1092699.0	33346.527099609375	125.3048780487805	3538.0	-4110.0	-107.8658536585366	3721.611721611722	2540.0	-1816.0	4.344497607655502	1240.0	2.1913875598086126	98.11891842536139	4785168.0	2.9665071770334928	-916.0	
1844.0	4.0	1885.0	4.445652173913043	1629.0	6.782608695652174	-100.0	0.14992503748125938	0.04497751124437781	-15.0	14619.140625	0.022488755622188904	30.0	30.188383004837668	33413.0	-570.0	17.378048780487806	1093019.0	33356.292724609375	97.53048780487806	3273.0	-3199.0	-99.78658536585367	3711.3553113553116	2533.0	-2052.0	4.909090909090909	1052.0	2.650717703349282	98.11632557455906	4785424.0	2.5167464114832536	-1108.0	
1847.0	3.010869565217391	1976.0	4.413043478260869	1493.0	8.26086956521739	-99.0	0.14842578710644677	0.041979010494752625	-26.0	14628.90625	0.038980509745127435	28.0	30.188383004837668	33413.0	-9.0	0.27439024390243905	1093339.0	33366.058349609375	63.41463414634147	2772.0	-2080.0	-84.51219512195122	3718.6813186813188	2538.0	-2740.0	6.555023923444976	620.0	2.602870813397129	98.11632557455906	4785424.0	1.4832535885167464	-1088.0	
1856.0	2.293478260869565	2042.0	4.315217391304348	1435.0	8.891304347826086	-94.0	0.1409295352323838	0.047976011994003	-23.0	14638.671875	0.034482758620689655	32.0	30.188383004837668	33413.0	572.0	-17.439024390243905	1093659.0	33375.823974609375	36.737804878048784	2337.0	-1205.0	-71.25	3708.4249084249086	2531.0	-2940.0	7.033492822966507	452.0	2.478468899521531	98.11632557455906	4785424.0	1.0813397129186602	-1036.0	
1899.0	1.7717391304347825	2090.0	3.8478260869565215	1466.0	8.554347826086957	-96.0	0.14392803598200898	0.046476761619190406	-24.0	14648.4375	0.035982008995502246	31.0	30.188383004837668	33413.0	1158.0	-35.30487804878049	1093979.0	33385.589599609375	11.189024390243903	1748.0	-367.0	-53.29268292682927	3720.1465201465203	2539.0	-2920.0	6.985645933014354	156.0	2.0956937799043063	98.11632557455906	4785424.0	0.37320574162679426	-876.0	
1927.0	1.891304347826087	2079.0	3.543478260869565	1573.0	7.391304347826087	-96.0	0.14392803598200898	0.04497751124437781	-27.0	14658.203125	0.04047976011994003	30.0	30.188383004837668	33413.0	1486.0	-45.304878048780495	1094299.0	33395.355224609375	-7.713414634146342	1254.0	253.0	-38.23170731707317	3721.611721611722	2540.0	-2456.0	5.875598086124402	32.0	1.5406698564593302	98.11632557455906	4785424.0	0.07655502392344497	-644.0	
1978.0	2.684782608695652	2006.0	2.9891304347826084	1697.0	6.043478260869565	-107.0	0.16041979010494753	0.04947526236881559	-21.0	14667.96875	0.031484257871064465	33.0	30.188383004837668	33413.0	1975.0	-60.213414634146346	1094619.0	33405.120849609375	-27.926829268292686	534.0	916.0	-16.28048780487805	3746.5201465201467	2557.0	-1828.0	4.373205741626794	404.0	1.1100478468899522	98.11519120306191	4785536.0	0.9665071770334928	-464.0	
1995.0	3.652173913043478	1917.0	2.8043478260869565	1807.0	4.8478260869565215	-101.0	0.15142428785607195	0.034482758620689655	-25.0	14677.734375	0.037481259370314844	23.0	30.188383004837668	33413.0	2518.0	-76.76829268292684	1094939.0	33414.886474609375	-35.82317073170732	-266.0	1175.0	8.109756097560977	3708.4249084249086	2531.0	-1296.0	3.1004784688995213	880.0	0.7559808612440191	98.11519120306191	4785536.0	2.1052631578947367	-316.0	
1999.0	3.75	1908.0	2.760869565217391	1851.0	4.369565217391305	-106.0	0.15892053973013492	0.026986506746626684	-21.0	14687.5	0.031484257871064465	18.0	30.188383004837668	33413.0	2937.0	-89.54268292682927	1095259.0	33424.652099609375	-52.987804878048784	-1083.0	1738.0	33.018292682926834	3739.194139194139	2552.0	-972.0	2.325358851674641	1004.0	0.8516746411483254	98.11519120306191	4785536.0	2.401913875598086	-356.0	
2019.0	2.6739130434782608	2007.0	2.543478260869565	1881.0	4.043478260869565	-104.0	0.15592203898050974	0.01649175412293853	-15.0	14697.265625	0.022488755622188904	11.0	30.188383004837668	33413.0	3443.0	-104.96951219512196	1095579.0	33434.417724609375	-67.28658536585367	-1383.0	2207.0	42.16463414634147	3686.4468864468863	2516.0	-848.0	2.028708133971292	576.0	0.5933014354066986	98.11519120306191	4785536.0	1.3779904306220094	-248.0	
2029.0	1.6739130434782608	2099.0	2.4347826086956523	1865.0	4.217391304347826	-109.0	0.1634182908545727	0.010494752623688156	-12.0	14707.03125	0.017991004497751123	7.0	30.188383004837668	33413.0	3894.0	-118.71951219512196	1095899.0	33444.183349609375	-82.6829268292683	-1229.0	2712.0	37.46951219512196	3706.959706959707	2530.0	-936.0	2.2392344497607652	44.0	0.37320574162679426	98.11519120306191	4785536.0	0.10526315789473684	-156.0	
2042.0	1.108695652173913	2151.0	2.293478260869565	1850.0	4.380434782608695	-112.0	0.1679160419790105	-0.0014992503748125937	-7.0	14716.796875	0.010494752623688156	-1.0	30.188383004837668	33413.0	4423.0	-134.84756097560978	1096219.0	33453.948974609375	-98.78048780487806	-938.0	3240.0	28.59756097560976	3718.6813186813188	2538.0	-1028.0	2.4593301435406696	-252.0	0.12440191387559808	98.11697378704234	4785360.0	-0.6028708133971291	-52.0	
2060.0	1.184782608695652	2144.0	2.0978260869565215	1854.0	4.33695652173913	-119.0	0.17841079460269865	-0.014992503748125937	5.0	14726.5625	-0.0074962518740629685	-10.0	30.188383004837668	33413.0	4988.0	-152.07317073170734	1096539.0	33463.714599609375	-113.10975609756099	-789.0	3710.0	24.05487804878049	3712.820512820513	2534.0	-996.0	2.3827751196172247	-220.0	-0.10526315789473684	98.11697378704234	4785360.0	-0.5263157894736842	44.0	
2045.0	1.7391304347826086	2093.0	2.260869565217391	1881.0	4.043478260869565	-119.0	0.17841079460269865	-0.014992503748125937	5.0	14736.328125	-0.0074962518740629685	-10.0	30.188383004837668	33413.0	5555.0	-169.359756097561	1096859.0	33473.480224609375	-126.92073170731709	-907.0	4163.0	27.652439024390247	3727.4725274725274	2544.0	-852.0	2.0382775119617222	60.0	-0.09569377990430622	98.11697378704234	4785360.0	0.14354066985645933	40.0	
2053.0	2.4130434782608696	2031.0	2.1739130434782608	1918.0	3.641304347826087	-133.0	0.19940029985007496	-0.041979010494752625	8.0	14746.09375	-0.01199400299850075	-28.0	30.188383004837668	33413.0	6160.0	-187.8048780487805	1097179.0	33483.245849609375	-138.20121951219514	-1285.0	4533.0	39.176829268292686	3750.915750915751	2560.0	-600.0	1.4354066985645932	388.0	-0.06698564593301436	98.11697378704234	4785360.0	0.9282296650717703	28.0	
2050.0	2.9565217391304346	1981.0	2.2065217391304346	1982.0	2.9456521739130435	-133.0	0.19940029985007496	-0.041979010494752625	8.0	14755.859375	-0.01199400299850075	-28.0	30.188383004837668	33413.0	6773.0	-206.4939024390244	1097499.0	33493.011474609375	-146.9207317073171	-1850.0	4819.0	56.40243902439025	3718.6813186813188	2538.0	-352.0	0.8421052631578947	668.0	-0.03827751196172249	98.11697378704234	4785360.0	1.5980861244019138	16.0	
2050.0	3.467391304347826	1934.0	2.2065217391304346	2040.0	2.3152173913043477	-136.0	0.20389805097451275	-0.06296851574212893	23.0	14765.625	-0.034482758620689655	-42.0	30.188383004837668	33413.0	7403.0	-225.70121951219514	1097819.0	33502.777099609375	-152.31707317073173	-2427.0	4996.0	73.9939024390244	3728.937728937729	2545.0	-44.0	0.10526315789473684	868.0	0.028708133971291863	98.11681173390794	4785376.0	2.076555023923445	-12.0	
2044.0	3.7065217391304346	1912.0	2.2717391304347827	2116.0	1.4891304347826086	-134.0	0.20089955022488756	-0.07196401799100449	32.0	14775.390625	-0.047976011994003	-48.0	30.188383004837668	33413.0	8064.0	-245.85365853658539	1098139.0	33512.542724609375	-156.6158536585366	-2998.0	5137.0	91.40243902439025	3737.7289377289376	2551.0	340.0	-0.8133971291866028	980.0	-0.03827751196172249	98.11681173390794	4785376.0	2.3444976076555024	16.0	
2051.0	3.9456521739130435	1890.0	2.1956521739130435	2183.0	0.7608695652173912	-147.0	0.22038980509745126	-0.08545727136431784	50.0	14785.15625	-0.07496251874062969	-57.0	30.188383004837668	33413.0	8785.0	-267.8353658536586	1098459.0	33522.308349609375	-155.0609756097561	-3401.0	5086.0	103.68902439024392	3720.1465201465203	2539.0	624.0	-1.492822966507177	1088.0	-0.08612440191387559	98.11681173390794	4785376.0	2.602870813397129	36.0	
2042.0	4.260869565217392	1861.0	2.293478260869565	2263.0	-0.10869565217391304	-138.0	0.20689655172413793	-0.10794602698650674	59.0	14794.921875	-0.08845577211394302	-72.0	30.188383004837668	33413.0	9462.0	-288.4756097560976	1098779.0	33532.073974609375	-150.4268292682927	-3496.0	4934.0	106.58536585365854	3709.89010989011	2532.0	768.0	-1.8373205741626792	1128.0	-0.10526315789473684	98.11681173390794	4785376.0	2.6985645933014353	44.0	
2045.0	4.8478260869565215	1807.0	2.260869565217391	2345.0	-1.0	-144.0	0.21589205397301348	-0.13493253373313344	78.0	14804.6875	-0.1169415292353823	-90.0	30.188383004837668	33413.0	10071.0	-307.0426829268293	1099099.0	33541.839599609375	-142.01219512195124	-3295.0	4658.0	100.45731707317074	3704.029304029304	2528.0	1212.0	-2.8995215311004783	1356.0	-0.06698564593301436	98.11681173390794	4785376.0	3.2440191387559807	28.0	
2020.0	5.782608695652174	1721.0	2.532608695652174	2347.0	-1.0217391304347825	-141.0	0.21139430284857572	-0.14692653673163417	98.0	14814.453125	-0.14692653673163417	-98.0	30.188383004837668	33413.0	10660.0	-325.00000000000006	1099419.0	33551.605224609375	-130.15243902439025	-3327.0	4269.0	101.4329268292683	3723.0769230769233	2541.0	1380.0	-3.3014354066985643	1792.0	0.10526315789473684	98.11600146837175	4785456.0	4.287081339712919	-44.0	
2002.0	6.554347826086956	1650.0	2.7282608695652173	2291.0	-0.41304347826086957	-142.0	0.2128935532233883	-0.1649175412293853	107.0	14824.21875	-0.16041979010494753	-110.0	30.188383004837668	33413.0	11356.0	-346.219512195122	1099739.0	33561.370849609375	-120.70121951219514	-3696.0	3959.0	112.6829268292683	3743.5897435897436	2555.0	1184.0	-2.832535885167464	2196.0	0.37320574162679426	98.11600146837175	4785456.0	5.253588516746412	-156.0	
1975.0	6.554347826086956	1650.0	3.0217391304347827	2276.0	-0.25	-144.0	0.21589205397301348	-0.1874062968515742	135.0	14833.984375	-0.20239880059970014	-125.0	30.188383004837668	33413.0	12368.0	-377.07317073170736	1100059.0	33571.136474609375	-109.26829268292684	-4017.0	3584.0	122.46951219512196	3712.820512820513	2534.0	984.0	-2.354066985645933	2312.0	0.6698564593301435	98.11600146837175	4785456.0	5.5311004784688995	-280.0	
1941.0	6.032608695652174	1698.0	3.391304347826087	2278.0	-0.2717391304347826	-138.0	0.20689655172413793	-0.19790104947526235	154.0	14843.75	-0.23088455772113942	-132.0	30.188383004837668	33413.0	13272.0	-404.63414634146346	1100379.0	33580.902099609375	-92.92682926829269	-4317.0	3048.0	131.6158536585366	3743.5897435897436	2555.0	1016.0	-2.430622009569378	2064.0	1.138755980861244	98.11600146837175	4785456.0	4.937799043062201	-476.0	
1862.0	4.956521739130435	1797.0	4.25	2335.0	-0.8913043478260869	-137.0	0.20539730134932532	-0.23088455772113942	183.0	14853.515625	-0.27436281859070466	-154.0	30.188383004837668	33413.0	14210.0	-433.2317073170732	1100699.0	33590.667724609375	-83.71951219512196	-4412.0	2746.0	134.51219512195124	3692.3076923076924	2520.0	1252.0	-2.9952153110047846	1604.0	2.0095693779904304	98.11600146837175	4785456.0	3.8373205741626792	-840.0	
1756.0	4.065217391304348	1879.0	5.4021739130434785	2450.0	-2.141304347826087	-131.0	0.19640179910044978	-0.24287856071964017	203.0	14863.28125	-0.3043478260869565	-162.0	30.188383004837668	33413.0	15216.0	-463.9024390243903	1101019.0	33600.433349609375	-71.28048780487805	-4226.0	2338.0	128.84146341463415	3714.285714285714	2535.0	1732.0	-4.143540669856459	1152.0	3.2822966507177034	98.11600146837175	4785456.0	2.755980861244019	-1372.0	
1620.0	4.282608695652174	1859.0	6.880434782608695	2578.0	-3.532608695652174	-124.0	0.18590704647676162	-0.25337331334332835	227.0	14873.046875	-0.3403298350824588	-169.0	30.188383004837668	33413.0	15678.0	-477.98780487804885	1101339.0	33610.198974609375	-38.90243902439025	-2892.0	1276.0	88.17073170731707	3702.5641025641025	2527.0	2388.0	-5.712918660287081	1124.0	4.755980861244019	98.11600146837175	4785456.0	2.688995215311005	-1988.0	
1359.0	6.630434782608695	1643.0	9.717391304347826	2466.0	-2.3152173913043477	-125.0	0.1874062968515742	-0.26836581709145424	255.0	14882.8125	-0.3823088455772114	-179.0	30.188383004837668	33413.0	15297.0	-466.37195121951225	1101659.0	33619.964599609375	-13.170731707317074	-1812.0	432.0	55.243902439024396	3705.4945054945056	2529.0	1888.0	-4.516746411483253	2056.0	8.14354066985646	98.11600146837175	4785456.0	4.918660287081339	-3404.0	
1088.0	12.41304347826087	1111.0	12.66304347826087	2284.0	-0.33695652173913043	-116.0	0.17391304347826086	-0.2578710644677661	285.0	14892.578125	-0.42728635682158916	-172.0	30.188383004837668	33413.0	14438.0	-440.18292682926835	1101979.0	33629.730224609375	-6.2804878048780495	-48.0	206.0	1.4634146341463417	3704.029304029304	2528.0	924.0	-2.2105263157894735	4792.0	11.68421052631579	98.11600146837175	4785456.0	11.464114832535884	-4884.0	
974.0	16.456521739130434	739.0	13.902173913043478	2195.0	0.6304347826086957	-121.0	0.18140929535232383	-0.2653673163418291	311.0	14902.34375	-0.4662668665667166	-177.0	30.188383004837668	33413.0	13936.0	-424.87804878048786	1102299.0	33639.495849609375	1.8902439024390245	1730.0	-62.0	-52.743902439024396	3752.3809523809523	2561.0	632.0	-1.5119617224880382	6788.0	12.966507177033492	98.11600146837175	4785456.0	16.239234449760765	-5420.0	
1053.0	16.717391304347824	715.0	13.043478260869565	2323.0	-0.7608695652173912	-121.0	0.18140929535232383	-0.2698650674662669	343.0	14912.109375	-0.5142428785607196	-180.0	30.188383004837668	33413.0	13611.0	-414.969512195122	1102619.0	33649.261474609375	-0.7317073170731708	3783.0	24.0	-115.33536585365854	3720.1465201465203	2539.0	1292.0	-3.090909090909091	6768.0	11.818181818181818	98.11762199967049	4785296.0	16.19138755980861	-4940.0	
1199.0	16.73913043478261	713.0	11.456521739130434	2469.0	-2.3478260869565215	-130.0	0.19490254872563717	-0.2578710644677661	364.0	14921.875	-0.545727136431784	-172.0	30.188383004837668	33413.0	12967.0	-395.3353658536586	1102939.0	33659.027099609375	-7.500000000000001	5934.0	246.0	-180.91463414634148	3723.0769230769233	2541.0	2000.0	-4.784688995215311	6764.0	10.047846889952153	98.11762199967049	4785296.0	16.18181818181818	-4200.0	
1229.0	19.84782608695652	427.0	11.130434782608695	2401.0	-1.608695652173913	-139.0	0.2083958020989505	-0.24587706146926536	389.0	14931.640625	-0.5832083958020989	-164.0	30.188383004837668	33413.0	12205.0	-372.1036585365854	1103259.0	33668.792724609375	-5.548780487804879	6115.0	182.0	-186.4329268292683	3704.029304029304	2528.0	1500.0	-3.588516746411483	8460.0	9.770334928229664	98.11762199967049	4785296.0	20.239234449760765	-4084.0	
1206.0	23.391304347826086	101.0	11.380434782608695	2218.0	0.3804347826086956	-149.0	0.22338830584707645	-0.23238380809595202	407.0	14941.40625	-0.6101949025487257	-155.0	30.188383004837668	33413.0	11916.0	-363.2926829268293	1103579.0	33678.558349609375	-1.4634146341463417	3966.0	48.0	-120.91463414634147	3715.7509157509157	2536.0	1032.0	-2.4688995215311005	9432.0	9.980861244019138	98.11762199967049	4785296.0	22.564593301435405	-4172.0	
1214.0	24.467391304347824	2.0	11.293478260869565	2080.0	1.8804347826086956	-156.0	0.2338830584707646	-0.21739130434782608	425.0	14951.171875	-0.6371814092953523	-145.0	30.188383004837668	33413.0	11881.0	-362.2256097560976	1103899.0	33688.323974609375	4.847560975609756	560.0	-159.0	-17.073170731707318	3714.285714285714	2535.0	240.0	-0.5741626794258373	10512.0	10.076555023923445	98.11762199967049	4785296.0	25.148325358851675	-4212.0	
1285.0	24.27173913043478	20.0	10.521739130434783	2016.0	2.5760869565217392	-157.0	0.2353823088455772	-0.19940029985007496	444.0	14960.9375	-0.6656671664167916	-133.0	30.188383004837668	33413.0	11819.0	-360.3353658536586	1104219.0	33698.089599609375	16.73780487804878	-2828.0	-549.0	86.21951219512196	3693.772893772894	2521.0	-184.0	0.4401913875598086	10476.0	9.330143540669857	98.11664968078259	4785392.0	25.062200956937797	-3900.0	
1359.0	22.57608695652174	176.0	9.717391304347826	2025.0	2.4782608695652173	-147.0	0.22038980509745126	-0.1889055472263868	458.0	14970.703125	-0.6866566716641679	-126.0	30.188383004837668	33413.0	11714.0	-357.13414634146346	1104539.0	33707.855224609375	34.32926829268293	-4892.0	-1126.0	149.14634146341464	3730.4029304029305	2546.0	-268.0	0.6411483253588517	9792.0	8.33492822966507	98.11664968078259	4785392.0	23.42583732057416	-3484.0	
1404.0	19.358695652173914	472.0	9.228260869565217	2112.0	1.5326086956521738	-146.0	0.21889055472263869	-0.17241379310344826	473.0	14980.46875	-0.7091454272863568	-115.0	30.188383004837668	33413.0	11384.0	-347.07317073170736	1104859.0	33717.620849609375	55.03048780487806	-4530.0	-1805.0	138.109756097561	3737.7289377289376	2551.0	132.0	-0.3157894736842105	8360.0	7.655502392344498	98.11664968078259	4785392.0	20.0	-3200.0	
1405.0	15.445652173913043	832.0	9.217391304347826	2237.0	0.17391304347826086	-144.0	0.21589205397301348	-0.1634182908545727	483.0	14990.234375	-0.7241379310344828	-109.0	30.188383004837668	33413.0	10838.0	-330.4268292682927	1105179.0	33727.386474609375	70.15243902439025	-1755.0	-2301.0	53.50609756097561	3715.7509157509157	2536.0	728.0	-1.7416267942583732	6416.0	7.693779904306219	98.11664968078259	4785392.0	15.349282296650717	-3216.0	
1371.0	12.58695652173913	1095.0	9.58695652173913	2221.0	0.34782608695652173	-146.0	0.21889055472263869	-0.13793103448275862	502.0	15000.0	-0.7526236881559221	-92.0	30.188383004837668	33413.0	10158.0	-309.69512195121956	1105499.0	33737.152099609375	70.15243902439025	1485.0	-2301.0	-45.274390243902445	3720.1465201465203	2539.0	828.0	-1.9808612440191387	4944.0	8.287081339712918	98.11664968078259	4785392.0	11.827751196172247	-3464.0	
1316.0	13.0	1057.0	10.184782608695652	2148.0	1.141304347826087	-146.0	0.21889055472263869	-0.12593703148425786	508.0	15009.765625	-0.7616191904047975	-84.0	30.188383004837668	33413.0	9222.0	-281.1585365853659	1105819.0	33746.917724609375	76.67682926829269	3494.0	-2515.0	-106.52439024390245	3687.912087912088	2517.0	460.0	-1.1004784688995215	4816.0	8.889952153110048	98.11891842536139	4785168.0	11.521531100478468	-3716.0	
1240.0	16.663043478260867	720.0	11.01086956521739	1982.0	2.9456521739130435	-154.0	0.23088455772113942	-0.10944527736131934	519.0	15019.53125	-0.7781109445277361	-73.0	30.188383004837668	33413.0	8183.0	-249.4817073170732	1106139.0	33756.683349609375	73.20121951219512	3670.0	-2401.0	-111.89024390243904	3717.2161172161173	2537.0	-348.0	0.8325358851674641	6532.0	9.82775119617225	98.11891842536139	4785168.0	15.626794258373206	-4108.0	
1250.0	20.98913043478261	322.0	10.902173913043478	1879.0	4.065217391304348	-160.0	0.239880059970015	-0.08995502248875561	530.0	15029.296875	-0.7946026986506747	-60.0	30.188383004837668	33413.0	7706.0	-234.93902439024393	1106459.0	33766.448974609375	72.25609756097562	1541.0	-2370.0	-46.98170731707317	3709.89010989011	2532.0	-888.0	2.124401913875598	8720.0	9.703349282296651	98.11891842536139	4785168.0	20.861244019138756	-4056.0	
1334.0	24.228260869565215	24.0	9.989130434782608	1864.0	4.228260869565217	-163.0	0.24437781109445278	-0.06896551724137931	527.0	15039.0625	-0.7901049475262368	-46.0	30.188383004837668	33413.0	7350.0	-224.08536585365854	1106779.0	33776.214599609375	79.72560975609757	-2068.0	-2615.0	63.04878048780488	3711.3553113553116	2533.0	-912.0	2.1818181818181817	10320.0	8.62200956937799	98.11891842536139	4785168.0	24.688995215311003	-3604.0	
1497.0	24.26086956521739	21.0	8.217391304347826	1976.0	3.010869565217391	-158.0	0.2368815592203898	-0.05697151424287856	533.0	15048.828125	-0.7991004497751124	-38.0	30.188383004837668	33413.0	6874.0	-209.57317073170734	1107099.0	33785.980224609375	92.7439024390244	-4853.0	-3042.0	147.95731707317074	3736.2637362637365	2550.0	-380.0	0.9090909090909091	10360.0	6.363636363636363	98.11891842536139	4785168.0	24.78468899521531	-2660.0	
1582.0	21.532608695652172	272.0	7.293478260869565	2058.0	2.119565217391304	-160.0	0.239880059970015	-0.047976011994003	540.0	15058.59375	-0.8095952023988006	-32.0	30.188383004837668	33413.0	5958.0	-181.64634146341464	1107419.0	33795.745849609375	113.9329268292683	-5577.0	-3737.0	170.03048780487808	3747.985347985348	2558.0	140.0	-0.33492822966507174	8852.0	5.617224880382775	98.11924253187466	4785136.0	21.177033492822964	-2348.0	
1591.0	17.652173913043477	629.0	7.195652173913043	2060.0	2.0978260869565215	-158.0	0.2368815592203898	-0.04047976011994003	540.0	15068.359375	-0.8095952023988006	-27.0	30.188383004837668	33413.0	5463.0	-166.5548780487805	1107739.0	33805.511474609375	132.25609756097563	-4348.0	-4338.0	132.5609756097561	3712.820512820513	2534.0	-152.0	0.36363636363636365	6984.0	5.636363636363636	98.11924253187466	4785136.0	16.708133971291865	-2356.0	
1553.0	16.706521739130434	716.0	7.608695652173913	1975.0	3.0217391304347827	-165.0	0.24737631184407796	-0.029985007496251874	545.0	15078.125	-0.8170914542728636	-20.0	30.188383004837668	33413.0	4496.0	-137.07317073170734	1108059.0	33815.277099609375	125.06097560975611	-3927.0	-4102.0	119.72560975609757	3724.542124542125	2542.0	-396.0	0.9473684210526315	6712.0	6.114832535885167	98.11924253187466	4785136.0	16.057416267942582	-2556.0	
1503.0	16.880434782608695	700.0	8.152173913043478	1898.0	3.858695652173913	-166.0	0.24887556221889054	-0.029985007496251874	551.0	15087.890625	-0.8260869565217391	-20.0	30.188383004837668	33413.0	3537.0	-107.83536585365854	1108379.0	33825.042724609375	137.10365853658539	-3115.0	-4497.0	94.96951219512196	3715.7509157509157	2536.0	-920.0	2.200956937799043	6836.0	6.851674641148325	98.11924253187466	4785136.0	16.354066985645932	-2864.0	
1476.0	14.402173913043478	928.0	8.445652173913043	1956.0	3.2282608695652173	-170.0	0.25487256371814093	-0.029985007496251874	550.0	15097.65625	-0.8245877061469266	-20.0	30.188383004837668	33413.0	2985.0	-91.00609756097562	1108699.0	33834.808349609375	143.9329268292683	-1672.0	-4721.0	50.97560975609757	3717.2161172161173	2537.0	-992.0	2.373205741626794	6384.0	7.119617224880383	98.11924253187466	4785136.0	15.272727272727272	-2976.0	
1381.0	17.119565217391305	678.0	9.478260869565217	1662.0	6.423913043478261	-174.0	0.2608695652173913	-0.029985007496251874	545.0	15107.421875	-0.8170914542728636	-20.0	30.188383004837668	33413.0	931.0	-28.384146341463417	1109019.0	33844.573974609375	100.3048780487805	-776.0	-3290.0	23.658536585365855	3702.5641025641025	2527.0	-500.0	1.1961722488038278	5616.0	7.224880382775119	98.12037690495634	4785024.0	13.435406698564593	-3020.0	
1240.0	24.42391304347826	6.0	11.01086956521739	957.0	14.08695652173913	-178.0	0.26686656671664166	-0.020989505247376312	547.0	15117.1875	-0.8200899550224887	-14.0	30.188383004837668	33413.0	-1553.0	47.34756097560976	1109339.0	33854.339599609375	33.68902439024391	1232.0	-1105.0	-37.5609756097561	3698.1684981684984	2524.0	-4644.0	11.110047846889952	10072.0	10.44976076555024	98.12037690495634	4785024.0	24.095693779904305	-4368.0	
1523.0	24.467391304347824	2.0	7.934782608695652	948.0	14.184782608695652	-177.0	0.2653673163418291	-0.017991004497751123	548.0	15126.953125	-0.8215892053973013	-12.0	30.188383004837668	33413.0	-1252.0	38.170731707317074	1109659.0	33864.105224609375	40.88414634146342	-1196.0	-1341.0	36.463414634146346	3721.611721611722	2540.0	-5680.0	13.588516746411482	11584.0	7.08133971291866	98.12037690495634	4785024.0	27.71291866028708	-2960.0	
1680.0	20.27173913043478	388.0	6.228260869565217	1287.0	10.5	-180.0	0.2698650674662669	-0.022488755622188904	545.0	15136.71875	-0.8170914542728636	-15.0	30.188383004837668	33413.0	-1675.0	51.06707317073171	1109979.0	33873.870849609375	34.66463414634147	-2560.0	-1137.0	78.04878048780489	3740.6593406593406	2553.0	-3960.0	9.473684210526315	8992.0	4.631578947368421	98.12037690495634	4785024.0	21.51196172248804	-1936.0	
1742.0	15.51086956521739	826.0	5.554347826086956	1666.0	6.380434782608695	-186.0	0.2788605697151424	-0.022488755622188904	538.0	15146.484375	-0.8065967016491754	-15.0	30.188383004837668	33413.0	-2093.0	63.810975609756106	1110299.0	33883.636474609375	21.52439024390244	-3141.0	-706.0	95.76219512195122	3715.7509157509157	2536.0	-2088.0	4.9952153110047846	6416.0	3.866028708133971	98.12037690495634	4785024.0	15.349282296650717	-1616.0	
1769.0	14.565217391304348	913.0	5.260869565217392	1915.0	3.6739130434782608	-175.0	0.2623688155922039	-0.041979010494752625	536.0	15156.25	-0.8035982008995503	-28.0	30.188383004837668	33413.0	-2766.0	84.32926829268294	1110619.0	33893.402099609375	17.98780487804878	-2779.0	-590.0	84.72560975609757	3745.054945054945	2556.0	-744.0	1.7799043062200957	5696.0	3.5023923444976077	98.11956663842417	4785104.0	13.626794258373206	-1464.0	
1730.0	15.576086956521738	820.0	5.684782608695652	2024.0	2.4891304347826084	-168.0	0.2518740629685157	-0.05247376311844078	534.0	15166.015625	-0.800599700149925	-35.0	30.188383004837668	33413.0	-3801.0	115.88414634146342	1110939.0	33903.167724609375	23.07926829268293	-2341.0	-757.0	71.3719512195122	3734.798534798535	2549.0	-208.0	0.49760765550239233	6168.0	3.913875598086124	98.11956663842417	4785104.0	14.75598086124402	-1636.0	
1671.0	15.217391304347826	853.0	6.326086956521739	2082.0	1.858695652173913	-172.0	0.2578710644677661	-0.05247376311844078	535.0	15175.78125	-0.8020989505247376	-35.0	30.188383004837668	33413.0	-4261.0	129.90853658536585	1111259.0	33912.933349609375	36.09756097560976	-1574.0	-1184.0	47.987804878048784	3720.1465201465203	2539.0	68.0	-0.16267942583732056	6140.0	4.62200956937799	98.11956663842417	4785104.0	14.688995215311005	-1932.0	
1611.0	14.239130434782608	943.0	6.978260869565217	2200.0	0.5760869565217391	-175.0	0.2623688155922039	-0.05847076461769115	527.0	15185.546875	-0.7901049475262368	-39.0	30.188383004837668	33413.0	-4546.0	138.59756097560978	1111579.0	33922.698974609375	47.40853658536586	-18.0	-1555.0	0.5487804878048781	3704.029304029304	2528.0	564.0	-1.3492822966507176	5568.0	5.282296650717703	98.11956663842417	4785104.0	13.320574162679426	-2208.0	
1609.0	15.92391304347826	788.0	7.0	2267.0	-0.15217391304347827	-172.0	0.2578710644677661	-0.07496251874062969	526.0	15195.3125	-0.7886056971514243	-50.0	30.188383004837668	33413.0	-5499.0	167.65243902439025	1111899.0	33932.464599609375	36.920731707317074	850.0	-1211.0	-25.914634146341466	3720.1465201465203	2539.0	1060.0	-2.5358851674641145	6332.0	5.38755980861244	98.11956663842417	4785104.0	15.148325358851674	-2252.0	
1643.0	18.34782608695652	565.0	6.630434782608695	2346.0	-1.0108695652173914	-176.0	0.2638680659670165	-0.07796101949025487	517.0	15205.078125	-0.775112443778111	-52.0	30.198324971739204	33415.0	-6352.0	193.65853658536588	1112219.0	33942.230224609375	50.213414634146346	1373.0	-1647.0	-41.85975609756098	3728.937728937729	2545.0	1332.0	-3.186602870813397	7528.0	4.803827751196172	98.12124503123611	4785104.0	18.00956937799043	-2008.0	
1665.0	20.07608695652174	406.0	6.391304347826087	2381.0	-1.391304347826087	-180.0	0.2698650674662669	-0.08995502248875561	513.0	15214.84375	-0.7691154422788605	-60.0	30.198324971739204	33415.0	-6983.0	212.89634146341464	1112539.0	33951.995849609375	60.09146341463415	1196.0	-1971.0	-36.463414634146346	3742.124542124542	2554.0	1664.0	-3.9808612440191387	8356.0	4.62200956937799	98.12124503123611	4785104.0	19.99043062200957	-1932.0	
1644.0	20.108695652173914	403.0	6.619565217391304	2457.0	-2.217391304347826	-190.0	0.2848575712143928	-0.10344827586206896	503.0	15224.609375	-0.7541229385307346	-69.0	30.198324971739204	33415.0	-7435.0	226.6768292682927	1112859.0	33961.761474609375	74.0548780487805	1029.0	-2429.0	-31.371951219512198	3720.1465201465203	2539.0	1924.0	-4.6028708133971294	8296.0	4.899521531100478	98.12124503123611	4785104.0	19.84688995215311	-2048.0	
1598.0	20.434782608695652	373.0	7.119565217391304	2526.0	-2.967391304347826	-193.0	0.2893553223388306	-0.10794602698650674	491.0	15234.375	-0.7361319340329835	-72.0	30.198324971739204	33415.0	-8147.0	248.38414634146343	1113179.0	33971.527099609375	84.0548780487805	797.0	-2757.0	-24.29878048780488	3724.542124542125	2542.0	2320.0	-5.55023923444976	8468.0	5.492822966507177	98.12124503123611	4785104.0	20.258373205741627	-2296.0	
1583.0	20.57608695652174	360.0	7.282608695652174	2654.0	-4.358695652173913	-199.0	0.2983508245877061	-0.12293853073463268	482.0	15244.140625	-0.7226386806596702	-82.0	30.198324971739204	33415.0	-8810.0	268.5975609756098	1113499.0	33981.292724609375	97.89634146341464	948.0	-3211.0	-28.902439024390247	3712.820512820513	2534.0	2900.0	-6.937799043062201	8492.0	5.559808612440191	98.12124503123611	4785104.0	20.31578947368421	-2324.0	
1574.0	19.76086956521739	435.0	7.380434782608695	2779.0	-5.717391304347826	-199.0	0.2983508245877061	-0.12593703148425786	464.0	15253.90625	-0.6956521739130435	-84.0	30.198324971739204	33415.0	-9294.0	283.3536585365854	1113819.0	33991.058349609375	117.7439024390244	1373.0	-3862.0	-41.85975609756098	3712.820512820513	2534.0	3224.0	-7.712918660287081	8260.0	5.665071770334928	98.12983400753754	4784256.0	19.760765550239235	-2368.0	
1575.0	19.42391304347826	466.0	7.369565217391304	2893.0	-6.956521739130435	-207.0	0.3103448275862069	-0.136431784107946	456.0	15263.671875	-0.6836581709145427	-91.0	30.198324971739204	33415.0	-9805.0	298.9329268292683	1114139.0	34000.823974609375	134.08536585365854	1825.0	-4398.0	-55.64024390243903	3693.772893772894	2521.0	3808.0	-9.110047846889952	7936.0	5.588516746411483	98.12983400753754	4784256.0	18.985645933014354	-2336.0	
1583.0	19.913043478260867	421.0	7.282608695652174	2943.0	-7.5	-215.0	0.32233883058470764	-0.1424287856071964	440.0	15273.4375	-0.6596701649175412	-95.0	30.198324971739204	33415.0	-10720.0	326.82926829268297	1114459.0	34010.589599609375	149.60365853658539	2227.0	-4907.0	-67.89634146341464	3698.1684981684984	2524.0	4128.0	-9.875598086124402	8108.0	5.6746411483253585	98.12983400753754	4784256.0	19.39712918660287	-2372.0	
1583.0	20.032608695652172	410.0	7.282608695652174	2982.0	-7.923913043478261	-220.0	0.3298350824587706	-0.15892053973013492	426.0	15283.203125	-0.6386806596701649	-106.0	30.198324971739204	33415.0	-11142.0	339.69512195121956	1114779.0	34020.355224609375	175.4268292682927	2522.0	-5754.0	-76.89024390243902	3724.542124542125	2542.0	4388.0	-10.497607655502392	8196.0	5.37799043062201	98.12983400753754	4784256.0	19.607655502392344	-2248.0	
1563.0	20.59782608695652	358.0	7.5	3023.0	-8.369565217391305	-230.0	0.3448275862068965	-0.1619190404797601	405.0	15292.96875	-0.6071964017991004	-108.0	30.198324971739204	33415.0	-11560.0	352.43902439024396	1115099.0	34030.120849609375	196.70731707317074	2435.0	-6452.0	-74.23780487804879	3734.798534798535	2549.0	4604.0	-11.014354066985646	8464.0	5.645933014354067	98.12983400753754	4784256.0	20.248803827751196	-2360.0	
1588.0	20.304347826086957	385.0	7.228260869565217	3163.0	-9.891304347826086	-234.0	0.35082458770614694	-0.1649175412293853	379.0	15302.734375	-0.568215892053973	-110.0	30.198324971739204	33415.0	-12025.0	366.6158536585366	1115419.0	34039.886474609375	218.14024390243904	2354.0	-7155.0	-71.76829268292684	3714.285714285714	2535.0	5176.0	-12.382775119617225	8436.0	5.38755980861244	98.12724110635124	4784512.0	20.18181818181818	-2252.0	
1599.0	18.934782608695652	511.0	7.108695652173913	3271.0	-11.065217391304348	-242.0	0.36281859070464767	-0.1679160419790105	351.0	15312.5	-0.5262368815592203	-112.0	30.198324971739204	33415.0	-12211.0	372.2865853658537	1115739.0	34049.652099609375	244.39024390243904	2596.0	-8016.0	-79.14634146341464	3745.054945054945	2556.0	5824.0	-13.933014354066986	7844.0	5.1387559808612435	98.12724110635124	4784512.0	18.76555023923445	-2148.0	
1574.0	17.206521739130434	670.0	7.380434782608695	3379.0	-12.239130434782608	-245.0	0.36731634182908546	-0.1679160419790105	325.0	15322.265625	-0.4872563718140929	-112.0	30.198324971739204	33415.0	-12455.0	379.7256097560976	1116059.0	34059.417724609375	267.469512195122	3270.0	-8773.0	-99.69512195121952	3699.6336996337	2525.0	6272.0	-15.004784688995215	6968.0	5.483253588516746	98.12724110635124	4784512.0	16.66985645933014	-2292.0	
1560.0	16.065217391304348	775.0	7.532608695652174	3433.0	-12.826086956521738	-248.0	0.37181409295352325	-0.1649175412293853	298.0	15332.03125	-0.4467766116941529	-110.0	30.198324971739204	33415.0	-12453.0	379.6646341463415	1116379.0	34069.183349609375	292.31707317073176	3691.0	-9588.0	-112.53048780487806	3715.7509157509157	2536.0	6520.0	-15.598086124401913	6440.0	5.645933014354067	98.12724110635124	4784512.0	15.4066985645933	-2360.0	
1564.0	15.989130434782608	782.0	7.489130434782608	3416.0	-12.641304347826086	-257.0	0.38530734632683655	-0.15742128935532235	273.0	15341.796875	-0.40929535232383807	-105.0	30.198324971739204	33415.0	-12363.0	376.9207317073171	1116699.0	34078.948974609375	318.26219512195127	3627.0	-10439.0	-110.57926829268294	3720.1465201465203	2539.0	6400.0	-15.311004784688995	6400.0	5.5311004784688995	98.12724110635124	4784512.0	15.311004784688995	-2312.0	
1566.0	16.054347826086957	776.0	7.467391304347826	3374.0	-12.184782608695652	-257.0	0.38530734632683655	-0.1394302848575712	238.0	15351.5625	-0.3568215892053973	-93.0	30.198324971739204	33415.0	-12295.0	374.8475609756098	1117019.0	34088.714599609375	341.0365853658537	2981.0	-11186.0	-90.88414634146342	3712.820512820513	2534.0	6252.0	-14.956937799043061	6448.0	5.464114832535885	98.12513437584418	4784720.0	15.425837320574162	-2284.0	
1530.0	15.793478260869565	800.0	7.858695652173913	3342.0	-11.83695652173913	-254.0	0.38080959520239877	-0.13343328335832083	211.0	15361.328125	-0.31634182908545727	-89.0	30.198324971739204	33415.0	-12233.0	372.95731707317077	1117339.0	34098.480224609375	358.1707317073171	2491.0	-11748.0	-75.94512195121952	3734.798534798535	2549.0	6160.0	-14.736842105263158	6316.0	5.942583732057416	98.12513437584418	4784720.0	15.110047846889952	-2484.0	
1473.0	14.456521739130434	923.0	8.478260869565217	3334.0	-11.75	-254.0	0.38080959520239877	-0.12143928035982009	177.0	15371.09375	-0.2653673163418291	-81.0	30.198324971739204	33415.0	-12172.0	371.0975609756098	1117659.0	34108.245849609375	372.62195121951225	2058.0	-12222.0	-62.743902439024396	3728.937728937729	2545.0	6076.0	-14.535885167464114	5668.0	6.727272727272727	98.12513437584418	4784720.0	13.559808612440191	-2812.0	
1436.0	12.239130434782608	1127.0	8.880434782608695	3263.0	-10.978260869565217	-249.0	0.3733133433283358	-0.10794602698650674	154.0	15380.859375	-0.23088455772113942	-72.0	30.198324971739204	33415.0	-11922.0	363.4756097560976	1117979.0	34118.011474609375	381.5243902439025	1946.0	-12514.0	-59.32926829268293	3728.937728937729	2545.0	5716.0	-13.674641148325358	4600.0	7.1291866028708135	98.12513437584418	4784720.0	11.004784688995215	-2980.0	
1460.0	10.239130434782608	1311.0	8.619565217391305	3195.0	-10.239130434782608	-235.0	0.3523238380809595	-0.09295352323838081	126.0	15390.625	-0.1889055472263868	-62.0	30.198324971739204	33415.0	-11540.0	351.82926829268297	1118299.0	34127.777099609375	389.6036585365854	1971.0	-12779.0	-60.09146341463415	3726.007326007326	2543.0	5436.0	-13.004784688995215	3768.0	6.708133971291866	98.12513437584418	4784720.0	9.014354066985646	-2804.0	
1517.0	9.195652173913043	1407.0	8.0	3139.0	-9.630434782608695	-228.0	0.34182908545727136	-0.0704647676161919	94.0	15400.390625	-0.1409295352323838	-47.0	30.198324971739204	33415.0	-11227.0	342.2865853658537	1118619.0	34137.542724609375	397.2256097560976	1989.0	-13029.0	-60.64024390243903	3714.285714285714	2535.0	5284.0	-12.64114832535885	3492.0	6.392344497607655	98.123837927062	4784848.0	8.354066985645932	-2672.0	
1554.0	8.532608695652174	1468.0	7.5978260869565215	3088.0	-9.076086956521738	-216.0	0.3238380809595202	-0.04947526236881559	74.0	15410.15625	-0.11094452773613193	-33.0	30.198324971739204	33415.0	-10872.0	331.4634146341464	1118939.0	34147.308349609375	404.359756097561	1890.0	-13263.0	-57.6219512195122	3721.611721611722	2540.0	5016.0	-12.0	3160.0	5.732057416267942	98.123837927062	4784848.0	7.559808612440191	-2396.0	
1553.0	8.217391304347826	1497.0	7.608695652173913	2993.0	-8.043478260869565	-198.0	0.29685157421289354	-0.026986506746626684	50.0	15419.921875	-0.07496251874062969	-18.0	30.198324971739204	33415.0	-10366.0	316.0365853658537	1119259.0	34157.073974609375	404.5426829268293	1659.0	-13269.0	-50.57926829268293	3708.4249084249086	2531.0	4596.0	-10.995215311004785	2928.0	5.655502392344498	98.123837927062	4784848.0	7.0047846889952154	-2364.0	
1552.0	8.043478260869565	1513.0	7.619565217391304	2858.0	-6.576086956521739	-179.0	0.26836581709145424	0.0029985007496251873	23.0	15429.6875	-0.034482758620689655	2.0	30.198324971739204	33415.0	-9837.0	299.9085365853659	1119579.0	34166.839599609375	400.4268292682927	1322.0	-13134.0	-40.304878048780495	3704.029304029304	2528.0	3952.0	-9.454545454545455	2892.0	5.818181818181818	98.123837927062	4784848.0	6.918660287081339	-2432.0	
1581.0	7.641304347826087	1550.0	7.304347826086956	2733.0	-5.217391304347826	-168.0	0.2518740629685157	0.014992503748125937	6.0	15439.453125	-0.008995502248875561	10.0	30.198324971739204	33415.0	-9380.0	285.9756097560976	1119899.0	34176.605224609375	391.5853658536586	1052.0	-12844.0	-32.07317073170732	3720.1465201465203	2539.0	3384.0	-8.095693779904305	2760.0	5.492822966507177	98.123837927062	4784848.0	6.602870813397129	-2296.0	
1634.0	6.739130434782608	1633.0	6.728260869565217	2609.0	-3.869565217391304	-140.0	0.2098950524737631	0.04047976011994003	-8.0	15449.21875	0.01199400299850075	27.0	30.198324971739204	33415.0	-9132.0	278.4146341463415	1120219.0	34186.370849609375	380.609756097561	1174.0	-12484.0	-35.79268292682927	3742.124542124542	2554.0	2808.0	-6.717703349282297	2368.0	4.889952153110047	98.12059680764183	4785168.0	5.665071770334928	-2044.0	
1676.0	5.576086956521739	1740.0	6.271739130434782	2547.0	-3.1956521739130435	-131.0	0.19640179910044978	0.06296851574212893	-20.0	15458.984375	0.029985007496251874	42.0	30.198324971739204	33415.0	-8757.0	266.9817073170732	1120539.0	34196.136474609375	368.62804878048786	1660.0	-12091.0	-50.60975609756098	3711.3553113553116	2533.0	2360.0	-5.645933014354067	1824.0	4.382775119617225	98.12059680764183	4785168.0	4.363636363636363	-1832.0	
1701.0	4.706521739130435	1820.0	6.0	2447.0	-2.108695652173913	-113.0	0.16941529235382308	0.08995502248875561	-32.0	15468.75	0.047976011994003	60.0	30.198324971739204	33415.0	-8276.0	252.31707317073173	1120859.0	34205.902099609375	354.93902439024396	2387.0	-11642.0	-72.77439024390245	3739.194139194139	2552.0	1972.0	-4.717703349282297	1416.0	4.0765550239234445	98.12059680764183	4785168.0	3.38755980861244	-1704.0	
1702.0	4.054347826086956	1880.0	5.989130434782608	2400.0	-1.5978260869565217	-86.0	0.12893553223388304	0.10344827586206896	-40.0	15478.515625	0.05997001499250375	69.0	30.198324971739204	33415.0	-7934.0	241.89024390243904	1121179.0	34215.667724609375	340.94512195121956	3240.0	-11183.0	-98.78048780487806	3733.3333333333335	2548.0	1680.0	-4.019138755980861	1064.0	4.0669856459330145	98.12059680764183	4785168.0	2.5454545454545454	-1700.0	
1708.0	3.5869565217391304	1923.0	5.923913043478261	2321.0	-0.7391304347826086	-64.0	0.095952023988006	0.12293853073463268	-43.0	15488.28125	0.06446776611694152	82.0	30.198324971739204	33415.0	-7427.0	226.43292682926833	1121499.0	34225.433349609375	324.1463414634147	4159.0	-10632.0	-126.79878048780489	3730.4029304029305	2546.0	1292.0	-3.090909090909091	856.0	4.057416267942584	98.12059680764183	4785168.0	2.047846889952153	-1696.0	
1750.0	3.543478260869565	1927.0	5.467391304347826	2239.0	0.15217391304347827	-54.0	0.08095952023988005	0.14992503748125938	-47.0	15498.046875	0.0704647676161919	100.0	30.198324971739204	33415.0	-6796.0	207.19512195121953	1121819.0	34235.198974609375	306.4024390243903	4843.0	-10050.0	-147.65243902439025	3709.89010989011	2532.0	860.0	-2.0574162679425836	788.0	3.5311004784688995	98.11784185898243	4785440.0	1.8851674641148324	-1476.0	
1801.0	3.652173913043478	1917.0	4.913043478260869	2159.0	1.0217391304347825	-39.0	0.05847076461769115	0.15892053973013492	-54.0	15507.8125	0.08095952023988005	106.0	30.198324971739204	33415.0	-6370.0	194.20731707317074	1122139.0	34244.964599609375	290.7926829268293	5451.0	-9538.0	-166.18902439024393	3702.5641025641025	2527.0	504.0	-1.2057416267942582	904.0	2.909090909090909	98.11784185898243	4785440.0	2.1626794258373203	-1216.0	
1855.0	4.271739130434782	1860.0	4.326086956521739	2090.0	1.7717391304347825	-23.0	0.034482758620689655	0.17841079460269865	-51.0	15517.578125	0.07646176911544228	119.0	30.198324971739204	33415.0	-5832.0	177.8048780487805	1122459.0	34254.730224609375	274.5426829268293	5936.0	-9005.0	-180.97560975609758	3731.868131868132	2547.0	152.0	-0.36363636363636365	1188.0	2.229665071770335	98.11784185898243	4785440.0	2.8421052631578947	-932.0	
1887.0	4.83695652173913	1808.0	3.9782608695652173	2048.0	2.2282608695652173	-7.0	0.010494752623688156	0.1934032983508246	-59.0	15527.34375	0.08845577211394302	129.0	30.198324971739204	33415.0	-5242.0	159.81707317073173	1122779.0	34264.495849609375	257.6524390243903	6188.0	-8451.0	-188.65853658536588	3704.029304029304	2528.0	-56.0	0.1339712918660287	1468.0	1.9138755980861244	98.11784185898243	4785440.0	3.511961722488038	-800.0	
1890.0	5.108695652173913	1783.0	3.9456521739130435	1987.0	2.891304347826087	1.0	-0.0014992503748125937	0.2098950524737631	-57.0	15537.109375	0.08545727136431784	140.0	30.198324971739204	33415.0	-4735.0	144.359756097561	1123099.0	34274.261474609375	241.34146341463418	6282.0	-7916.0	-191.52439024390245	3718.6813186813188	2538.0	-368.0	0.8803827751196172	1584.0	1.9138755980861244	98.11784185898243	4785440.0	3.789473684210526	-800.0	
1903.0	5.130434782608695	1781.0	3.8043478260869565	1957.0	3.217391304347826	23.0	-0.034482758620689655	0.22188905547226387	-51.0	15546.875	0.07646176911544228	148.0	30.198324971739204	33415.0	-4279.0	130.45731707317074	1123419.0	34284.027099609375	223.90243902439028	6222.0	-7344.0	-189.69512195121953	3712.820512820513	2534.0	-508.0	1.215311004784689	1580.0	1.7799043062200957	98.11524896851697	4785696.0	3.7799043062200957	-744.0	
1932.0	5.08695652173913	1785.0	3.4891304347826084	1904.0	3.793478260869565	35.0	-0.05247376311844078	0.2143928035982009	-51.0	15556.640625	0.07646176911544228	143.0	30.198324971739204	33415.0	-3636.0	110.85365853658537	1123739.0	34293.792724609375	207.10365853658539	6013.0	-6793.0	-183.32317073170734	3709.89010989011	2532.0	-644.0	1.5406698564593302	1592.0	1.6076555023923444	98.11524896851697	4785696.0	3.8086124401913874	-672.0	
1968.0	5.195652173913043	1775.0	3.0978260869565215	1852.0	4.358695652173913	41.0	-0.06146926536731634	0.22338830584707645	-49.0	15566.40625	0.07346326836581708	149.0	30.198324971739204	33415.0	-3108.0	94.75609756097562	1124059.0	34303.558349609375	190.3658536585366	5663.0	-6244.0	-172.65243902439025	3715.7509157509157	2536.0	-900.0	2.15311004784689	1600.0	1.1100478468899522	98.11524896851697	4785696.0	3.827751196172249	-464.0	
1999.0	5.456521739130435	1751.0	2.760869565217391	1805.0	4.869565217391305	60.0	-0.08995502248875561	0.22788605697151423	-47.0	15576.171875	0.0704647676161919	152.0	30.198324971739204	33415.0	-2637.0	80.39634146341464	1124379.0	34313.323974609375	172.6829268292683	5287.0	-5664.0	-161.18902439024393	3698.1684981684984	2524.0	-1172.0	2.803827751196172	1660.0	0.7177033492822966	98.11524896851697	4785696.0	3.9712918660287078	-300.0	
2029.0	5.58695652173913	1739.0	2.4347826086956523	1754.0	5.423913043478261	65.0	-0.09745127436281859	0.22338830584707645	-45.0	15585.9375	0.06746626686656672	149.0	30.198324971739204	33415.0	-2185.0	66.6158536585366	1124699.0	34323.089599609375	154.1158536585366	4826.0	-5055.0	-147.13414634146343	3698.1684981684984	2524.0	-1412.0	3.3779904306220097	1752.0	0.42105263157894735	98.11524896851697	4785696.0	4.1913875598086126	-176.0	
2040.0	6.043478260869565	1697.0	2.3152173913043477	1703.0	5.978260869565217	71.0	-0.10644677661169415	0.22788605697151423	-40.0	15595.703125	0.05997001499250375	152.0	30.198324971739204	33415.0	-1821.0	55.518292682926834	1125019.0	34332.855224609375	134.81707317073173	4343.0	-4422.0	-132.40853658536585	3721.611721611722	2540.0	-1620.0	3.875598086124402	1960.0	0.15311004784688995	98.11573513530267	4785648.0	4.688995215311005	-64.0	
2062.0	6.423913043478261	1662.0	2.0760869565217392	1647.0	6.58695652173913	81.0	-0.12143928035982009	0.23238380809595202	-36.0	15605.46875	0.05397301349325337	155.0	30.198324971739204	33415.0	-1618.0	49.32926829268293	1125339.0	34342.620849609375	112.89634146341464	3730.0	-3703.0	-113.71951219512196	3736.2637362637365	2550.0	-1856.0	4.440191387559809	2108.0	-0.06698564593301436	98.11573513530267	4785648.0	5.043062200956937	28.0	
2082.0	6.934782608695652	1615.0	1.858695652173913	1669.0	6.3478260869565215	83.0	-0.12443778110944527	0.21889055472263869	-36.0	15615.234375	0.05397301349325337	146.0	30.198324971739204	33415.0	-1189.0	36.25	1125659.0	34352.386474609375	91.67682926829269	2877.0	-3007.0	-87.71341463414635	3708.4249084249086	2531.0	-1812.0	4.3349282296650715	2432.0	-0.37320574162679426	98.11573513530267	4785648.0	5.818181818181818	156.0	
2123.0	6.195652173913043	1683.0	1.4130434782608696	1597.0	7.130434782608695	85.0	-0.12743628185907047	0.22938530734632684	-32.0	15625.0	0.047976011994003	153.0	30.198324971739204	33415.0	-866.0	26.402439024390247	1125979.0	34362.152099609375	63.07926829268293	2129.0	-2069.0	-64.90853658536587	3745.054945054945	2556.0	-2040.0	4.880382775119617	2156.0	-0.8612440191387559	98.11573513530267	4785648.0	5.157894736842105	360.0	
2149.0	5.021739130434782	1791.0	1.1304347826086956	1576.0	7.358695652173913	91.0	-0.136431784107946	0.2338830584707646	-29.0	15634.765625	0.043478260869565216	156.0	30.198324971739204	33415.0	-531.0	16.189024390243905	1126299.0	34371.917724609375	39.11585365853659	1660.0	-1283.0	-50.60975609756098	3704.029304029304	2528.0	-2256.0	5.3971291866028706	1580.0	-1.1961722488038278	98.11573513530267	4785648.0	3.7799043062200957	500.0	
2154.0	4.6521739130434785	1825.0	1.076086956521739	1595.0	7.1521739130434785	91.0	-0.136431784107946	0.22788605697151423	-29.0	15644.53125	0.043478260869565216	152.0	30.198324971739204	33415.0	-291.0	8.871951219512196	1126619.0	34381.683349609375	16.28048780487805	1537.0	-534.0	-46.85975609756098	3718.6813186813188	2538.0	-2192.0	5.244019138755981	1368.0	-1.1961722488038278	98.11622130216989	4785600.0	3.2727272727272725	500.0	
2159.0	4.532608695652174	1836.0	1.0217391304347825	1627.0	6.804347826086956	97.0	-0.1454272863568216	0.22938530734632684	-29.0	15654.296875	0.043478260869565216	153.0	30.198324971739204	33415.0	16.0	-0.48780487804878053	1126939.0	34391.448974609375	-6.067073170731708	1152.0	199.0	-35.1219512195122	3711.3553113553116	2533.0	-2024.0	4.842105263157895	1376.0	-1.4258373205741626	98.11622130216989	4785600.0	3.291866028708134	596.0	
2194.0	5.228260869565217	1772.0	0.6413043478260869	1677.0	6.260869565217391	87.0	-0.13043478260869565	0.22338830584707645	-24.0	15664.0625	0.035982008995502246	149.0	30.198324971739204	33415.0	319.0	-9.725609756097562	1127259.0	34401.214599609375	-27.25609756097561	620.0	894.0	-18.902439024390247	3709.89010989011	2532.0	-1772.0	4.239234449760765	1672.0	-1.7129186602870812	98.11622130216989	4785600.0	4.0	716.0	
2220.0	5.663043478260869	1732.0	0.358695652173913	1734.0	5.641304347826087	92.0	-0.13793103448275862	0.22188905547226387	-32.0	15673.828125	0.047976011994003	148.0	30.198324971739204	33415.0	544.0	-16.585365853658537	1127579.0	34410.980224609375	-46.920731707317074	69.0	1539.0	-2.103658536585366	3731.868131868132	2547.0	-1500.0	3.588516746411483	1824.0	-2.1339712918660285	98.11622130216989	4785600.0	4.363636363636363	892.0	
2252.0	5.33695652173913	1762.0	0.010869565217391304	1767.0	5.282608695652174	85.0	-0.12743628185907047	0.22338830584707645	-27.0	15683.59375	0.04047976011994003	149.0	30.198324971739204	33415.0	846.0	-25.792682926829272	1127899.0	34420.745849609375	-64.42073170731707	-244.0	2113.0	7.439024390243903	3737.7289377289376	2551.0	-1316.0	3.1483253588516744	1664.0	-2.478468899521531	98.11622130216989	4785600.0	3.9808612440191387	1036.0	
2243.0	4.8478260869565215	1807.0	0.10869565217391304	1781.0	5.130434782608695	85.0	-0.12743628185907047	0.22338830584707645	-27.0	15693.359375	0.04047976011994003	149.0	30.198324971739204	33415.0	1012.0	-30.853658536585368	1128219.0	34430.511474609375	-81.00609756097562	-114.0	2657.0	3.4756097560975614	3714.285714285714	2535.0	-1296.0	3.1004784688995213	1408.0	-2.3349282296650715	98.11557307969838	4785664.0	3.3684210526315788	976.0	
2247.0	4.228260869565217	1864.0	0.06521739130434782	1753.0	5.434782608695652	76.0	-0.11394302848575712	0.22188905547226387	-36.0	15703.125	0.05397301349325337	148.0	30.198324971739204	33415.0	1515.0	-46.18902439024391	1128539.0	34440.277099609375	-100.97560975609757	117.0	3312.0	-3.5670731707317076	3717.2161172161173	2537.0	-1484.0	3.5502392344497604	1172.0	-2.985645933014354	98.11557307969838	4785664.0	2.803827751196172	1248.0	
2235.0	4.108695652173913	1875.0	0.19565217391304346	1721.0	5.782608695652174	76.0	-0.11394302848575712	0.22188905547226387	-36.0	15712.890625	0.05397301349325337	148.0	30.198324971739204	33415.0	1992.0	-60.73170731707317	1128859.0	34450.042724609375	-114.66463414634147	417.0	3761.0	-12.713414634146343	3712.820512820513	2534.0	-1572.0	3.7607655502392343	1132.0	-2.3827751196172247	98.11557307969838	4785664.0	2.7081339712918657	996.0	
2198.0	4.282608695652174	1859.0	0.5978260869565217	1711.0	5.891304347826087	73.0	-0.10944527736131934	0.21139430284857572	-41.0	15722.65625	0.06146926536731634	141.0	30.198324971739204	33415.0	2444.0	-74.51219512195122	1129179.0	34459.808349609375	-132.59146341463415	422.0	4349.0	-12.865853658536587	3717.2161172161173	2537.0	-1660.0	3.9712918660287078	1192.0	-1.9425837320574162	98.11557307969838	4785664.0	2.851674641148325	812.0	
2171.0	4.695652173913043	1821.0	0.8913043478260869	1722.0	5.771739130434782	61.0	-0.0914542728635682	0.2083958020989505	-34.0	15732.421875	0.050974512743628186	139.0	30.198324971739204	33415.0	2893.0	-88.20121951219512	1129499.0	34469.573974609375	-149.5426829268293	236.0	4905.0	-7.195121951219513	3709.89010989011	2532.0	-1656.0	3.9617224880382773	1332.0	-1.5311004784688995	98.11557307969838	4785664.0	3.186602870813397	640.0	
2149.0	4.8478260869565215	1807.0	1.1304347826086956	1751.0	5.456521739130435	56.0	-0.08395802098950525	0.19640179910044978	-38.0	15742.1875	0.05697151424287856	131.0	30.198324971739204	33415.0	3405.0	-103.81097560975611	1129819.0	34479.339599609375	-164.2378048780488	-279.0	5387.0	8.506097560975611	3689.37728937729	2518.0	-1536.0	3.6746411483253585	1448.0	-1.3014354066985645	98.11541102410315	4785680.0	3.464114832535885	544.0	
2119.0	5.043478260869565	1789.0	1.4565217391304348	1784.0	5.0978260869565215	53.0	-0.07946026986506746	0.19640179910044978	-43.0	15751.953125	0.06446776611694152	131.0	30.198324971739204	33415.0	3899.0	-118.87195121951221	1130139.0	34489.105224609375	-179.0548780487805	-904.0	5873.0	27.5609756097561	3706.959706959707	2530.0	-1340.0	3.2057416267942584	1580.0	-0.937799043062201	98.11541102410315	4785680.0	3.7799043062200957	392.0	
2102.0	5.184782608695652	1776.0	1.641304347826087	1855.0	4.326086956521739	38.0	-0.05697151424287856	0.19040479760119938	-46.0	15761.71875	0.06896551724137931	127.0	30.198324971739204	33415.0	4376.0	-133.41463414634148	1130459.0	34498.870849609375	-190.70121951219514	-1547.0	6255.0	47.16463414634147	3721.611721611722	2540.0	-1020.0	2.4401913875598087	1604.0	-0.6889952153110047	98.11541102410315	4785680.0	3.8373205741626792	288.0	
2075.0	5.228260869565217	1772.0	1.934782608695652	1928.0	3.532608695652174	32.0	-0.047976011994003	0.17991004497751123	-43.0	15771.484375	0.06446776611694152	120.0	30.198324971739204	33415.0	4906.0	-149.57317073170734	1130779.0	34508.636474609375	-199.84756097560978	-2125.0	6555.0	64.78658536585367	3711.3553113553116	2533.0	-660.0	1.5789473684210527	1648.0	-0.3827751196172249	98.11541102410315	4785680.0	3.942583732057416	160.0	
2054.0	5.5	1747.0	2.1630434782608696	1996.0	2.793478260869565	24.0	-0.035982008995502246	0.17241379310344826	-45.0	15781.25	0.06746626686656672	115.0	30.198324971739204	33415.0	5427.0	-165.45731707317074	1131099.0	34518.402099609375	-206.5548780487805	-2567.0	6775.0	78.26219512195122	3733.3333333333335	2548.0	-340.0	0.8133971291866028	1760.0	-0.12440191387559808	98.11541102410315	4785680.0	4.2105263157894735	52.0	
2045.0	5.771739130434782	1722.0	2.260869565217391	2063.0	2.0652173913043477	10.0	-0.014992503748125937	0.16041979010494753	-44.0	15791.015625	0.06596701649175413	107.0	30.198324971739204	33415.0	5935.0	-180.94512195121953	1131419.0	34528.167724609375	-209.66463414634148	-2884.0	6877.0	87.92682926829269	3698.1684981684984	2524.0	8.0	-0.019138755980861243	1904.0	-0.019138755980861243	98.11703158046298	4785520.0	4.555023923444976	8.0	
2040.0	6.271739130434782	1676.0	2.3152173913043477	2090.0	1.7717391304347825	-7.0	0.010494752623688156	0.13493253373313344	-45.0	15800.78125	0.06746626686656672	90.0	30.198324971739204	33415.0	6482.0	-197.62195121951223	1131739.0	34537.933349609375	-209.90853658536588	-3183.0	6885.0	97.04268292682927	3730.4029304029305	2546.0	152.0	-0.36363636363636365	2088.0	0.028708133971291863	98.11703158046298	4785520.0	4.9952153110047846	-12.0	
2035.0	6.760869565217391	1631.0	2.369565217391304	2096.0	1.7065217391304348	-13.0	0.019490254872563718	0.13193403298350825	-43.0	15810.546875	0.06446776611694152	88.0	30.198324971739204	33415.0	7112.0	-216.82926829268294	1132059.0	34547.698974609375	-208.47560975609758	-3779.0	6838.0	115.21341463414635	3715.7509157509157	2536.0	124.0	-0.2966507177033493	2280.0	0.06698564593301436	98.11703158046298	4785520.0	5.454545454545454	-28.0	
2018.0	6.880434782608695	1620.0	2.5543478260869565	2067.0	2.0217391304347827	-26.0	0.038980509745127435	0.10644677661169415	-41.0	15820.3125	0.06146926536731634	71.0	30.198324971739204	33415.0	7731.0	-235.70121951219514	1132379.0	34557.464599609375	-205.6707317073171	-4632.0	6746.0	141.21951219512195	3705.4945054945056	2529.0	32.0	-0.07655502392344497	2392.0	0.27751196172248804	98.11703158046298	4785520.0	5.722488038277512	-116.0	
1998.0	7.010869565217391	1608.0	2.7717391304347827	2065.0	2.043478260869565	-33.0	0.04947526236881559	0.0914542728635682	-31.0	15830.078125	0.046476761619190406	61.0	30.198324971739204	33415.0	8441.0	-257.3475609756098	1132699.0	34567.230224609375	-203.07926829268294	-5643.0	6661.0	172.0426829268293	3718.6813186813188	2538.0	12.0	-0.028708133971291863	2416.0	0.4784688995215311	98.11703158046298	4785520.0	5.779904306220096	-200.0	
1976.0	7.032608695652174	1606.0	3.010869565217391	2063.0	2.0652173913043477	-47.0	0.0704647676161919	0.07196401799100449	-30.0	15839.84375	0.04497751124437781	48.0	30.198324971739204	33415.0	9288.0	-283.1707317073171	1133019.0	34576.995849609375	-194.51219512195124	-6664.0	6380.0	203.1707317073171	3730.4029304029305	2546.0	92.0	-0.2200956937799043	2468.0	0.784688995215311	98.11573513530267	4785648.0	5.904306220095694	-328.0	
1946.0	7.4021739130434785	1572.0	3.3369565217391304	2135.0	1.2826086956521738	-50.0	0.07496251874062969	0.050974512743628186	-23.0	15849.609375	0.034482758620689655	34.0	30.198324971739204	33415.0	9951.0	-303.38414634146346	1133339.0	34586.761474609375	-185.97560975609758	-7204.0	6100.0	219.63414634146343	3714.285714285714	2535.0	416.0	-0.9952153110047847	2656.0	1.1196172248803826	98.11573513530267	4785648.0	6.354066985645932	-468.0	
1906.0	7.673913043478261	1547.0	3.7717391304347827	2219.0	0.3695652173913043	-53.0	0.07946026986506746	0.02848575712143928	-12.0	15859.375	0.017991004497751123	19.0	30.198324971739204	33415.0	10385.0	-316.6158536585366	1133659.0	34596.527099609375	-174.69512195121953	-7016.0	5730.0	213.90243902439028	3727.4725274725274	2544.0	652.0	-1.5598086124401913	2704.0	1.3588516746411483	98.11573513530267	4785648.0	6.4688995215311005	-568.0	
1875.0	7.815217391304348	1534.0	4.108695652173913	2271.0	-0.19565217391304346	-59.0	0.08845577211394302	0.008995502248875561	-3.0	15869.140625	0.004497751124437781	6.0	30.198324971739204	33415.0	10896.0	-332.19512195121956	1133979.0	34606.292724609375	-159.5426829268293	-6493.0	5233.0	197.95731707317074	3708.4249084249086	2531.0	968.0	-2.3157894736842106	2760.0	1.84688995215311	98.11573513530267	4785648.0	6.602870813397129	-772.0	
1834.0	7.815217391304348	1534.0	4.554347826086956	2244.0	0.09782608695652173	-59.0	0.08845577211394302	-0.026986506746626684	5.0	15878.90625	-0.0074962518740629685	-18.0	30.198324971739204	33415.0	11434.0	-348.5975609756098	1134299.0	34616.058349609375	-145.1829268292683	-5957.0	4762.0	181.6158536585366	3714.285714285714	2535.0	912.0	-2.1818181818181817	2804.0	2.354066985645933	98.11573513530267	4785648.0	6.708133971291866	-984.0	
1811.0	7.8478260869565215	1531.0	4.804347826086956	2182.0	0.7717391304347826	-63.0	0.0944527736131934	-0.05547226386806597	17.0	15888.671875	-0.025487256371814093	-37.0	30.198324971739204	33415.0	12128.0	-369.75609756097566	1134619.0	34625.823974609375	-132.53048780487805	-5690.0	4347.0	173.47560975609758	3715.7509157509157	2536.0	576.0	-1.3779904306220094	2784.0	2.6985645933014353	98.11767980326043	4785456.0	6.660287081339713	-1128.0	
1796.0	7.641304347826087	1550.0	4.967391304347826	2129.0	1.3478260869565217	-59.0	0.08845577211394302	-0.07646176911544228	30.0	15898.4375	-0.04497751124437781	-51.0	30.198324971739204	33415.0	12869.0	-392.3475609756098	1134939.0	34635.589599609375	-117.53048780487806	-5922.0	3855.0	180.5487804878049	3701.0989010989015	2526.0	284.0	-0.6794258373205742	2748.0	2.909090909090909	98.11767980326043	4785456.0	6.574162679425837	-1216.0	
1765.0	8.17391304347826	1501.0	5.304347826086956	2115.0	1.5	-58.0	0.08695652173913043	-0.10044977511244378	47.0	15908.203125	-0.0704647676161919	-67.0	30.198324971739204	33415.0	13397.0	-408.44512195121956	1135259.0	34645.355224609375	-99.0548780487805	-6478.0	3249.0	197.50000000000003	3723.0769230769233	2541.0	196.0	-0.4688995215311005	2868.0	3.1483253588516744	98.11767980326043	4785456.0	6.861244019138756	-1316.0	
1717.0	9.521739130434783	1377.0	5.826086956521739	2129.0	1.3478260869565217	-53.0	0.07946026986506746	-0.1184407796101949	69.0	15917.96875	-0.10344827586206896	-79.0	30.198324971739204	33415.0	13712.0	-418.0487804878049	1135579.0	34655.120849609375	-78.17073170731707	-7064.0	2564.0	215.3658536585366	3740.6593406593406	2553.0	320.0	-0.7655502392344498	3456.0	3.751196172248804	98.11767980326043	4785456.0	8.267942583732058	-1568.0	
1655.0	10.989130434782608	1242.0	6.5	2175.0	0.8478260869565217	-47.0	0.0704647676161919	-0.14842578710644677	93.0	15927.734375	-0.1394302848575712	-99.0	30.198324971739204	33415.0	13930.0	-424.69512195121956	1135899.0	34664.886474609375	-53.10975609756098	-7533.0	1742.0	229.66463414634148	3721.611721611722	2540.0	492.0	-1.1770334928229664	4168.0	4.535885167464115	98.11767980326043	4785456.0	9.971291866028707	-1896.0	
1590.0	11.608695652173912	1185.0	7.206521739130435	2184.0	0.75	-35.0	0.05247376311844078	-0.17691154422788605	106.0	15937.5	-0.15892053973013492	-118.0	30.198324971739204	33415.0	14278.0	-435.30487804878055	1136219.0	34674.652099609375	-27.469512195121954	-7682.0	901.0	234.20731707317074	3740.6593406593406	2553.0	568.0	-1.3588516746411483	4544.0	5.311004784688995	98.11670746911857	4785552.0	10.870813397129186	-2220.0	
1542.0	10.641304347826086	1274.0	7.728260869565217	2176.0	0.8369565217391304	-30.0	0.04497751124437781	-0.1829085457271364	128.0	15947.265625	-0.191904047976012	-122.0	30.198324971739204	33415.0	14865.0	-453.20121951219517	1136539.0	34684.417724609375	-4.420731707317073	-7649.0	145.0	233.20121951219514	3727.4725274725274	2544.0	544.0	-1.3014354066985645	4136.0	5.9330143540669855	98.11670746911857	4785552.0	9.894736842105262	-2480.0	
1516.0	8.5	1471.0	8.01086956521739	2152.0	1.0978260869565217	-20.0	0.029985007496251874	-0.2098950524737631	156.0	15957.03125	-0.2338830584707646	-140.0	30.198324971739204	33415.0	15400.0	-469.51219512195127	1136859.0	34694.183349609375	15.975609756097562	-6954.0	-524.0	212.01219512195124	3723.0769230769233	2541.0	408.0	-0.9760765550239234	3120.0	6.220095693779904	98.11670746911857	4785552.0	7.464114832535885	-2600.0	
1466.0	5.869565217391304	1713.0	8.554347826086957	2118.0	1.467391304347826	-9.0	0.013493253373313342	-0.21889055472263869	181.0	15966.796875	-0.27136431784107945	-146.0	30.198324971739204	33415.0	15784.0	-481.219512195122	1137179.0	34703.948974609375	33.35365853658537	-4458.0	-1094.0	135.91463414634148	3715.7509157509157	2536.0	148.0	-0.354066985645933	1820.0	6.851674641148325	98.11670746911857	4785552.0	4.354066985645932	-2864.0	
1328.0	4.195652173913043	1867.0	10.054347826086957	2072.0	1.967391304347826	4.0	-0.005997001499250375	-0.239880059970015	200.0	15976.5625	-0.29985007496251875	-160.0	30.198324971739204	33415.0	15474.0	-471.76829268292687	1137499.0	34713.714599609375	44.268292682926834	-930.0	-1452.0	28.353658536585368	3714.285714285714	2535.0	-68.0	0.16267942583732056	1024.0	8.736842105263158	98.11670746911857	4785552.0	2.449760765550239	-3652.0	
1063.0	6.706521739130435	1636.0	12.934782608695652	2007.0	2.6739130434782608	4.0	-0.005997001499250375	-0.239880059970015	227.0	15986.328125	-0.3403298350824588	-160.0	30.198324971739204	33415.0	14406.0	-439.20731707317077	1137819.0	34723.480224609375	51.09756097560976	2238.0	-1676.0	-68.23170731707317	3724.542124542125	2542.0	-440.0	1.0526315789473684	2280.0	12.287081339712918	98.11686952478624	4785536.0	5.454545454545454	-5136.0	
820.0	12.92391304347826	1064.0	15.576086956521738	1858.0	4.293478260869565	3.0	-0.004497751124437781	-0.25037481259370314	249.0	15996.09375	-0.3733133433283358	-167.0	30.198324971739204	33415.0	13519.0	-412.1646341463415	1138139.0	34733.245849609375	49.11585365853659	2752.0	-1611.0	-83.90243902439025	3737.7289377289376	2551.0	-1064.0	2.5454545454545454	5484.0	15.157894736842104	98.11686952478624	4785536.0	13.119617224880383	-6336.0	
754.0	19.01086956521739	504.0	16.293478260869566	1812.0	4.793478260869565	-4.0	0.005997001499250375	-0.26686656671664166	275.0	16005.859375	-0.4122938530734633	-178.0	30.198324971739204	33415.0	13326.0	-406.2804878048781	1138459.0	34743.011474609375	49.90853658536586	920.0	-1637.0	-28.04878048780488	3708.4249084249086	2531.0	-1232.0	2.9473684210526314	8356.0	15.531100478468899	98.11686952478624	4785536.0	19.99043062200957	-6492.0	
827.0	21.33695652173913	290.0	15.5	1853.0	4.3478260869565215	-4.0	0.005997001499250375	-0.2608695652173913	298.0	16015.625	-0.4467766116941529	-174.0	30.198324971739204	33415.0	13528.0	-412.43902439024396	1138779.0	34752.777099609375	58.993902439024396	-1765.0	-1935.0	53.8109756097561	3727.4725274725274	2544.0	-1124.0	2.688995215311005	9008.0	15.07177033492823	98.11686952478624	4785536.0	21.55023923444976	-6300.0	
999.0	19.369565217391305	471.0	13.630434782608695	1972.0	3.0543478260869565	-3.0	0.004497751124437781	-0.2623688155922039	325.0	16025.390625	-0.4872563718140929	-175.0	30.198324971739204	33415.0	13423.0	-409.2378048780488	1139099.0	34762.542724609375	76.3109756097561	-3408.0	-2503.0	103.90243902439025	3708.4249084249086	2531.0	-604.0	1.444976076555024	8556.0	13.138755980861243	98.11686952478624	4785536.0	20.4688995215311	-5492.0	
1085.0	15.021739130434781	871.0	12.695652173913043	2024.0	2.4891304347826084	6.0	-0.008995502248875561	-0.25037481259370314	352.0	16035.15625	-0.527736131934033	-167.0	30.198324971739204	33415.0	13064.0	-398.2926829268293	1139419.0	34772.308349609375	90.09146341463415	-2764.0	-2955.0	84.26829268292684	3711.3553113553116	2533.0	-244.0	0.5837320574162679	6548.0	11.531100478468899	98.1173556918436	4785488.0	15.665071770334928	-4820.0	
1008.0	11.782608695652174	1169.0	13.532608695652174	1960.0	3.184782608695652	6.0	-0.008995502248875561	-0.24737631184407796	372.0	16044.921875	-0.5577211394302848	-165.0	30.198324971739204	33415.0	12181.0	-371.37195121951225	1139739.0	34782.073974609375	92.83536585365854	-729.0	-3045.0	22.225609756097562	3706.959706959707	2530.0	-508.0	1.215311004784689	4620.0	12.17224880382775	98.1173556918436	4785488.0	11.052631578947368	-5088.0	
842.0	11.717391304347826	1175.0	15.33695652173913	1868.0	4.184782608695652	6.0	-0.008995502248875561	-0.23088455772113942	390.0	16054.6875	-0.5847076461769115	-154.0	30.198324971739204	33415.0	11258.0	-343.2317073170732	1140059.0	34791.839599609375	91.06707317073172	1078.0	-2987.0	-32.86585365853659	3696.703296703297	2523.0	-948.0	2.2679425837320575	4204.0	14.239234449760765	98.1173556918436	4785488.0	10.057416267942584	-5952.0	
755.0	13.717391304347826	991.0	16.282608695652172	1794.0	4.989130434782608	2.0	-0.0029985007496251873	-0.2353823088455772	406.0	16064.453125	-0.608695652173913	-157.0	30.198324971739204	33415.0	10861.0	-331.12804878048786	1140379.0	34801.605224609375	80.39634146341464	2901.0	-2637.0	-88.44512195121952	3730.4029304029305	2546.0	-1272.0	3.0430622009569377	5332.0	15.502392344497608	98.1173556918436	4785488.0	12.75598086124402	-6480.0	
702.0	15.934782608695652	787.0	16.858695652173914	1754.0	5.423913043478261	-7.0	0.010494752623688156	-0.21889055472263869	439.0	16074.21875	-0.6581709145427286	-146.0	30.198324971739204	33415.0	10364.0	-315.9756097560976	1140699.0	34811.370849609375	70.97560975609757	3909.0	-2328.0	-119.17682926829269	3742.124542124542	2554.0	-1464.0	3.5023923444976077	6324.0	16.33492822966507	98.1173556918436	4785488.0	15.129186602870814	-6828.0	
721.0	18.206521739130434	578.0	16.652173913043477	1723.0	5.760869565217392	-7.0	0.010494752623688156	-0.2098950524737631	444.0	16083.984375	-0.6656671664167916	-140.0	30.198324971739204	33415.0	9295.0	-283.38414634146346	1141019.0	34821.136474609375	51.768292682926834	3989.0	-1698.0	-121.6158536585366	3705.4945054945056	2529.0	-1600.0	3.827751196172249	7332.0	16.248803827751196	98.11767980326043	4785456.0	17.540669856459328	-6792.0	
823.0	19.358695652173914	472.0	15.543478260869565	1674.0	6.293478260869565	-26.0	0.038980509745127435	-0.20239880059970014	454.0	16093.75	-0.6806596701649176	-135.0	30.198324971739204	33415.0	8526.0	-259.9390243902439	1141339.0	34830.902099609375	42.10365853658537	3656.0	-1381.0	-111.46341463414635	3743.5897435897436	2555.0	-1840.0	4.401913875598086	8072.0	14.937799043062201	98.11767980326043	4785456.0	19.311004784688993	-6244.0	
842.0	19.652173913043477	445.0	15.33695652173913	1694.0	6.076086956521739	-28.0	0.041979010494752625	-0.19040479760119938	464.0	16103.515625	-0.6956521739130435	-127.0	30.198324971739204	33415.0	7511.0	-228.99390243902442	1141659.0	34840.667724609375	47.59146341463415	3211.0	-1561.0	-97.89634146341464	3704.029304029304	2528.0	-1796.0	4.296650717703349	7952.0	14.78468899521531	98.11767980326043	4785456.0	19.023923444976077	-6180.0	
936.0	19.82608695652174	429.0	14.315217391304348	1731.0	5.673913043478261	-36.0	0.05397301349325337	-0.1889055472263868	473.0	16113.28125	-0.7091454272863568	-126.0	30.198324971739204	33415.0	6169.0	-188.07926829268294	1141979.0	34850.433349609375	23.689024390243905	3029.0	-777.0	-92.34756097560977	3724.542124542125	2542.0	-1540.0	3.6842105263157894	8096.0	13.607655502392344	98.11767980326043	4785456.0	19.36842105263158	-5688.0	
1042.0	19.956521739130434	417.0	13.16304347826087	1763.0	5.326086956521739	-41.0	0.06146926536731634	-0.17541229385307347	482.0	16123.046875	-0.7226386806596702	-117.0	30.198324971739204	33415.0	5063.0	-154.359756097561	1142299.0	34860.198974609375	19.29878048780488	2375.0	-633.0	-72.40853658536587	3718.6813186813188	2538.0	-1528.0	3.6555023923444976	8260.0	12.229665071770334	98.11767980326043	4785456.0	19.760765550239235	-5112.0	
1101.0	17.75	620.0	12.521739130434781	1920.0	3.619565217391304	-45.0	0.06746626686656672	-0.16941529235382308	497.0	16132.8125	-0.7451274362818591	-113.0	30.198324971739204	33415.0	3902.0	-118.96341463414635	1142619.0	34869.964599609375	11.067073170731708	2355.0	-363.0	-71.79878048780489	3717.2161172161173	2537.0	-528.0	1.263157894736842	7112.0	11.569377990430622	98.11913830508442	4785312.0	17.014354066985646	-4836.0	
1042.0	16.043478260869566	777.0	13.16304347826087	1704.0	5.967391304347826	-51.0	0.07646176911544228	-0.1664167916041979	498.0	16142.578125	-0.7466266866566716	-111.0	30.198324971739204	33415.0	2476.0	-75.48780487804879	1142939.0	34879.730224609375	-18.628048780487806	4923.0	611.0	-150.09146341463415	3730.4029304029305	2546.0	-1920.0	4.5933014354066986	6288.0	12.526315789473683	98.11913830508442	4785312.0	15.043062200956937	-5236.0	
1078.0	15.880434782608695	792.0	12.771739130434781	1540.0	7.75	-55.0	0.08245877061469264	-0.15742128935532235	499.0	16152.34375	-0.7481259370314842	-105.0	30.198324971739204	33415.0	1068.0	-32.5609756097561	1143259.0	34889.495849609375	-23.59756097560976	7019.0	774.0	-213.9939024390244	3726.007326007326	2543.0	-2540.0	6.0765550239234445	6376.0	11.68421052631579	98.11913830508442	4785312.0	15.253588516746412	-4884.0	
1181.0	17.75	620.0	11.652173913043478	1522.0	7.945652173913043	-61.0	0.0914542728635682	-0.15142428785607195	503.0	16162.109375	-0.7541229385307346	-101.0	30.198324971739204	33415.0	55.0	-1.676829268292683	1143579.0	34899.261474609375	-41.40243902439025	8005.0	1358.0	-244.05487804878052	3709.89010989011	2532.0	-2744.0	6.564593301435407	6940.0	10.736842105263158	98.11913830508442	4785312.0	16.60287081339713	-4488.0	
1318.0	18.152173913043477	583.0	10.16304347826087	1703.0	5.978260869565217	-74.0	0.11094452773613193	-0.1424287856071964	504.0	16171.875	-0.7556221889055472	-95.0	30.198324971739204	33415.0	-181.0	5.5182926829268295	1143899.0	34909.027099609375	-27.865853658536587	6925.0	914.0	-211.12804878048783	3726.007326007326	2543.0	-2104.0	5.033492822966507	7408.0	9.311004784688995	98.11913830508442	4785312.0	17.72248803827751	-3892.0	
1396.0	19.119565217391305	494.0	9.315217391304348	1916.0	3.6630434782608696	-82.0	0.12293853073463268	-0.14692653673163417	504.0	16181.640625	-0.7556221889055472	-98.0	30.198324971739204	33415.0	-1570.0	47.86585365853659	1144219.0	34918.792724609375	-24.420731707317074	5946.0	801.0	-181.28048780487808	3706.959706959707	2530.0	-888.0	2.124401913875598	7728.0	8.047846889952153	98.11670746911857	4785552.0	18.48803827751196	-3364.0	
1412.0	18.663043478260867	536.0	9.141304347826086	1978.0	2.9891304347826084	-92.0	0.13793103448275862	-0.14992503748125938	504.0	16191.40625	-0.7556221889055472	-100.0	30.198324971739204	33415.0	-2657.0	81.00609756097562	1144539.0	34928.558349609375	-23.414634146341466	5081.0	768.0	-154.90853658536588	3717.2161172161173	2537.0	-348.0	0.8325358851674641	7704.0	7.693779904306219	98.11670746911857	4785552.0	18.430622009569376	-3216.0	
1398.0	18.72826086956522	530.0	9.293478260869565	1888.0	3.967391304347826	-93.0	0.1394302848575712	-0.15592203898050974	504.0	16201.171875	-0.7556221889055472	-104.0	30.198324971739204	33415.0	-2800.0	85.3658536585366	1144859.0	34938.323974609375	-18.56707317073171	3745.0	609.0	-114.17682926829269	3715.7509157509157	2536.0	-728.0	1.7416267942583732	7784.0	8.028708133971291	98.11670746911857	4785552.0	18.62200956937799	-3356.0	
1411.0	17.706521739130434	624.0	9.152173913043478	1826.0	4.641304347826087	-97.0	0.1454272863568216	-0.14992503748125938	493.0	16210.9375	-0.7391304347826086	-100.0	30.198324971739204	33415.0	-2966.0	90.42682926829269	1145179.0	34948.089599609375	-6.097560975609757	2607.0	200.0	-79.48170731707317	3698.1684981684984	2524.0	-1192.0	2.851674641148325	7412.0	7.770334928229665	98.11670746911857	4785552.0	17.732057416267942	-3248.0	
1380.0	16.58695652173913	727.0	9.48913043478261	1849.0	4.391304347826087	-104.0	0.15592203898050974	-0.15742128935532235	490.0	16220.703125	-0.7346326836581709	-105.0	30.198324971739204	33415.0	-3529.0	107.59146341463416	1145499.0	34957.855224609375	0.853658536585366	1644.0	-28.0	-50.1219512195122	3720.1465201465203	2539.0	-1088.0	2.602870813397129	6740.0	8.210526315789473	98.11670746911857	4785552.0	16.124401913875598	-3432.0	
1406.0	16.67391304347826	719.0	9.206521739130434	1915.0	3.6739130434782608	-103.0	0.15442278860569714	-0.15442278860569714	487.0	16230.46875	-0.7301349325337331	-103.0	30.198324971739204	33415.0	-4086.0	124.57317073170732	1145819.0	34967.620849609375	2.1341463414634148	556.0	-70.0	-16.951219512195124	3742.124542124542	2554.0	-708.0	1.69377990430622	6744.0	7.952153110047846	98.11638335781038	4785584.0	16.13397129186603	-3324.0	
1434.0	16.043478260869566	777.0	8.902173913043478	1988.0	2.880434782608696	-100.0	0.14992503748125938	-0.17241379310344826	487.0	16240.234375	-0.7301349325337331	-115.0	30.198324971739204	33415.0	-4487.0	136.7987804878049	1146139.0	34977.386474609375	14.573170731707318	-30.0	-478.0	0.9146341463414634	3708.4249084249086	2531.0	-412.0	0.985645933014354	6556.0	7.473684210526316	98.11638335781038	4785584.0	15.68421052631579	-3124.0	
1426.0	15.032608695652174	870.0	8.98913043478261	2040.0	2.3152173913043477	-100.0	0.14992503748125938	-0.17241379310344826	483.0	16250.0	-0.7241379310344828	-115.0	30.198324971739204	33415.0	-4851.0	147.89634146341464	1146459.0	34987.152099609375	21.402439024390247	-340.0	-702.0	10.365853658536587	3737.7289377289376	2551.0	-116.0	0.27751196172248804	6024.0	7.521531100478469	98.11638335781038	4785584.0	14.411483253588516	-3144.0	
1439.0	13.630434782608695	999.0	8.847826086956522	2090.0	1.7717391304347825	-106.0	0.15892053973013492	-0.17391304347826086	474.0	16259.765625	-0.7106446776611693	-116.0	30.198324971739204	33415.0	-5457.0	166.3719512195122	1146779.0	34996.917724609375	23.323170731707318	254.0	-765.0	-7.743902439024391	3731.868131868132	2547.0	116.0	-0.27751196172248804	5372.0	7.464114832535885	98.11638335781038	4785584.0	12.851674641148325	-3120.0	
1448.0	12.92391304347826	1064.0	8.75	2108.0	1.576086956521739	-106.0	0.15892053973013492	-0.18140929535232383	473.0	16269.53125	-0.7091454272863568	-121.0	30.198324971739204	33415.0	-5916.0	180.3658536585366	1147099.0	35006.683349609375	31.951219512195124	928.0	-1048.0	-28.292682926829272	3740.6593406593406	2553.0	180.0	-0.43062200956937796	5024.0	7.282296650717703	98.11638335781038	4785584.0	12.01913875598086	-3044.0	
1428.0	13.021739130434781	1055.0	8.967391304347826	2119.0	1.4565217391304348	-109.0	0.1634182908545727	-0.191904047976012	455.0	16279.296875	-0.6821589205397302	-128.0	30.198324971739204	33415.0	-6369.0	194.1768292682927	1147419.0	35016.448974609375	39.11585365853659	1586.0	-1283.0	-48.35365853658537	3721.611721611722	2540.0	252.0	-0.6028708133971291	5092.0	7.521531100478469	98.11654541345995	4785568.0	12.181818181818182	-3144.0	
1438.0	13.67391304347826	995.0	8.858695652173912	2179.0	0.8043478260869565	-111.0	0.1664167916041979	-0.19640179910044978	445.0	16289.0625	-0.6671664167916042	-131.0	30.198324971739204	33415.0	-7086.0	216.03658536585368	1147739.0	35026.214599609375	46.676829268292686	1936.0	-1531.0	-59.024390243902445	3714.285714285714	2535.0	544.0	-1.3014354066985645	5412.0	7.435406698564593	98.11654541345995	4785568.0	12.947368421052632	-3108.0	
1449.0	13.902173913043478	974.0	8.73913043478261	2247.0	0.06521739130434782	-115.0	0.17241379310344826	-0.20389805097451275	438.0	16298.828125	-0.656671664167916	-136.0	30.198324971739204	33415.0	-7655.0	233.38414634146343	1148059.0	35035.980224609375	57.07317073170732	2380.0	-1872.0	-72.5609756097561	3756.776556776557	2564.0	960.0	-2.2966507177033493	5488.0	7.291866028708133	98.11654541345995	4785568.0	13.129186602870814	-3048.0	
1437.0	13.858695652173912	978.0	8.869565217391305	2348.0	-1.0326086956521738	-119.0	0.17841079460269865	-0.20689655172413793	421.0	16308.59375	-0.631184407796102	-138.0	30.198324971739204	33415.0	-8065.0	245.88414634146343	1148379.0	35045.745849609375	68.17073170731707	2782.0	-2236.0	-84.81707317073172	3736.2637362637365	2550.0	1420.0	-3.3971291866028706	5464.0	7.425837320574162	98.11654541345995	4785568.0	13.07177033492823	-3104.0	
1419.0	14.043478260869565	961.0	9.065217391304348	2439.0	-2.0217391304347827	-119.0	0.17841079460269865	-0.21889055472263869	418.0	16318.359375	-0.6266866566716641	-146.0	30.198324971739204	33415.0	-8475.0	258.38414634146346	1148699.0	35055.511474609375	81.00609756097562	3223.0	-2657.0	-98.26219512195122	3737.7289377289376	2551.0	1652.0	-3.952153110047847	5476.0	7.521531100478469	98.11654541345995	4785568.0	13.10047846889952	-3144.0	
1411.0	14.706521739130434	900.0	9.152173913043478	2518.0	-2.880434782608696	-129.0	0.1934032983508246	-0.22038980509745126	397.0	16328.125	-0.5952023988005997	-147.0	30.198324971739204	33415.0	-9122.0	278.109756097561	1149019.0	35065.277099609375	92.95731707317074	3594.0	-3049.0	-109.57317073170732	3727.4725274725274	2544.0	2064.0	-4.937799043062201	5756.0	7.712918660287081	98.11524896851697	4785696.0	13.770334928229664	-3224.0	
1406.0	15.054347826086957	868.0	9.206521739130434	2564.0	-3.3804347826086953	-136.0	0.20389805097451275	-0.22638680659670163	376.0	16337.890625	-0.5637181409295352	-151.0	30.198324971739204	33415.0	-9370.0	285.6707317073171	1149339.0	35075.042724609375	110.70121951219514	3824.0	-3631.0	-116.58536585365854	3701.0989010989015	2526.0	2304.0	-5.511961722488038	6016.0	7.751196172248804	98.11524896851697	4785696.0	14.392344497607654	-3240.0	
1403.0	15.206521739130434	854.0	9.23913043478261	2631.0	-4.108695652173913	-146.0	0.21889055472263869	-0.22788605697151423	366.0	16347.65625	-0.5487256371814093	-152.0	30.198324971739204	33415.0	-9504.0	289.75609756097566	1149659.0	35084.808349609375	126.79878048780489	3737.0	-4159.0	-113.9329268292683	3711.3553113553116	2533.0	2556.0	-6.114832535885167	6080.0	7.789473684210526	98.11524896851697	4785696.0	14.545454545454545	-3256.0	
1413.0	15.315217391304348	844.0	9.130434782608695	2674.0	-4.576086956521739	-146.0	0.21889055472263869	-0.23088455772113942	352.0	16357.421875	-0.527736131934033	-154.0	30.198324971739204	33415.0	-10000.0	304.87804878048786	1149979.0	35094.573974609375	144.72560975609758	3518.0	-4747.0	-107.25609756097562	3695.2380952380954	2522.0	2856.0	-6.832535885167464	6112.0	7.617224880382775	98.11524896851697	4785696.0	14.62200956937799	-3184.0	
1407.0	15.195652173913043	855.0	9.195652173913043	2726.0	-5.141304347826087	-161.0	0.24137931034482757	-0.2353823088455772	328.0	16367.1875	-0.4917541229385307	-157.0	30.198324971739204	33415.0	-10229.0	311.859756097561	1150299.0	35104.339599609375	162.0426829268293	3555.0	-5315.0	-108.38414634146342	3736.2637362637365	2550.0	3132.0	-7.492822966507177	6104.0	7.626794258373206	98.11524896851697	4785696.0	14.602870813397129	-3188.0	
1403.0	15.032608695652174	870.0	9.23913043478261	2757.0	-5.478260869565217	-162.0	0.24287856071964017	-0.23238380809595202	314.0	16376.953125	-0.4707646176911544	-155.0	30.198324971739204	33415.0	-10229.0	311.859756097561	1150619.0	35114.105224609375	176.95121951219514	3585.0	-5804.0	-109.29878048780489	3731.868131868132	2547.0	3336.0	-7.980861244019138	6044.0	7.712918660287081	98.1173556918436	4785488.0	14.459330143540669	-3224.0	
1422.0	14.554347826086957	914.0	9.032608695652174	2780.0	-5.728260869565217	-171.0	0.2563718140929535	-0.22488755622188905	298.0	16386.71875	-0.4467766116941529	-150.0	30.198324971739204	33415.0	-10493.0	319.9085365853659	1150939.0	35123.870849609375	193.38414634146343	3656.0	-6343.0	-111.46341463414635	3736.2637362637365	2550.0	3464.0	-8.287081339712918	5800.0	7.502392344497608	98.1173556918436	4785488.0	13.875598086124402	-3136.0	
1462.0	14.0	965.0	8.597826086956522	2798.0	-5.923913043478261	-170.0	0.25487256371814093	-0.22338830584707645	271.0	16396.484375	-0.40629685157421286	-149.0	30.198324971739204	33415.0	-10513.0	320.51829268292687	1151259.0	35133.636474609375	205.51829268292684	3837.0	-6741.0	-116.98170731707319	3728.937728937729	2545.0	3556.0	-8.507177033492823	5584.0	7.0047846889952154	98.1173556918436	4785488.0	13.358851674641148	-2928.0	
1502.0	13.67391304347826	995.0	8.16304347826087	2786.0	-5.793478260869565	-182.0	0.272863568215892	-0.21139430284857572	252.0	16406.25	-0.3778110944527736	-141.0	30.198324971739204	33415.0	-10402.0	317.13414634146346	1151579.0	35143.402099609375	217.8048780487805	3885.0	-7144.0	-118.44512195121952	3736.2637362637365	2550.0	3536.0	-8.459330143540669	5420.0	6.363636363636363	98.1173556918436	4785488.0	12.966507177033492	-2660.0	
1556.0	13.83695652173913	980.0	7.576086956521739	2807.0	-6.021739130434782	-180.0	0.2698650674662669	-0.19640179910044978	229.0	16416.015625	-0.34332833583208394	-131.0	30.198324971739204	33415.0	-10450.0	318.5975609756098	1151899.0	35153.167724609375	232.07317073170734	3763.0	-7612.0	-114.72560975609757	3742.124542124542	2554.0	3576.0	-8.555023923444976	5448.0	5.712918660287081	98.1173556918436	4785488.0	13.033492822966506	-2388.0	
1590.0	14.119565217391305	954.0	7.206521739130435	2790.0	-5.83695652173913	-182.0	0.272863568215892	-0.19490254872563717	208.0	16425.78125	-0.3118440779610195	-130.0	30.198324971739204	33415.0	-10464.0	319.0243902439025	1152219.0	35162.933349609375	243.38414634146343	3531.0	-7983.0	-107.65243902439025	3727.4725274725274	2544.0	3504.0	-8.382775119617225	5596.0	5.3971291866028706	98.11524896851697	4785696.0	13.38755980861244	-2256.0	
1603.0	13.989130434782608	966.0	7.065217391304348	2775.0	-5.673913043478261	-179.0	0.26836581709145424	-0.17691154422788605	188.0	16435.546875	-0.2818590704647676	-118.0	30.198324971739204	33415.0	-10322.0	314.69512195121956	1152539.0	35172.698974609375	251.58536585365857	3153.0	-8252.0	-96.12804878048782	3731.868131868132	2547.0	3424.0	-8.191387559808613	5552.0	5.186602870813397	98.11524896851697	4785696.0	13.282296650717702	-2168.0	
1626.0	13.597826086956522	1002.0	6.815217391304348	2770.0	-5.619565217391304	-184.0	0.27586206896551724	-0.1679160419790105	163.0	16445.3125	-0.24437781109445278	-112.0	30.198324971739204	33415.0	-10282.0	313.4756097560976	1152859.0	35182.464599609375	257.1036585365854	2795.0	-8433.0	-85.21341463414635	3705.4945054945056	2529.0	3420.0	-8.181818181818182	5356.0	4.947368421052631	98.11524896851697	4785696.0	12.813397129186603	-2068.0	
1645.0	12.934782608695652	1063.0	6.608695652173913	2760.0	-5.510869565217392	-174.0	0.2608695652173913	-0.15742128935532235	149.0	16455.078125	-0.22338830584707645	-105.0	30.198324971739204	33415.0	-10387.0	316.6768292682927	1153179.0	35192.230224609375	262.5	2318.0	-8610.0	-70.67073170731707	3753.846153846154	2562.0	3388.0	-8.105263157894736	4964.0	4.688995215311005	98.11524896851697	4785696.0	11.875598086124402	-1960.0	
1663.0	12.51086956521739	1102.0	6.413043478260869	2764.0	-5.554347826086956	-180.0	0.2698650674662669	-0.13343328335832083	122.0	16464.84375	-0.1829085457271364	-89.0	30.198324971739204	33415.0	-10184.0	310.4878048780488	1153499.0	35201.995849609375	265.3963414634147	1894.0	-8705.0	-57.743902439024396	3728.937728937729	2545.0	3372.0	-8.066985645933014	4872.0	4.564593301435407	98.11524896851697	4785696.0	11.655502392344497	-1908.0	
1684.0	12.195652173913043	1131.0	6.184782608695652	2751.0	-5.413043478260869	-168.0	0.2518740629685157	-0.11544227886056971	109.0	16474.609375	-0.1634182908545727	-77.0	30.21323792427429	33418.0	-9964.0	303.7804878048781	1153819.0	35211.761474609375	265.94512195121956	1315.0	-8723.0	-40.09146341463415	3728.937728937729	2545.0	3364.0	-8.047846889952153	4816.0	4.287081339712919	98.11776643627543	4785696.0	11.521531100478468	-1792.0	
1708.0	11.782608695652174	1169.0	5.923913043478261	2750.0	-5.4021739130434785	-161.0	0.24137931034482757	-0.09745127436281859	83.0	16484.375	-0.12443778110944527	-65.0	30.21323792427429	33418.0	-9925.0	302.5914634146342	1154139.0	35221.527099609375	266.3414634146342	867.0	-8736.0	-26.432926829268297	3731.868131868132	2547.0	3332.0	-7.971291866028708	4600.0	4.038277511961723	98.11776643627543	4785696.0	11.004784688995215	-1688.0	
1730.0	11.239130434782608	1219.0	5.684782608695652	2797.0	-5.913043478260869	-157.0	0.2353823088455772	-0.08545727136431784	72.0	16494.140625	-0.10794602698650674	-57.0	30.21323792427429	33418.0	-9881.0	301.25	1154459.0	35231.292724609375	266.1585365853659	546.0	-8730.0	-16.646341463414636	3701.0989010989015	2526.0	3488.0	-8.344497607655502	4348.0	3.799043062200957	98.11776643627543	4785696.0	10.401913875598085	-1588.0	
1742.0	10.934782608695652	1247.0	5.554347826086956	2792.0	-5.858695652173913	-140.0	0.2098950524737631	-0.06746626686656672	54.0	16503.90625	-0.08095952023988005	-45.0	30.21323792427429	33418.0	-9703.0	295.82317073170736	1154779.0	35241.058349609375	267.9268292682927	338.0	-8788.0	-10.30487804878049	3712.820512820513	2534.0	3520.0	-8.421052631578947	4180.0	3.5980861244019136	98.11776643627543	4785696.0	10.0	-1504.0	
1761.0	10.434782608695652	1293.0	5.3478260869565215	2736.0	-5.25	-134.0	0.20089955022488756	-0.04497751124437781	41.0	16513.671875	-0.06146926536731634	-30.0	30.21323792427429	33418.0	-9478.0	288.9634146341464	1155099.0	35250.823974609375	266.1890243902439	12.0	-8731.0	-0.3658536585365854	3696.703296703297	2523.0	3256.0	-7.789473684210526	4032.0	3.3492822966507174	98.11776643627543	4785696.0	9.645933014354066	-1400.0	
1795.0	9.717391304347826	1359.0	4.978260869565217	2701.0	-4.869565217391305	-119.0	0.17841079460269865	-0.03298350824587706	28.0	16523.4375	-0.041979010494752625	-22.0	30.21323792427429	33418.0	-9323.0	284.2378048780488	1155419.0	35260.589599609375	263.20121951219517	-22.0	-8633.0	0.6707317073170732	3733.3333333333335	2548.0	3136.0	-7.502392344497608	3688.0	2.9665071770334928	98.13024504700492	4784464.0	8.822966507177034	-1240.0	
1826.0	8.42391304347826	1478.0	4.641304347826087	2617.0	-3.9565217391304346	-97.0	0.1454272863568216	-0.008995502248875561	6.0	16533.203125	-0.008995502248875561	-6.0	30.21323792427429	33418.0	-9153.0	279.0548780487805	1155739.0	35270.355224609375	261.25	126.0	-8569.0	-3.8414634146341466	3726.007326007326	2543.0	2724.0	-6.516746411483253	3140.0	2.6220095693779903	98.13024504700492	4784464.0	7.511961722488038	-1096.0	
1867.0	7.0	1609.0	4.195652173913043	2548.0	-3.2065217391304346	-92.0	0.13793103448275862	0.013493253373313342	0.0	16542.96875	0.0	9.0	30.21323792427429	33418.0	-8740.0	266.4634146341464	1156059.0	35280.120849609375	258.20121951219517	358.0	-8469.0	-10.914634146341465	3739.194139194139	2552.0	2388.0	-5.712918660287081	2456.0	2.1052631578947367	98.13024504700492	4784464.0	5.875598086124402	-880.0	
1902.0	6.065217391304348	1695.0	3.8152173913043477	2526.0	-2.967391304347826	-83.0	0.12443778110944527	0.04047976011994003	-13.0	16552.734375	0.019490254872563718	27.0	30.21323792427429	33418.0	-8465.0	258.07926829268297	1156379.0	35289.886474609375	256.4939024390244	872.0	-8413.0	-26.58536585365854	3718.6813186813188	2538.0	2228.0	-5.330143540669856	2008.0	1.6842105263157894	98.13024504700492	4784464.0	4.803827751196172	-704.0	
1922.0	5.423913043478261	1754.0	3.5978260869565215	2453.0	-2.1739130434782608	-74.0	0.11094452773613193	0.05547226386806597	-11.0	16562.5	0.01649175412293853	37.0	30.21323792427429	33418.0	-8140.0	248.1707317073171	1156699.0	35299.652099609375	256.0670731707317	1695.0	-8399.0	-51.676829268292686	3728.937728937729	2545.0	1908.0	-4.564593301435407	1696.0	1.416267942583732	98.13024504700492	4784464.0	4.057416267942584	-592.0	
1937.0	4.923913043478261	1800.0	3.434782608695652	2393.0	-1.5217391304347825	-53.0	0.07946026986506746	0.07496251874062969	-27.0	16572.265625	0.04047976011994003	50.0	30.21323792427429	33418.0	-7567.0	230.70121951219514	1157019.0	35309.417724609375	253.56707317073173	2353.0	-8317.0	-71.73780487804879	3728.937728937729	2545.0	1584.0	-3.789473684210526	1500.0	1.2535885167464114	98.12765208451233	4784720.0	3.588516746411483	-524.0	
1957.0	4.815217391304348	1810.0	3.217391304347826	2351.0	-1.065217391304348	-43.0	0.06446776611694152	0.0944527736131934	-31.0	16582.03125	0.046476761619190406	63.0	30.21323792427429	33418.0	-7187.0	219.1158536585366	1157339.0	35319.183349609375	251.82926829268294	2810.0	-8260.0	-85.67073170731707	3723.0769230769233	2541.0	1384.0	-3.311004784688995	1396.0	1.0239234449760766	98.12765208451233	4784720.0	3.339712918660287	-428.0	
1982.0	5.130434782608695	1781.0	2.9456521739130435	2304.0	-0.5543478260869565	-23.0	0.034482758620689655	0.11094452773613193	-38.0	16591.796875	0.05697151424287856	74.0	30.21323792427429	33418.0	-6616.0	201.70731707317074	1157659.0	35328.948974609375	249.39024390243904	3261.0	-8180.0	-99.42073170731709	3723.0769230769233	2541.0	1124.0	-2.688995215311005	1592.0	0.6028708133971291	98.12765208451233	4784720.0	3.8086124401913874	-252.0	
2012.0	5.1521739130434785	1779.0	2.619565217391304	2248.0	0.05434782608695652	-19.0	0.02848575712143928	0.12593703148425786	-35.0	16601.5625	0.05247376311844078	84.0	30.21323792427429	33418.0	-5930.0	180.7926829268293	1157979.0	35338.714599609375	246.40243902439028	3250.0	-8082.0	-99.08536585365854	3712.820512820513	2534.0	844.0	-2.0191387559808613	1616.0	0.3923444976076555	98.12765208451233	4784720.0	3.866028708133971	-164.0	
2012.0	5.108695652173913	1783.0	2.619565217391304	2167.0	0.9347826086956521	-5.0	0.0074962518740629685	0.1394302848575712	-38.0	16611.328125	0.05697151424287856	93.0	30.21323792427429	33418.0	-5626.0	171.52439024390245	1158299.0	35348.480224609375	242.53048780487808	3164.0	-7955.0	-96.46341463414635	3733.3333333333335	2548.0	572.0	-1.368421052631579	1540.0	0.4401913875598086	98.12765208451233	4784720.0	3.6842105263157894	-184.0	
1998.0	4.760869565217392	1815.0	2.7717391304347827	2129.0	1.3478260869565217	6.0	-0.008995502248875561	0.14992503748125938	-39.0	16621.09375	0.05847076461769115	100.0	30.21323792427429	33418.0	-4874.0	148.59756097560978	1158619.0	35358.245849609375	236.31097560975613	3029.0	-7751.0	-92.34756097560977	3736.2637362637365	2550.0	460.0	-1.1004784688995215	1496.0	0.507177033492823	98.12262822627963	4785216.0	3.5789473684210527	-212.0	
2007.0	4.380434782608695	1850.0	2.6739130434782608	2087.0	1.8043478260869565	6.0	-0.008995502248875561	0.14992503748125938	-39.0	16630.859375	0.05847076461769115	100.0	30.21323792427429	33418.0	-4166.0	127.01219512195124	1158939.0	35368.011474609375	227.07317073170734	2631.0	-7448.0	-80.21341463414635	3731.868131868132	2547.0	212.0	-0.507177033492823	1316.0	0.507177033492823	98.12262822627963	4785216.0	3.1483253588516744	-212.0	
2051.0	4.293478260869565	1858.0	2.1956521739130435	2070.0	1.9891304347826086	39.0	-0.05847076461769115	0.17091454272863568	-34.0	16640.625	0.050974512743628186	114.0	30.21323792427429	33418.0	-3856.0	117.56097560975611	1159259.0	35377.777099609375	220.70121951219514	2287.0	-7239.0	-69.72560975609757	3724.542124542125	2542.0	60.0	-0.14354066985645933	1180.0	0.10526315789473684	98.12262822627963	4785216.0	2.8229665071770333	-44.0	
2086.0	4.163043478260869	1870.0	1.8152173913043477	2041.0	2.3043478260869565	39.0	-0.05847076461769115	0.17091454272863568	-34.0	16650.390625	0.050974512743628186	114.0	30.21323792427429	33418.0	-3235.0	98.62804878048782	1159579.0	35387.542724609375	213.01829268292684	2029.0	-6987.0	-61.85975609756098	3712.820512820513	2534.0	-28.0	0.06698564593301436	1200.0	-0.42105263157894735	98.12262822627963	4785216.0	2.8708133971291865	176.0	
2068.0	3.9239130434782608	1892.0	2.010869565217391	1975.0	3.0217391304347827	44.0	-0.06596701649175413	0.18140929535232383	-39.0	16660.15625	0.05847076461769115	121.0	30.21323792427429	33418.0	-2692.0	82.07317073170732	1159899.0	35397.308349609375	202.22560975609758	1633.0	-6633.0	-49.78658536585366	3715.7509157509157	2536.0	-368.0	0.8803827751196172	1068.0	-0.34449760765550236	98.12262822627963	4785216.0	2.555023923444976	144.0	
2040.0	3.532608695652174	1928.0	2.3152173913043477	1877.0	4.08695652173913	49.0	-0.07346326836581708	0.17991004497751123	-33.0	16669.921875	0.04947526236881559	120.0	30.21323792427429	33418.0	-2312.0	70.48780487804879	1160219.0	35407.073974609375	188.96341463414635	1458.0	-6198.0	-44.451219512195124	3699.6336996337	2525.0	-808.0	1.9330143540669855	924.0	0.057416267942583726	98.12149380788304	4785328.0	2.2105263157894735	-24.0	
2020.0	3.1304347826086953	1965.0	2.532608695652174	1779.0	5.1521739130434785	63.0	-0.0944527736131934	0.18590704647676162	-29.0	16679.6875	0.043478260869565216	124.0	30.21323792427429	33418.0	-1925.0	58.68902439024391	1160539.0	35416.839599609375	172.37804878048783	1287.0	-5654.0	-39.237804878048784	3726.007326007326	2543.0	-1268.0	3.0334928229665072	692.0	0.4401913875598086	98.12149380788304	4785328.0	1.6555023923444976	-184.0	
2023.0	2.858695652173913	1990.0	2.5	1683.0	6.195652173913043	75.0	-0.11244377811094453	0.18590704647676162	-37.0	16689.453125	0.05547226386806597	124.0	30.21323792427429	33418.0	-1391.0	42.40853658536586	1160859.0	35426.605224609375	153.20121951219514	1087.0	-5025.0	-33.140243902439025	3728.937728937729	2545.0	-1756.0	4.200956937799043	604.0	0.37320574162679426	98.12149380788304	4785328.0	1.444976076555024	-156.0	
2067.0	3.0760869565217392	1970.0	2.0217391304347827	1600.0	7.0978260869565215	84.0	-0.12593703148425786	0.20239880059970014	-27.0	16699.21875	0.04047976011994003	135.0	30.21323792427429	33418.0	-977.0	29.78658536585366	1161179.0	35436.370849609375	132.5	765.0	-4346.0	-23.323170731707318	3743.5897435897436	2555.0	-2116.0	5.062200956937799	676.0	-0.12440191387559808	98.12149380788304	4785328.0	1.6172248803827751	52.0	
2105.0	3.1739130434782608	1961.0	1.608695652173913	1553.0	7.608695652173913	93.0	-0.1394302848575712	0.19940029985007496	-29.0	16708.984375	0.043478260869565216	133.0	30.21323792427429	33418.0	-656.0	20.000000000000004	1161499.0	35446.136474609375	111.12804878048782	500.0	-3645.0	-15.243902439024392	3715.7509157509157	2536.0	-2396.0	5.732057416267942	728.0	-0.6411483253588517	98.12149380788304	4785328.0	1.7416267942583732	268.0	
2119.0	3.25	1954.0	1.4565217391304348	1476.0	8.445652173913043	97.0	-0.1454272863568216	0.20389805097451275	-24.0	16718.75	0.035982008995502246	136.0	30.21323792427429	33418.0	-351.0	10.701219512195124	1161819.0	35455.902099609375	88.38414634146342	272.0	-2899.0	-8.292682926829269	3731.868131868132	2547.0	-2660.0	6.363636363636363	712.0	-0.8612440191387559	98.11954909166404	4785520.0	1.7033492822966507	360.0	
2083.0	3.7065217391304346	1912.0	1.8478260869565217	1563.0	7.5	100.0	-0.14992503748125938	0.19490254872563717	-14.0	16728.515625	0.020989505247376312	130.0	30.21323792427429	33418.0	-34.0	1.0365853658536586	1162139.0	35465.667724609375	69.51219512195122	-319.0	-2280.0	9.725609756097562	3712.820512820513	2534.0	-2304.0	5.511961722488038	972.0	-0.27751196172248804	98.11954909166404	4785520.0	2.325358851674641	116.0	
2103.0	2.391304347826087	2033.0	1.6304347826086956	1474.0	8.467391304347826	107.0	-0.16041979010494753	0.21139430284857572	-20.0	16738.28125	0.029985007496251874	141.0	30.21323792427429	33418.0	524.0	-15.975609756097562	1162459.0	35475.433349609375	36.3719512195122	-598.0	-1193.0	18.231707317073173	3704.029304029304	2528.0	-2768.0	6.62200956937799	328.0	-0.5550239234449761	98.11954909166404	4785520.0	0.784688995215311	232.0	
2129.0	1.7065217391304348	2096.0	1.3478260869565217	1343.0	9.891304347826086	109.0	-0.1634182908545727	0.191904047976012	-21.0	16748.046875	0.031484257871064465	128.0	30.21323792427429	33418.0	1054.0	-32.13414634146342	1162779.0	35485.198974609375	8.26219512195122	-1014.0	-271.0	30.914634146341466	3727.4725274725274	2544.0	-3440.0	8.229665071770334	-8.0	-0.8995215311004784	98.11954909166404	4785520.0	-0.019138755980861243	376.0	
2140.0	2.043478260869565	2065.0	1.2282608695652173	1368.0	9.619565217391305	111.0	-0.1664167916041979	0.19790104947526235	-10.0	16757.8125	0.014992503748125937	132.0	30.21323792427429	33418.0	1110.0	-33.84146341463415	1163099.0	35494.964599609375	-14.420731707317074	-643.0	473.0	19.603658536585368	3709.89010989011	2532.0	-3228.0	7.722488038277512	224.0	-1.1674641148325358	98.11954909166404	4785520.0	0.5358851674641149	488.0	
2209.0	2.5543478260869565	2018.0	0.4782608695652174	1440.0	8.83695652173913	108.0	-0.1619190404797601	0.20089955022488756	-15.0	16767.578125	0.022488755622188904	134.0	30.21323792427429	33418.0	1538.0	-46.89024390243903	1163419.0	35504.730224609375	-37.37804878048781	-1007.0	1226.0	30.701219512195124	3743.5897435897436	2555.0	-2852.0	6.822966507177033	476.0	-2.0669856459330145	98.11809055535551	4785664.0	1.138755980861244	864.0	
2262.0	4.0978260869565215	1876.0	-0.09782608695652173	1554.0	7.5978260869565215	114.0	-0.17091454272863568	0.19940029985007496	-20.0	16777.34375	0.029985007496251874	133.0	30.21323792427429	33418.0	1832.0	-55.85365853658537	1163739.0	35514.495849609375	-55.97560975609757	-1653.0	1836.0	50.396341463414636	3736.2637362637365	2550.0	-2568.0	6.143540669856459	856.0	-2.4114832535885165	98.11809055535551	4785664.0	2.047846889952153	1008.0	
2302.0	5.543478260869565	1743.0	-0.532608695652174	1670.0	6.33695652173913	105.0	-0.15742128935532235	0.19040479760119938	-18.0	16787.109375	0.026986506746626684	127.0	30.21323792427429	33418.0	1829.0	-55.76219512195122	1164059.0	35524.261474609375	-73.07926829268294	-2218.0	2397.0	67.6219512195122	3712.820512820513	2534.0	-1996.0	4.77511961722488	1624.0	-2.9186602870813396	98.11809055535551	4785664.0	3.8851674641148324	1220.0	
2339.0	6.163043478260869	1686.0	-0.9347826086956521	1757.0	5.391304347826087	95.0	-0.1424287856071964	0.19490254872563717	-14.0	16796.875	0.020989505247376312	130.0	30.21323792427429	33418.0	1867.0	-56.92073170731708	1164379.0	35534.027099609375	-87.10365853658537	-2798.0	2857.0	85.3048780487805	3724.542124542125	2542.0	-1512.0	3.617224880382775	2016.0	-3.3971291866028706	98.11809055535551	4785664.0	4.822966507177033	1420.0	
2392.0	5.815217391304348	1718.0	-1.5108695652173914	1809.0	4.826086956521739	101.0	-0.15142428785607195	0.1874062968515742	-14.0	16806.640625	0.020989505247376312	125.0	30.21323792427429	33418.0	2040.0	-62.19512195121952	1164699.0	35543.792724609375	-99.20731707317074	-3174.0	3254.0	96.76829268292684	3708.4249084249086	2531.0	-1212.0	2.8995215311004783	1968.0	-3.990430622009569	98.11809055535551	4785664.0	4.708133971291866	1668.0	
2420.0	4.913043478260869	1801.0	-1.8152173913043477	1825.0	4.6521739130434785	97.0	-0.1454272863568216	0.1889055472263868	-17.0	16816.40625	0.025487256371814093	126.0	30.21323792427429	33418.0	2255.0	-68.75	1165019.0	35553.558349609375	-110.21341463414635	-3332.0	3615.0	101.58536585365854	3711.3553113553116	2533.0	-1136.0	2.7177033492822966	1472.0	-4.4688995215311005	98.11938703203798	4785536.0	3.5215311004784686	1868.0	
2456.0	4.054347826086956	1880.0	-2.2065217391304346	1804.0	4.880434782608695	89.0	-0.13343328335832083	0.1829085457271364	-28.0	16826.171875	0.041979010494752625	122.0	30.21323792427429	33418.0	2717.0	-82.83536585365854	1165339.0	35563.323974609375	-119.96951219512196	-3474.0	3935.0	105.91463414634147	3743.5897435897436	2555.0	-1216.0	2.909090909090909	1104.0	-5.0143540669856455	98.11938703203798	4785536.0	2.6411483253588517	2096.0	
2463.0	3.684782608695652	1914.0	-2.282608695652174	1778.0	5.163043478260869	88.0	-0.13193403298350825	0.17391304347826086	-17.0	16835.9375	0.025487256371814093	116.0	30.21323792427429	33418.0	3089.0	-94.17682926829269	1165659.0	35573.089599609375	-131.06707317073173	-3246.0	4299.0	98.96341463414635	3733.3333333333335	2548.0	-1324.0	3.1674641148325358	928.0	-4.976076555023924	98.11938703203798	4785536.0	2.2200956937799043	2080.0	
2456.0	3.8260869565217392	1901.0	-2.2065217391304346	1779.0	5.1521739130434785	79.0	-0.1184407796101949	0.1889055472263868	-22.0	16845.703125	0.03298350824587706	126.0	30.21323792427429	33418.0	3557.0	-108.44512195121952	1165979.0	35582.855224609375	-134.359756097561	-3273.0	4407.0	99.78658536585367	3727.4725274725274	2544.0	-1348.0	3.2248803827751193	976.0	-5.043062200956937	98.11938703203798	4785536.0	2.3349282296650715	2108.0	
2431.0	4.619565217391305	1828.0	-1.934782608695652	1776.0	5.184782608695652	71.0	-0.10644677661169415	0.1664167916041979	-25.0	16855.46875	0.037481259370314844	111.0	30.21323792427429	33418.0	3872.0	-118.04878048780489	1166299.0	35592.620849609375	-142.31707317073173	-3332.0	4668.0	101.58536585365854	3740.6593406593406	2553.0	-1344.0	3.215311004784689	1304.0	-4.708133971291866	98.11938703203798	4785536.0	3.1196172248803826	1968.0	
2412.0	5.413043478260869	1755.0	-1.7282608695652173	1811.0	4.804347826086956	66.0	-0.09895052473763118	0.1619190404797601	-24.0	16865.234375	0.035982008995502246	108.0	30.21323792427429	33418.0	4160.0	-126.82926829268294	1166619.0	35602.386474609375	-147.46951219512195	-3687.0	4837.0	112.40853658536587	3721.611721611722	2540.0	-1184.0	2.832535885167464	1708.0	-4.497607655502392	98.1184146744718	4785632.0	4.086124401913875	1880.0	
2387.0	6.423913043478261	1662.0	-1.4565217391304348	1871.0	4.1521739130434785	60.0	-0.08995502248875561	0.1619190404797601	-31.0	16875.0	0.046476761619190406	108.0	30.21323792427429	33418.0	4443.0	-135.45731707317074	1166939.0	35612.152099609375	-152.7439024390244	-4164.0	5010.0	126.95121951219514	3737.7289377289376	2551.0	-884.0	2.114832535885167	2152.0	-4.287081339712919	98.1184146744718	4785632.0	5.148325358851674	1792.0	
2379.0	7.239130434782608	1587.0	-1.3695652173913042	1926.0	3.5543478260869565	52.0	-0.07796101949025487	0.15292353823088456	-32.0	16884.765625	0.047976011994003	102.0	30.21323792427429	33418.0	4749.0	-144.78658536585368	1167259.0	35621.917724609375	-155.27439024390245	-4726.0	5093.0	144.08536585365854	3731.868131868132	2547.0	-632.0	1.5119617224880382	2536.0	-4.133971291866029	98.1184146744718	4785632.0	6.0669856459330145	1728.0	
2371.0	7.380434782608695	1574.0	-1.2826086956521738	1944.0	3.358695652173913	46.0	-0.06896551724137931	0.14992503748125938	-33.0	16894.53125	0.04947526236881559	100.0	30.21323792427429	33418.0	5034.0	-153.47560975609758	1167579.0	35631.683349609375	-158.90243902439025	-5067.0	5212.0	154.4817073170732	3720.1465201465203	2539.0	-524.0	1.2535885167464114	2568.0	-4.028708133971292	98.1184146744718	4785632.0	6.143540669856459	1684.0	
2370.0	6.945652173913043	1614.0	-1.2717391304347825	1950.0	3.293478260869565	39.0	-0.05847076461769115	0.13193403298350825	-37.0	16904.296875	0.05547226386806597	88.0	30.21323792427429	33418.0	5390.0	-164.32926829268294	1167899.0	35641.448974609375	-162.95731707317074	-5461.0	5345.0	166.4939024390244	3726.007326007326	2543.0	-520.0	1.244019138755981	2316.0	-4.0669856459330145	98.1184146744718	4785632.0	5.5406698564593295	1700.0	
2389.0	6.554347826086956	1650.0	-1.4782608695652173	1947.0	3.3260869565217392	36.0	-0.05397301349325337	0.12143928035982009	-29.0	16914.0625	0.043478260869565216	81.0	30.21323792427429	33418.0	5780.0	-176.21951219512198	1168219.0	35651.214599609375	-168.47560975609758	-5733.0	5526.0	174.78658536585368	3715.7509157509157	2536.0	-540.0	1.2918660287081338	2176.0	-4.239234449760765	98.11744231723159	4785728.0	5.205741626794258	1772.0	
2397.0	6.6521739130434785	1641.0	-1.5652173913043477	1965.0	3.1304347826086953	29.0	-0.043478260869565216	0.12743628185907047	-27.0	16923.828125	0.04047976011994003	85.0	30.21323792427429	33418.0	6163.0	-187.89634146341464	1168539.0	35660.980224609375	-171.12804878048783	-5908.0	5613.0	180.1219512195122	3742.124542124542	2554.0	-500.0	1.1961722488038278	2200.0	-4.3349282296650715	98.11744231723159	4785728.0	5.263157894736842	1812.0	
2373.0	6.923913043478261	1616.0	-1.3043478260869565	2011.0	2.630434782608696	16.0	-0.0239880059970015	0.10944527736131934	-26.0	16933.59375	0.038980509745127435	73.0	30.21323792427429	33418.0	6556.0	-199.87804878048783	1168859.0	35670.745849609375	-171.25000000000003	-6012.0	5617.0	183.2926829268293	3724.542124542125	2542.0	-316.0	0.7559808612440191	2308.0	-4.239234449760765	98.11744231723159	4785728.0	5.521531100478469	1772.0	
2311.0	7.043478260869565	1605.0	-0.6304347826086957	2072.0	1.967391304347826	15.0	-0.022488755622188904	0.0914542728635682	-25.0	16943.359375	0.037481259370314844	61.0	30.21323792427429	33418.0	6951.0	-211.9207317073171	1169179.0	35680.511474609375	-171.34146341463415	-6065.0	5620.0	184.90853658536588	3727.4725274725274	2544.0	8.0	-0.019138755980861243	2408.0	-3.6363636363636362	98.11744231723159	4785728.0	5.760765550239234	1520.0	
2249.0	7.065217391304348	1603.0	0.043478260869565216	2145.0	1.1739130434782608	4.0	-0.005997001499250375	0.07196401799100449	-24.0	16953.125	0.035982008995502246	48.0	30.21323792427429	33418.0	7352.0	-224.14634146341464	1169499.0	35690.277099609375	-171.15853658536588	-5957.0	5614.0	181.6158536585366	3720.1465201465203	2539.0	320.0	-0.7655502392344498	2436.0	-2.7942583732057416	98.11744231723159	4785728.0	5.827751196172248	1168.0	
2195.0	7.130434782608695	1597.0	0.6304347826086957	2214.0	0.42391304347826086	4.0	-0.005997001499250375	0.05847076461769115	-22.0	16962.890625	0.03298350824587706	39.0	30.21323792427429	33418.0	7693.0	-234.5426829268293	1169819.0	35700.042724609375	-170.97560975609758	-5420.0	5608.0	165.2439024390244	3712.820512820513	2534.0	680.0	-1.6267942583732056	2440.0	-1.9904306220095693	98.11663201978043	4785808.0	5.837320574162679	832.0	
2136.0	7.065217391304348	1603.0	1.2717391304347825	2269.0	-0.17391304347826086	-5.0	0.0074962518740629685	0.047976011994003	-21.0	16972.65625	0.031484257871064465	32.0	30.21323792427429	33418.0	7972.0	-243.0487804878049	1170139.0	35709.808349609375	-171.31097560975613	-4521.0	5619.0	137.83536585365854	3734.798534798535	2549.0	968.0	-2.3157894736842106	2408.0	-1.2822966507177034	98.11663201978043	4785808.0	5.760765550239234	536.0	
2099.0	7.0	1609.0	1.6739130434782608	2250.0	0.03260869565217391	-4.0	0.005997001499250375	0.025487256371814093	-10.0	16982.421875	0.014992503748125937	17.0	30.21323792427429	33418.0	8313.0	-253.44512195121953	1170459.0	35719.573974609375	-171.859756097561	-3679.0	5637.0	112.16463414634147	3743.5897435897436	2555.0	964.0	-2.3062200956937797	2396.0	-0.7464114832535885	98.11663201978043	4785808.0	5.732057416267942	312.0	
2082.0	7.141304347826087	1596.0	1.858695652173913	2227.0	0.2826086956521739	-15.0	0.022488755622188904	0.01199400299850075	-2.0	16992.1875	0.0029985007496251873	8.0	30.21323792427429	33418.0	8693.0	-265.0304878048781	1170779.0	35729.339599609375	-174.26829268292684	-3055.0	5716.0	93.14024390243904	3731.868131868132	2547.0	808.0	-1.9330143540669855	2452.0	-0.49760765550239233	98.11663201978043	4785808.0	5.866028708133971	208.0	
2082.0	7.293478260869565	1582.0	1.858695652173913	2214.0	0.42391304347826086	-20.0	0.029985007496251874	-0.01199400299850075	10.0	17001.953125	-0.014992503748125937	-8.0	30.21323792427429	33418.0	9040.0	-275.609756097561	1171099.0	35739.105224609375	-174.72560975609758	-2765.0	5731.0	84.29878048780489	3724.542124542125	2542.0	748.0	-1.7894736842105263	2504.0	-0.4688995215311005	98.11663201978043	4785808.0	5.990430622009569	196.0	
2059.0	7.489130434782608	1564.0	2.108695652173913	2197.0	0.6086956521739131	-24.0	0.035982008995502246	-0.034482758620689655	22.0	17011.71875	-0.03298350824587706	-23.0	30.21323792427429	33418.0	9328.0	-284.39024390243907	1171419.0	35748.870849609375	-173.62804878048783	-2739.0	5695.0	83.50609756097562	3745.054945054945	2556.0	708.0	-1.69377990430622	2588.0	-0.27751196172248804	98.11744231723159	4785728.0	6.1913875598086126	116.0	
2027.0	7.6521739130434785	1549.0	2.4565217391304346	2217.0	0.3913043478260869	-29.0	0.043478260869565216	-0.043478260869565216	25.0	17021.484375	-0.037481259370314844	-29.0	30.21323792427429	33418.0	9658.0	-294.45121951219517	1171739.0	35758.636474609375	-169.93902439024393	-2900.0	5574.0	88.41463414634147	3712.820512820513	2534.0	748.0	-1.7894736842105263	2712.0	0.1339712918660287	98.11744231723159	4785728.0	6.488038277511961	-56.0	
1982.0	8.16304347826087	1502.0	2.9456521739130435	2238.0	0.16304347826086957	-34.0	0.050974512743628186	-0.06746626686656672	41.0	17031.25	-0.06146926536731634	-45.0	30.21323792427429	33418.0	9939.0	-303.01829268292687	1172059.0	35768.402099609375	-164.69512195121953	-3188.0	5402.0	97.19512195121952	3742.124542124542	2554.0	844.0	-2.0191387559808613	2912.0	0.6602870813397129	98.11744231723159	4785728.0	6.966507177033493	-276.0	
1935.0	9.0	1425.0	3.4565217391304346	2312.0	-0.6413043478260869	-38.0	0.05697151424287856	-0.08545727136431784	49.0	17041.015625	-0.07346326836581708	-57.0	30.21323792427429	33418.0	10127.0	-308.75	1172379.0	35778.167724609375	-158.75000000000003	-3440.0	5207.0	104.87804878048782	3705.4945054945056	2529.0	1212.0	-2.8995215311004783	3348.0	1.2727272727272727	98.11744231723159	4785728.0	8.009569377990431	-532.0	
1887.0	10.83695652173913	1256.0	3.9782608695652173	2433.0	-1.9565217391304348	-43.0	0.06446776611694152	-0.11394302848575712	54.0	17050.78125	-0.08095952023988005	-76.0	30.21323792427429	33418.0	10086.0	-307.5	1172699.0	35787.933349609375	-149.4817073170732	-3284.0	4903.0	100.1219512195122	3740.6593406593406	2553.0	1840.0	-4.401913875598086	4168.0	1.971291866028708	98.11744231723159	4785728.0	9.971291866028707	-824.0	
1809.0	12.804347826086957	1075.0	4.826086956521739	2462.0	-2.2717391304347827	-38.0	0.05697151424287856	-0.12743628185907047	71.0	17060.546875	-0.10644677661169415	-85.0	30.21323792427429	33418.0	9904.0	-301.95121951219517	1173019.0	35797.698974609375	-138.26219512195124	-3115.0	4535.0	94.96951219512196	3731.868131868132	2547.0	1896.0	-4.535885167464115	5100.0	2.937799043062201	98.11533554432945	4785936.0	12.200956937799043	-1228.0	
1759.0	13.989130434782608	966.0	5.369565217391304	2390.0	-1.4891304347826086	-47.0	0.0704647676161919	-0.14392803598200898	81.0	17070.3125	-0.12143928035982009	-96.0	30.21323792427429	33418.0	9931.0	-302.7743902439025	1173339.0	35807.464599609375	-131.21951219512195	-3449.0	4304.0	105.15243902439025	3743.5897435897436	2555.0	1560.0	-3.7320574162679425	5620.0	3.5980861244019136	98.11533554432945	4785936.0	13.444976076555024	-1504.0	
1747.0	13.826086956521738	981.0	5.5	2297.0	-0.4782608695652174	-44.0	0.06596701649175413	-0.16041979010494753	97.0	17080.078125	-0.1454272863568216	-107.0	30.21323792427429	33418.0	10300.0	-314.0243902439025	1173659.0	35817.230224609375	-121.28048780487806	-4668.0	3978.0	142.31707317073173	3736.2637362637365	2550.0	1276.0	-3.052631578947368	5596.0	3.617224880382775	98.11533554432945	4785936.0	13.38755980861244	-1512.0	
1788.0	13.42391304347826	1018.0	5.054347826086956	2237.0	0.17391304347826086	-41.0	0.06146926536731634	-0.17691154422788605	120.0	17089.84375	-0.17991004497751123	-118.0	30.21323792427429	33418.0	10585.0	-322.7134146341464	1173979.0	35826.995849609375	-105.94512195121952	-6245.0	3475.0	190.39634146341464	3733.3333333333335	2548.0	912.0	-2.1818181818181817	5412.0	3.1961722488038276	98.11533554432945	4785936.0	12.947368421052632	-1336.0	
1825.0	13.119565217391305	1046.0	4.6521739130434785	2208.0	0.4891304347826087	-27.0	0.04047976011994003	-0.191904047976012	134.0	17099.609375	-0.20089955022488756	-128.0	30.21323792427429	33418.0	10684.0	-325.7317073170732	1174299.0	35836.761474609375	-87.01219512195122	-7883.0	2854.0	240.33536585365857	3727.4725274725274	2544.0	732.0	-1.7511961722488039	5212.0	2.5933014354066986	98.11533554432945	4785936.0	12.4688995215311	-1084.0	
1855.0	12.706521739130434	1084.0	4.326086956521739	2196.0	0.6195652173913043	-26.0	0.038980509745127435	-0.20539730134932532	154.0	17109.375	-0.23088455772113942	-137.0	30.21323792427429	33418.0	10920.0	-332.9268292682927	1174619.0	35846.527099609375	-66.06707317073172	-9493.0	2167.0	289.4207317073171	3734.798534798535	2549.0	664.0	-1.588516746411483	5052.0	2.248803827751196	98.11565966313786	4785904.0	12.086124401913874	-940.0	
1872.0	12.01086956521739	1148.0	4.141304347826087	2254.0	-0.010869565217391304	-8.0	0.01199400299850075	-0.21739130434782608	164.0	17119.140625	-0.24587706146926536	-145.0	30.21323792427429	33418.0	11315.0	-344.969512195122	1174939.0	35856.292724609375	-40.97560975609756	-9907.0	1344.0	302.0426829268293	3705.4945054945056	2529.0	808.0	-1.9330143540669855	4748.0	2.0095693779904304	98.11565966313786	4785904.0	11.358851674641148	-840.0	
1837.0	11.83695652173913	1164.0	4.521739130434782	2313.0	-0.6521739130434783	4.0	-0.005997001499250375	-0.21889055472263869	181.0	17128.90625	-0.27136431784107945	-146.0	30.21323792427429	33418.0	11202.0	-341.5243902439025	1175259.0	35866.058349609375	-20.823170731707318	-7837.0	683.0	238.93292682926833	3721.611721611722	2540.0	1172.0	-2.803827751196172	4596.0	2.2966507177033493	98.11565966313786	4785904.0	10.995215311004785	-960.0	
1700.0	11.076086956521738	1234.0	6.010869565217392	2286.0	-0.358695652173913	21.0	-0.031484257871064465	-0.2353823088455772	199.0	17138.671875	-0.2983508245877061	-157.0	30.21323792427429	33418.0	10719.0	-326.7987804878049	1175579.0	35875.823974609375	5.060975609756098	-4271.0	-166.0	130.21341463414635	3730.4029304029305	2546.0	1036.0	-2.478468899521531	4180.0	3.8564593301435406	98.11565966313786	4785904.0	10.0	-1612.0	
1533.0	11.01086956521739	1240.0	7.826086956521739	2224.0	0.31521739130434784	22.0	-0.03298350824587706	-0.2368815592203898	214.0	17148.4375	-0.32083958020989506	-158.0	30.21323792427429	33418.0	10238.0	-312.13414634146346	1175899.0	35885.589599609375	18.719512195121954	-1865.0	-614.0	56.85975609756098	3715.7509157509157	2536.0	724.0	-1.7320574162679425	4036.0	5.990430622009569	98.11565966313786	4785904.0	9.655502392344497	-2504.0	
1431.0	13.0	1057.0	8.934782608695652	2179.0	0.8043478260869565	34.0	-0.050974512743628186	-0.24737631184407796	234.0	17158.203125	-0.35082458770614694	-165.0	30.21323792427429	33418.0	10035.0	-305.94512195121956	1176219.0	35895.355224609375	19.54268292682927	-271.0	-641.0	8.26219512195122	3712.820512820513	2534.0	540.0	-1.2918660287081338	5016.0	7.38755980861244	98.11582172255565	4785888.0	12.0	-3088.0	
1400.0	15.391304347826086	837.0	9.271739130434783	2104.0	1.6195652173913042	32.0	-0.047976011994003	-0.2518740629685157	261.0	17167.96875	-0.3913043478260869	-168.0	30.21323792427429	33418.0	9852.0	-300.3658536585366	1176539.0	35905.120849609375	23.719512195121954	-611.0	-778.0	18.628048780487806	3733.3333333333335	2548.0	248.0	-0.5933014354066986	6224.0	7.827751196172248	98.11582172255565	4785888.0	14.889952153110046	-3272.0	
1434.0	16.97826086956522	691.0	8.902173913043478	2069.0	2.0	32.0	-0.047976011994003	-0.2578710644677661	277.0	17177.734375	-0.41529235382308843	-172.0	30.21323792427429	33418.0	9873.0	-301.00609756097566	1176859.0	35914.886474609375	31.00609756097561	-1989.0	-1017.0	60.64024390243903	3721.611721611722	2540.0	36.0	-0.08612440191387559	6984.0	7.38755980861244	98.11582172255565	4785888.0	16.708133971291865	-3088.0	
1496.0	16.67391304347826	719.0	8.228260869565217	2061.0	2.0869565217391304	36.0	-0.05397301349325337	-0.24737631184407796	291.0	17187.5	-0.43628185907046474	-165.0	30.21323792427429	33418.0	9807.0	-298.9939024390244	1177179.0	35924.652099609375	54.085365853658544	-3090.0	-1774.0	94.20731707317074	3699.6336996337	2525.0	-80.0	0.19138755980861244	6808.0	6.545454545454545	98.11582172255565	4785888.0	16.28708133971292	-2736.0	
1526.0	14.619565217391305	908.0	7.902173913043478	2075.0	1.934782608695652	44.0	-0.06596701649175413	-0.25487256371814093	310.0	17197.265625	-0.46476761619190404	-170.0	30.21323792427429	33418.0	9653.0	-294.2987804878049	1177499.0	35934.417724609375	74.93902439024392	-2493.0	-2458.0	76.00609756097562	3736.2637362637365	2550.0	24.0	-0.057416267942583726	5800.0	6.200956937799043	98.11582172255565	4785888.0	13.875598086124402	-2592.0	
1497.0	12.565217391304348	1097.0	8.217391304347826	2064.0	2.0543478260869565	45.0	-0.06746626686656672	-0.25487256371814093	335.0	17207.03125	-0.5022488755622189	-170.0	30.21323792427429	33418.0	9091.0	-277.1646341463415	1177819.0	35944.183349609375	84.66463414634147	229.0	-2777.0	-6.981707317073171	3739.194139194139	2552.0	-80.0	0.19138755980861244	4740.0	6.832535885167464	98.11971115129916	4785504.0	11.339712918660286	-2856.0	
1368.0	11.576086956521738	1188.0	9.619565217391305	2046.0	2.25	39.0	-0.05847076461769115	-0.24737631184407796	342.0	17216.796875	-0.512743628185907	-165.0	30.21323792427429	33418.0	8223.0	-250.70121951219514	1178139.0	35953.948974609375	85.67073170731707	3776.0	-2810.0	-115.12195121951221	3742.124542124542	2554.0	-148.0	0.354066985645933	4312.0	8.555023923444976	98.11971115129916	4785504.0	10.31578947368421	-3576.0	
1219.0	12.369565217391305	1115.0	11.239130434782608	2057.0	2.130434782608696	40.0	-0.05997001499250375	-0.24887556221889054	357.0	17226.5625	-0.5352323838080959	-166.0	30.21323792427429	33418.0	7770.0	-236.89024390243904	1178459.0	35963.714599609375	87.6219512195122	6252.0	-2874.0	-190.609756097561	3704.029304029304	2528.0	-132.0	0.3157894736842105	4968.0	10.488038277511961	98.11971115129916	4785504.0	11.885167464114833	-4384.0	
1136.0	16.195652173913043	763.0	12.141304347826086	1974.0	3.032608695652174	25.0	-0.037481259370314844	-0.24437781109445278	375.0	17236.328125	-0.5622188905547226	-163.0	30.21323792427429	33418.0	6974.0	-212.62195121951223	1178779.0	35973.480224609375	77.59146341463415	6828.0	-2545.0	-208.1707317073171	3740.6593406593406	2553.0	-228.0	0.5454545454545454	5864.0	11.043062200956937	98.11971115129916	4785504.0	14.028708133971291	-4616.0	
1129.0	19.608695652173914	449.0	12.217391304347826	1783.0	5.108695652173913	14.0	-0.020989505247376312	-0.24437781109445278	380.0	17246.09375	-0.5697151424287856	-163.0	30.21323792427429	33418.0	6281.0	-191.4939024390244	1179099.0	35983.245849609375	75.70121951219512	6466.0	-2483.0	-197.13414634146343	3731.868131868132	2547.0	-1056.0	2.526315789473684	7828.0	11.148325358851674	98.11971115129916	4785504.0	18.727272727272727	-4660.0	
1138.0	21.206521739130434	302.0	12.119565217391305	1617.0	6.913043478260869	-5.0	0.0074962518740629685	-0.24587706146926536	392.0	17255.859375	-0.5877061469265367	-164.0	30.21323792427429	33418.0	5637.0	-171.859756097561	1179419.0	35993.011474609375	65.97560975609757	4939.0	-2164.0	-150.57926829268294	3714.285714285714	2535.0	-1996.0	4.77511961722488	8860.0	11.224880382775119	98.1187387936243	4785600.0	21.196172248803826	-4692.0	
1201.0	21.75	252.0	11.434782608695652	1540.0	7.75	-13.0	0.019490254872563718	-0.24287856071964017	399.0	17265.625	-0.5982008995502248	-162.0	30.21323792427429	33418.0	5256.0	-160.2439024390244	1179739.0	36002.777099609375	73.01829268292684	2323.0	-2395.0	-70.82317073170732	3714.285714285714	2535.0	-2620.0	6.267942583732057	9212.0	10.535885167464114	98.1187387936243	4785600.0	22.03827751196172	-4404.0	
1342.0	20.23913043478261	391.0	9.902173913043478	1603.0	7.065217391304348	-17.0	0.025487256371814093	-0.2353823088455772	405.0	17275.390625	-0.6071964017991004	-157.0	30.21323792427429	33418.0	4495.0	-137.0426829268293	1180059.0	36012.542724609375	78.75000000000001	387.0	-2583.0	-11.79878048780488	3712.820512820513	2534.0	-2340.0	5.598086124401914	8748.0	8.91866028708134	98.1187387936243	4785600.0	20.92822966507177	-3728.0	
1463.0	16.32608695652174	751.0	8.58695652173913	1746.0	5.510869565217392	-23.0	0.034482758620689655	-0.2383808095952024	419.0	17285.15625	-0.6281859070464767	-159.0	30.21323792427429	33418.0	4030.0	-122.8658536585366	1180379.0	36022.308349609375	82.19512195121952	-587.0	-2696.0	17.896341463414636	3723.0769230769233	2541.0	-1580.0	3.7799043062200957	6820.0	7.148325358851674	98.1187387936243	4785600.0	16.31578947368421	-2988.0	
1513.0	14.467391304347826	922.0	8.043478260869565	1810.0	4.815217391304348	-18.0	0.026986506746626684	-0.2353823088455772	423.0	17294.921875	-0.6341829085457271	-157.0	30.21323792427429	33418.0	3439.0	-104.84756097560977	1180699.0	36032.073974609375	95.51829268292684	-1111.0	-3133.0	33.8719512195122	3742.124542124542	2554.0	-1220.0	2.9186602870813396	5720.0	6.4688995215311005	98.1187387936243	4785600.0	13.68421052631579	-2704.0	
1515.0	13.489130434782608	1012.0	8.021739130434783	1748.0	5.489130434782608	-23.0	0.034482758620689655	-0.22488755622188905	435.0	17304.6875	-0.6521739130434783	-150.0	30.21323792427429	33418.0	2145.0	-65.39634146341464	1181019.0	36041.839599609375	93.07926829268294	-469.0	-3053.0	14.29878048780488	3711.3553113553116	2533.0	-1432.0	3.4258373205741623	5332.0	6.555023923444976	98.12035938993014	4785440.0	12.75598086124402	-2740.0	
1425.0	14.402173913043478	928.0	9.0	1591.0	7.195652173913043	-21.0	0.031484257871064465	-0.22188905547226387	435.0	17314.453125	-0.6521739130434783	-148.0	30.21323792427429	33418.0	1248.0	-38.04878048780488	1181339.0	36051.605224609375	80.67073170731707	-136.0	-2646.0	4.146341463414634	3720.1465201465203	2539.0	-2440.0	5.837320574162679	5524.0	7.578947368421052	98.12035938993014	4785440.0	13.215311004784688	-3168.0	
1244.0	17.76086956521739	619.0	10.967391304347826	854.0	15.206521739130434	-22.0	0.03298350824587706	-0.22938530734632684	431.0	17324.21875	-0.6461769115442278	-153.0	30.21323792427429	33418.0	-784.0	23.902439024390247	1181659.0	36061.370849609375	8.292682926829269	326.0	-272.0	-9.939024390243903	3698.1684981684984	2524.0	-5088.0	12.17224880382775	7028.0	9.942583732057416	98.12035938993014	4785440.0	16.8133971291866	-4156.0	
1350.0	20.782608695652172	341.0	9.815217391304348	160.0	22.75	-24.0	0.035982008995502246	-0.22488755622188905	434.0	17333.984375	-0.6506746626686657	-150.0	30.21323792427429	33418.0	-1864.0	56.82926829268293	1181979.0	36071.136474609375	-32.59146341463415	1162.0	1069.0	-35.426829268292686	3715.7509157509157	2536.0	-9264.0	22.162679425837318	8752.0	8.75598086124402	98.12035938993014	4785440.0	20.9377990430622	-3660.0	
1819.0	21.184782608695652	304.0	4.717391304347826	437.0	19.73913043478261	-29.0	0.043478260869565216	-0.22938530734632684	432.0	17343.75	-0.6476761619190404	-153.0	30.21323792427429	33418.0	-1793.0	54.66463414634147	1182299.0	36080.902099609375	-41.03658536585366	-628.0	1346.0	19.146341463414636	3720.1465201465203	2539.0	-7580.0	18.13397129186603	9040.0	2.114832535885167	98.12035938993014	4785440.0	21.626794258373206	-884.0	
1873.0	15.630434782608695	815.0	4.130434782608695	856.0	15.184782608695652	-25.0	0.037481259370314844	-0.2338830584707646	429.0	17353.515625	-0.6431784107946027	-156.0	30.21323792427429	33418.0	-833.0	25.396341463414636	1182619.0	36090.667724609375	-38.84146341463415	-2391.0	1274.0	72.89634146341464	3708.4249084249086	2531.0	-5580.0	13.349282296650717	6228.0	2.1626794258373203	98.11987321094333	4785488.0	14.899521531100477	-904.0	
1721.0	10.456521739130434	1291.0	5.782608695652174	1229.0	11.130434782608695	-19.0	0.02848575712143928	-0.2338830584707646	432.0	17363.28125	-0.6476761619190404	-156.0	30.21323792427429	33418.0	-558.0	17.012195121951223	1182939.0	36100.433349609375	-42.86585365853659	-2679.0	1406.0	81.67682926829269	3720.1465201465203	2539.0	-3740.0	8.947368421052632	3728.0	4.258373205741627	98.11987321094333	4785488.0	8.91866028708134	-1780.0	
1675.0	7.608695652173913	1553.0	6.282608695652174	1502.0	8.16304347826087	-8.0	0.01199400299850075	-0.23088455772113942	427.0	17373.046875	-0.6401799100449775	-154.0	30.21323792427429	33418.0	-1244.0	37.926829268292686	1183259.0	36110.198974609375	-61.40243902439025	-1162.0	2014.0	35.426829268292686	3728.937728937729	2545.0	-2476.0	5.923444976076555	2428.0	4.708133971291866	98.11987321094333	4785488.0	5.8086124401913874	-1968.0	
1769.0	6.239130434782608	1679.0	5.260869565217392	1676.0	6.271739130434782	-11.0	0.01649175412293853	-0.2353823088455772	423.0	17382.8125	-0.6341829085457271	-157.0	30.21323792427429	33418.0	-1652.0	50.36585365853659	1183579.0	36119.964599609375	-74.26829268292684	912.0	2436.0	-27.80487804878049	3705.4945054945056	2529.0	-2040.0	4.880382775119617	2084.0	4.124401913875598	98.11987321094333	4785488.0	4.985645933014354	-1724.0	
1874.0	7.184782608695652	1592.0	4.119565217391305	1737.0	5.608695652173913	-11.0	0.01649175412293853	-0.22488755622188905	419.0	17392.578125	-0.6281859070464767	-150.0	30.21323792427429	33418.0	-1996.0	60.85365853658537	1183899.0	36129.730224609375	-75.03048780487805	2485.0	2461.0	-75.76219512195122	3736.2637362637365	2550.0	-1632.0	3.9043062200956937	2152.0	2.555023923444976	98.11987321094333	4785488.0	5.148325358851674	-1068.0	
1874.0	9.315217391304348	1396.0	4.119565217391305	1750.0	5.467391304347826	-16.0	0.0239880059970015	-0.22788605697151423	416.0	17402.34375	-0.623688155922039	-152.0	30.21323792427429	33418.0	-2452.0	74.75609756097562	1184219.0	36139.495849609375	-71.3109756097561	3440.0	2339.0	-104.87804878048782	3696.703296703297	2523.0	-1528.0	3.6555023923444976	3212.0	2.114832535885167	98.1208455689985	4785392.0	7.684210526315789	-884.0	
1784.0	11.228260869565217	1220.0	5.0978260869565215	1741.0	5.565217391304348	-13.0	0.019490254872563718	-0.2368815592203898	412.0	17412.109375	-0.6176911544227885	-158.0	30.21323792427429	33418.0	-2735.0	83.38414634146342	1184539.0	36149.261474609375	-62.43902439024391	3419.0	2048.0	-104.23780487804879	3709.89010989011	2532.0	-1576.0	3.7703349282296648	4076.0	3.0334928229665072	98.1208455689985	4785392.0	9.751196172248804	-1268.0	
1693.0	13.076086956521738	1050.0	6.08695652173913	1753.0	5.434782608695652	-18.0	0.026986506746626684	-0.2518740629685157	413.0	17421.875	-0.6191904047976011	-168.0	30.21323792427429	33418.0	-3128.0	95.3658536585366	1184859.0	36159.027099609375	-57.53048780487806	2789.0	1887.0	-85.03048780487805	3724.542124542125	2542.0	-1524.0	3.6459330143540667	5032.0	4.200956937799043	98.1208455689985	4785392.0	12.038277511961722	-1756.0	
1688.0	13.695652173913043	993.0	6.141304347826087	1793.0	5.0	-22.0	0.03298350824587706	-0.24887556221889054	407.0	17431.640625	-0.6101949025487257	-166.0	30.21323792427429	33418.0	-3511.0	107.04268292682927	1185179.0	36168.792724609375	-54.78658536585366	2339.0	1797.0	-71.3109756097561	3720.1465201465203	2539.0	-1304.0	3.1196172248803826	5452.0	4.488038277511961	98.1208455689985	4785392.0	13.043062200956937	-1876.0	
1673.0	12.239130434782608	1127.0	6.304347826086956	1824.0	4.663043478260869	-28.0	0.041979010494752625	-0.24137931034482757	398.0	17441.40625	-0.5967016491754122	-161.0	30.21323792427429	33418.0	-3747.0	114.23780487804879	1185499.0	36178.558349609375	-52.16463414634147	2779.0	1711.0	-84.72560975609757	3728.937728937729	2545.0	-1168.0	2.7942583732057416	4880.0	4.430622009569378	98.1208455689985	4785392.0	11.674641148325358	-1852.0	
1675.0	11.619565217391305	1184.0	6.282608695652174	1849.0	4.391304347826087	-30.0	0.04497751124437781	-0.24287856071964017	392.0	17451.171875	-0.5877061469265367	-162.0	30.21323792427429	33418.0	-4106.0	125.18292682926831	1185819.0	36188.323974609375	-52.37804878048781	3395.0	1718.0	-103.50609756097562	3743.5897435897436	2555.0	-1004.0	2.401913875598086	4428.0	4.641148325358851	98.11954909166404	4785520.0	10.593301435406698	-1940.0	
1680.0	11.782608695652174	1169.0	6.228260869565217	1886.0	3.9891304347826084	-39.0	0.05847076461769115	-0.24737631184407796	383.0	17460.9375	-0.5742128935532234	-165.0	30.21323792427429	33418.0	-4512.0	137.5609756097561	1186139.0	36198.089599609375	-48.62804878048781	4293.0	1595.0	-130.88414634146343	3714.285714285714	2535.0	-880.0	2.1052631578947367	4536.0	4.583732057416268	98.11954909166404	4785520.0	10.851674641148325	-1916.0	
1696.0	12.228260869565217	1128.0	6.054347826086956	1921.0	3.608695652173913	-40.0	0.05997001499250375	-0.2593703148425787	371.0	17470.703125	-0.5562218890554722	-173.0	30.21323792427429	33418.0	-4852.0	147.9268292682927	1186459.0	36207.855224609375	-44.78658536585366	5288.0	1469.0	-161.21951219512198	3718.6813186813188	2538.0	-716.0	1.7129186602870812	4732.0	4.45933014354067	98.11954909166404	4785520.0	11.320574162679426	-1864.0	
1697.0	12.326086956521738	1119.0	6.043478260869565	1956.0	3.2282608695652173	-51.0	0.07646176911544228	-0.2578710644677661	370.0	17480.46875	-0.5547226386806596	-172.0	30.21323792427429	33418.0	-5234.0	159.57317073170734	1186779.0	36217.620849609375	-39.32926829268293	6634.0	1290.0	-202.25609756097563	3708.4249084249086	2531.0	-540.0	1.2918660287081338	4780.0	4.315789473684211	98.11954909166404	4785520.0	11.435406698564593	-1804.0	
1702.0	12.17391304347826	1133.0	5.989130434782608	2008.0	2.6630434782608696	-67.0	0.10044977511244378	-0.2563718140929535	356.0	17490.234375	-0.5337331334332833	-171.0	30.21323792427429	33418.0	-5716.0	174.26829268292684	1187099.0	36227.386474609375	-34.11585365853659	8149.0	1119.0	-248.44512195121953	3718.6813186813188	2538.0	-284.0	0.6794258373205742	4704.0	4.325358851674641	98.11954909166404	4785520.0	11.253588516746412	-1808.0	
1703.0	12.967391304347826	1060.0	5.978260869565217	2090.0	1.7717391304347825	-82.0	0.12293853073463268	-0.25037481259370314	348.0	17500.0	-0.5217391304347826	-167.0	30.21323792427429	33418.0	-6291.0	191.7987804878049	1187419.0	36237.152099609375	-25.884146341463417	9291.0	849.0	-283.26219512195127	3746.5201465201467	2557.0	180.0	-0.43062200956937796	5084.0	4.229665071770334	98.1206835093	4785408.0	12.16267942583732	-1768.0	
1711.0	14.619565217391305	908.0	5.891304347826087	2176.0	0.8369565217391304	-96.0	0.14392803598200898	-0.25037481259370314	338.0	17509.765625	-0.5067466266866567	-167.0	30.21323792427429	33418.0	-6885.0	209.90853658536588	1187739.0	36246.917724609375	-14.481707317073171	10276.0	475.0	-313.2926829268293	3695.2380952380954	2522.0	564.0	-1.3492822966507176	5896.0	4.124401913875598	98.1206835093	4785408.0	14.105263157894736	-1724.0	
1728.0	15.728260869565217	806.0	5.706521739130435	2259.0	-0.06521739130434782	-111.0	0.1664167916041979	-0.2518740629685157	334.0	17519.53125	-0.5007496251874063	-168.0	30.21323792427429	33418.0	-7304.0	222.68292682926833	1188059.0	36256.683349609375	-0.701219512195122	10884.0	23.0	-331.82926829268297	3728.937728937729	2545.0	1020.0	-2.4401913875598087	6360.0	3.7799043062200957	98.1206835093	4785408.0	15.215311004784688	-1580.0	
1767.0	16.25	758.0	5.282608695652174	2373.0	-1.3043478260869565	-128.0	0.191904047976012	-0.24737631184407796	319.0	17529.296875	-0.47826086956521735	-165.0	30.21323792427429	33418.0	-7591.0	231.43292682926833	1188379.0	36266.448974609375	17.621951219512198	11399.0	-578.0	-347.5304878048781	3742.124542124542	2554.0	1648.0	-3.942583732057416	6560.0	3.291866028708134	98.1206835093	4785408.0	15.69377990430622	-1376.0	
1821.0	16.09782608695652	772.0	4.695652173913043	2548.0	-3.2065217391304346	-151.0	0.22638680659670163	-0.23088455772113942	301.0	17539.0625	-0.4512743628185907	-154.0	30.21323792427429	33418.0	-7862.0	239.69512195121953	1188699.0	36276.214599609375	39.29878048780488	12202.0	-1289.0	-372.01219512195127	3712.820512820513	2534.0	2040.0	-4.880382775119617	6532.0	2.9952153110047846	98.1206835093	4785408.0	15.626794258373206	-1252.0	
1881.0	15.67391304347826	811.0	4.043478260869565	2738.0	-5.271739130434782	-165.0	0.24737631184407796	-0.22338830584707645	279.0	17548.828125	-0.41829085457271364	-149.0	30.21323792427429	33418.0	-8203.0	250.09146341463418	1189019.0	36285.980224609375	66.09756097560977	13253.0	-2168.0	-404.05487804878055	3736.2637362637365	2550.0	2976.0	-7.119617224880383	6268.0	2.2679425837320575	98.12052144961055	4785424.0	14.995215311004785	-948.0	
1928.0	15.630434782608695	815.0	3.532608695652174	2929.0	-7.3478260869565215	-189.0	0.2833583208395802	-0.21139430284857572	272.0	17558.59375	-0.4077961019490255	-141.0	30.21323792427429	33418.0	-8597.0	262.1036585365854	1189339.0	36295.745849609375	98.41463414634147	13746.0	-3228.0	-419.0853658536586	3684.981684981685	2515.0	3916.0	-9.368421052631579	6152.0	1.6267942583732056	98.12052144961055	4785424.0	14.717703349282296	-680.0	
1948.0	16.565217391304348	729.0	3.3152173913043477	3065.0	-8.826086956521738	-201.0	0.30134932533733133	-0.1889055472263868	252.0	17568.359375	-0.3778110944527736	-126.0	30.21323792427429	33418.0	-8653.0	263.8109756097561	1189659.0	36305.511474609375	136.15853658536588	13577.0	-4466.0	-413.93292682926835	3711.3553113553116	2533.0	4720.0	-11.291866028708133	6564.0	1.1004784688995215	98.12052144961055	4785424.0	15.70334928229665	-460.0	
1954.0	17.032608695652172	686.0	3.25	3136.0	-9.597826086956522	-201.0	0.30134932533733133	-0.1889055472263868	252.0	17578.125	-0.3778110944527736	-126.0	30.21323792427429	33418.0	-8232.0	250.97560975609758	1189979.0	36315.277099609375	174.20731707317074	12356.0	-5714.0	-376.70731707317077	3717.2161172161173	2537.0	5108.0	-12.220095693779903	6916.0	0.9186602870813396	98.12052144961055	4785424.0	16.545454545454543	-384.0	
1990.0	16.793478260869566	708.0	2.858695652173913	3224.0	-10.554347826086957	-239.0	0.3583208395802099	-0.1454272863568216	236.0	17587.890625	-0.3538230884557721	-97.0	30.21323792427429	33418.0	-8310.0	253.35365853658539	1190299.0	36325.042724609375	209.69512195121953	10672.0	-6878.0	-325.3658536585366	3709.89010989011	2532.0	5540.0	-13.253588516746412	6772.0	0.6028708133971291	98.12052144961055	4785424.0	16.20095693779904	-252.0	
1986.0	16.22826086956522	760.0	2.902173913043478	3261.0	-10.956521739130434	-239.0	0.3583208395802099	-0.1454272863568216	236.0	17597.65625	-0.3538230884557721	-97.0	30.21323792427429	33418.0	-8535.0	260.2134146341464	1190619.0	36334.808349609375	244.39024390243904	8600.0	-8016.0	-262.19512195121956	3734.798534798535	2549.0	5764.0	-13.789473684210526	6468.0	0.4019138755980861	98.11938703203798	4785536.0	15.473684210526315	-168.0	
1973.0	16.032608695652172	778.0	3.043478260869565	3217.0	-10.478260869565217	-248.0	0.37181409295352325	-0.1169415292353823	198.0	17607.421875	-0.29685157421289354	-78.0	30.21323792427429	33418.0	-7953.0	242.46951219512198	1190939.0	36344.573974609375	273.6585365853659	6373.0	-8976.0	-194.2987804878049	3740.6593406593406	2553.0	5712.0	-13.665071770334928	6488.0	0.631578947368421	98.11938703203798	4785536.0	15.521531100478468	-264.0	
1951.0	15.532608695652174	824.0	3.282608695652174	3180.0	-10.076086956521738	-255.0	0.3823088455772114	-0.10494752623688156	178.0	17617.1875	-0.26686656671664166	-70.0	30.21323792427429	33418.0	-7599.0	231.6768292682927	1191259.0	36354.339599609375	294.2987804878049	4056.0	-9653.0	-123.65853658536587	3721.611721611722	2540.0	5452.0	-13.043062200956937	6288.0	0.9473684210526315	98.11938703203798	4785536.0	15.043062200956937	-396.0	
1944.0	14.25	942.0	3.358695652173913	3111.0	-9.326086956521738	-256.0	0.383808095952024	-0.07346326836581708	157.0	17626.953125	-0.2353823088455772	-49.0	30.21323792427429	33418.0	-7557.0	230.39634146341464	1191579.0	36364.105224609375	310.70121951219517	2201.0	-10191.0	-67.10365853658537	3717.2161172161173	2537.0	5088.0	-12.17224880382775	5644.0	1.1770334928229664	98.11938703203798	4785536.0	13.502392344497608	-492.0	
1913.0	12.717391304347826	1083.0	3.6956521739130435	3043.0	-8.58695652173913	-246.0	0.36881559220389803	-0.06596701649175413	140.0	17636.71875	-0.2098950524737631	-44.0	30.21323792427429	33418.0	-7637.0	232.83536585365854	1191899.0	36373.870849609375	322.2865853658537	890.0	-10571.0	-27.134146341463417	3717.2161172161173	2537.0	4744.0	-11.349282296650717	4888.0	1.3492822966507176	98.11938703203798	4785536.0	11.69377990430622	-564.0	
1896.0	11.739130434782608	1173.0	3.8804347826086953	2936.0	-7.423913043478261	-240.0	0.35982008995502246	-0.047976011994003	120.0	17646.484375	-0.17991004497751123	-32.0	30.21323792427429	33418.0	-7271.0	221.6768292682927	1192219.0	36383.636474609375	330.64024390243907	111.0	-10845.0	-3.3841463414634148	3718.6813186813188	2538.0	4192.0	-10.028708133971291	4560.0	1.69377990430622	98.11679407925254	4785792.0	10.909090909090908	-708.0	
1872.0	11.0	1241.0	4.141304347826087	2844.0	-6.423913043478261	-235.0	0.3523238380809595	-0.041979010494752625	101.0	17656.25	-0.15142428785607195	-28.0	30.21323792427429	33418.0	-7126.0	217.25609756097563	1192539.0	36393.402099609375	331.00609756097566	-514.0	-10857.0	15.670731707317074	3702.5641025641025	2527.0	3716.0	-8.889952153110048	4160.0	1.8851674641148324	98.11679407925254	4785792.0	9.952153110047847	-788.0	
1896.0	11.739130434782608	1173.0	3.8804347826086953	2936.0	-7.423913043478261	-218.0	0.3268365817091454	-0.02848575712143928	83.0	17666.015625	-0.12443778110944527	-19.0	30.21323792427429	33418.0	-7144.0	217.8048780487805	1192859.0	36403.167724609375	332.6829268292683	-772.0	-10912.0	23.53658536585366	3718.6813186813188	2538.0	3508.0	-8.392344497607656	3736.0	1.8277511961722488	98.11679407925254	4785792.0	8.937799043062201	-764.0	
1879.0	9.141304347826086	1412.0	4.065217391304348	2717.0	-5.043478260869565	-207.0	0.3103448275862069	-0.022488755622188904	59.0	17675.78125	-0.08845577211394302	-15.0	30.21323792427429	33418.0	-7018.0	213.96341463414637	1193179.0	36412.933349609375	331.1585365853659	-839.0	-10862.0	25.57926829268293	3714.285714285714	2535.0	3120.0	-7.464114832535885	3332.0	1.875598086124402	98.11679407925254	4785792.0	7.971291866028708	-784.0	
1903.0	8.358695652173912	1484.0	3.8043478260869565	2654.0	-4.358695652173913	-195.0	0.29235382308845576	0.0074962518740629685	44.0	17685.546875	-0.06596701649175413	5.0	30.21323792427429	33418.0	-6938.0	211.52439024390245	1193499.0	36422.698974609375	327.2865853658537	-611.0	-10735.0	18.628048780487806	3742.124542124542	2554.0	2896.0	-6.92822966507177	2948.0	1.770334928229665	98.11679407925254	4785792.0	7.052631578947368	-740.0	
1942.0	7.608695652173913	1553.0	3.3804347826086953	2641.0	-4.217391304347826	-177.0	0.2653673163418291	0.013493253373313342	35.0	17695.3125	-0.05247376311844078	9.0	30.21323792427429	33418.0	-6459.0	196.9207317073171	1193819.0	36432.464599609375	323.719512195122	-218.0	-10618.0	6.646341463414635	3702.5641025641025	2527.0	2820.0	-6.746411483253588	2796.0	1.38755980861244	98.11517348493884	4785952.0	6.688995215311005	-580.0	
1991.0	7.293478260869565	1582.0	2.8478260869565215	2581.0	-3.5652173913043477	-159.0	0.2383808095952024	0.037481259370314844	20.0	17705.078125	-0.029985007496251874	25.0	30.21323792427429	33418.0	-6149.0	187.46951219512198	1194139.0	36442.230224609375	320.2134146341464	26.0	-10503.0	-0.7926829268292683	3737.7289377289376	2551.0	2612.0	-6.248803827751196	2536.0	0.8325358851674641	98.11517348493884	4785952.0	6.0669856459330145	-348.0	
2037.0	7.010869565217391	1608.0	2.3478260869565215	2535.0	-3.0652173913043477	-142.0	0.2128935532233883	0.043478260869565216	9.0	17714.84375	-0.013493253373313342	29.0	30.21323792427429	33418.0	-6020.0	183.53658536585368	1194459.0	36451.995849609375	315.8536585365854	389.0	-10360.0	-11.859756097560977	3692.3076923076924	2520.0	2304.0	-5.511961722488038	2416.0	0.24880382775119617	98.11517348493884	4785952.0	5.779904306220096	-104.0	
2067.0	6.760869565217391	1631.0	2.0217391304347827	2517.0	-2.869565217391304	-130.0	0.19490254872563717	0.047976011994003	0.0	17724.609375	0.0	32.0	30.21323792427429	33418.0	-5792.0	176.58536585365854	1194779.0	36461.761474609375	310.3048780487805	767.0	-10178.0	-23.384146341463417	3726.007326007326	2543.0	2184.0	-5.22488038277512	2308.0	-0.3157894736842105	98.11517348493884	4785952.0	5.521531100478469	132.0	
2092.0	6.695652173913043	1637.0	1.75	2481.0	-2.4782608695652173	-112.0	0.1679160419790105	0.06896551724137931	-6.0	17734.375	0.008995502248875561	46.0	30.21323792427429	33418.0	-4955.0	151.06707317073173	1195099.0	36471.527099609375	301.3109756097561	859.0	-9883.0	-26.189024390243905	3709.89010989011	2532.0	2060.0	-4.92822966507177	2292.0	-0.6985645933014354	98.11517348493884	4785952.0	5.483253588516746	292.0	
2133.0	6.9021739130434785	1618.0	1.3043478260869565	2457.0	-2.217391304347826	-102.0	0.15292353823088456	0.08545727136431784	-18.0	17744.140625	0.026986506746626684	57.0	30.22815087942872	33421.0	-4612.0	140.609756097561	1195419.0	36481.292724609375	293.9634146341464	967.0	-9642.0	-29.481707317073173	3705.4945054945056	2529.0	1968.0	-4.708133971291866	2356.0	-1.0813397129186602	98.11769091910094	4785952.0	5.636363636363636	452.0	
2137.0	6.782608695652174	1629.0	1.2608695652173914	2419.0	-1.8043478260869565	-88.0	0.13193403298350825	0.09895052473763118	-26.0	17753.90625	0.038980509745127435	66.0	30.22815087942872	33421.0	-4692.0	143.0487804878049	1195739.0	36491.058349609375	289.69512195121956	1141.0	-9502.0	-34.78658536585366	3734.798534798535	2549.0	1736.0	-4.15311004784689	2212.0	-1.3971291866028708	98.11769091910094	4785952.0	5.291866028708133	584.0	
2133.0	6.467391304347826	1658.0	1.3043478260869565	2366.0	-1.2282608695652173	-71.0	0.10644677661169415	0.10194902548725637	-31.0	17763.671875	0.046476761619190406	68.0	30.22815087942872	33421.0	-4058.0	123.71951219512196	1196059.0	36500.823974609375	282.469512195122	1593.0	-9265.0	-48.56707317073171	3752.3809523809523	2561.0	1604.0	-3.8373205741626792	2220.0	-1.1961722488038278	98.11769091910094	4785952.0	5.311004784688995	500.0	
2126.0	6.0978260869565215	1692.0	1.3804347826086956	2292.0	-0.42391304347826086	-57.0	0.08545727136431784	0.12143928035982009	-37.0	17773.4375	0.05547226386806597	81.0	30.22815087942872	33421.0	-3373.0	102.83536585365854	1196379.0	36510.589599609375	272.7743902439025	1761.0	-8947.0	-53.68902439024391	3718.6813186813188	2538.0	1164.0	-2.784688995215311	2036.0	-1.014354066985646	98.11769091910094	4785952.0	4.8708133971291865	424.0	
2160.0	5.891304347826087	1711.0	1.0108695652173914	2230.0	0.25	-40.0	0.05997001499250375	0.12293853073463268	-39.0	17783.203125	0.05847076461769115	82.0	30.22815087942872	33421.0	-3135.0	95.57926829268294	1196699.0	36520.355224609375	264.359756097561	2083.0	-8671.0	-63.50609756097562	3711.3553113553116	2533.0	836.0	-2.0	1888.0	-1.339712918660287	98.11769091910094	4785952.0	4.516746411483253	560.0	
2195.0	5.489130434782608	1748.0	0.6304347826086957	2192.0	0.6630434782608695	-30.0	0.04497751124437781	0.13043478260869565	-38.0	17792.96875	0.05697151424287856	87.0	30.22815087942872	33421.0	-2998.0	91.40243902439025	1197019.0	36530.120849609375	256.4329268292683	2341.0	-8411.0	-71.3719512195122	3696.703296703297	2523.0	640.0	-1.5311004784688995	1700.0	-1.8660287081339713	98.1277388633033	4784960.0	4.0669856459330145	780.0	
2210.0	5.217391304347826	1773.0	0.46739130434782605	2186.0	0.7282608695652174	-13.0	0.019490254872563718	0.1394302848575712	-37.0	17802.734375	0.05547226386806597	93.0	30.22815087942872	33421.0	-2481.0	75.64024390243902	1197339.0	36539.886474609375	248.26219512195124	2650.0	-8143.0	-80.79268292682927	3714.285714285714	2535.0	624.0	-1.492822966507177	1620.0	-2.047846889952153	98.1277388633033	4784960.0	3.875598086124402	856.0	
2186.0	5.293478260869565	1766.0	0.7282608695652174	2188.0	0.7065217391304348	-2.0	0.0029985007496251873	0.15442278860569714	-35.0	17812.5	0.05247376311844078	103.0	30.22815087942872	33421.0	-2031.0	61.92073170731708	1197659.0	36549.652099609375	240.09146341463418	2784.0	-7875.0	-84.87804878048782	3714.285714285714	2535.0	600.0	-1.4354066985645932	1608.0	-1.84688995215311	98.1277388633033	4784960.0	3.8468899521531097	772.0	
2174.0	5.239130434782608	1771.0	0.858695652173913	2148.0	1.141304347826087	8.0	-0.01199400299850075	0.15442278860569714	-35.0	17822.265625	0.05247376311844078	103.0	30.22815087942872	33421.0	-2075.0	63.26219512195122	1197979.0	36559.417724609375	233.109756097561	2878.0	-7646.0	-87.7439024390244	3695.2380952380954	2522.0	392.0	-0.937799043062201	1540.0	-1.444976076555024	98.1277388633033	4784960.0	3.6842105263157894	604.0	
2146.0	5.163043478260869	1778.0	1.1630434782608696	2121.0	1.434782608695652	26.0	-0.038980509745127435	0.15142428785607195	-39.0	17832.03125	0.05847076461769115	101.0	30.22815087942872	33421.0	-1723.0	52.53048780487806	1198299.0	36569.183349609375	222.77439024390245	2957.0	-7307.0	-90.15243902439025	3721.611721611722	2540.0	320.0	-0.7655502392344498	1608.0	-1.2822966507177034	98.1277388633033	4784960.0	3.8468899521531097	536.0	
2177.0	5.206521739130435	1774.0	0.8260869565217391	2097.0	1.6956521739130435	32.0	-0.047976011994003	0.16041979010494753	-32.0	17841.796875	0.047976011994003	107.0	30.22815087942872	33421.0	-1195.0	36.4329268292683	1198619.0	36578.948974609375	210.51829268292684	2677.0	-6905.0	-81.6158536585366	3742.124542124542	2554.0	284.0	-0.6794258373205742	1612.0	-1.4066985645933014	98.12482171462626	4785248.0	3.8564593301435406	588.0	
2240.0	5.228260869565217	1772.0	0.14130434782608695	2131.0	1.326086956521739	43.0	-0.06446776611694152	0.15442278860569714	-27.0	17851.5625	0.04047976011994003	103.0	30.22815087942872	33421.0	-1109.0	33.8109756097561	1198939.0	36588.714599609375	203.14024390243904	2311.0	-6663.0	-70.45731707317074	3714.285714285714	2535.0	296.0	-0.708133971291866	1608.0	-2.1052631578947367	98.12482171462626	4785248.0	3.8468899521531097	880.0	
2284.0	4.826086956521739	1809.0	-0.33695652173913043	2137.0	1.2608695652173914	51.0	-0.07646176911544228	0.1619190404797601	-27.0	17861.328125	0.04047976011994003	108.0	30.22815087942872	33421.0	-1205.0	36.737804878048784	1199259.0	36598.480224609375	195.00000000000003	1918.0	-6396.0	-58.47560975609757	3743.5897435897436	2555.0	440.0	-1.0526315789473684	1460.0	-2.727272727272727	98.12482171462626	4785248.0	3.492822966507177	1140.0	
2280.0	4.304347826086956	1857.0	-0.2934782608695652	2130.0	1.3369565217391304	67.0	-0.10044977511244378	0.15592203898050974	-25.0	17871.09375	0.037481259370314844	104.0	30.22815087942872	33421.0	-983.0	29.969512195121954	1199579.0	36608.245849609375	184.75609756097563	1781.0	-6060.0	-54.29878048780488	3692.3076923076924	2520.0	412.0	-0.985645933014354	1280.0	-2.8229665071770333	98.12482171462626	4785248.0	3.062200956937799	1180.0	
2243.0	3.652173913043478	1917.0	0.10869565217391304	2056.0	2.141304347826087	74.0	-0.11094452773613193	0.15742128935532235	-19.0	17880.859375	0.02848575712143928	105.0	30.22815087942872	33421.0	-762.0	23.231707317073173	1199899.0	36618.011474609375	172.53048780487808	1519.0	-5659.0	-46.3109756097561	3733.3333333333335	2548.0	100.0	-0.23923444976076555	924.0	-2.4401913875598087	98.12482171462626	4785248.0	2.2105263157894735	1020.0	
2216.0	3.217391304347826	1957.0	0.40217391304347827	2013.0	2.608695652173913	78.0	-0.1169415292353823	0.16941529235382308	-19.0	17890.625	0.02848575712143928	113.0	30.22815087942872	33421.0	-713.0	21.73780487804878	1200219.0	36627.777099609375	159.78658536585368	1620.0	-5241.0	-49.39024390243903	3708.4249084249086	2531.0	-168.0	0.4019138755980861	680.0	-2.1339712918660285	98.12433552346535	4785296.0	1.6267942583732056	892.0	
2216.0	3.1739130434782608	1961.0	0.40217391304347827	1942.0	3.3804347826086953	89.0	-0.13343328335832083	0.1679160419790105	-15.0	17900.390625	0.022488755622188904	112.0	30.22815087942872	33421.0	-622.0	18.963414634146343	1200539.0	36637.542724609375	146.4329268292683	1704.0	-4803.0	-51.951219512195124	3726.007326007326	2543.0	-528.0	1.263157894736842	604.0	-2.0	98.12433552346535	4785296.0	1.444976076555024	836.0	
2226.0	3.4130434782608696	1939.0	0.2934782608695652	1900.0	3.8369565217391304	102.0	-0.15292353823088456	0.15292353823088456	-11.0	17910.15625	0.01649175412293853	102.0	30.22815087942872	33421.0	-673.0	20.51829268292683	1200859.0	36647.308349609375	131.70731707317074	1750.0	-4320.0	-53.35365853658537	3745.054945054945	2556.0	-748.0	1.7894736842105263	700.0	-2.114832535885167	98.12433552346535	4785296.0	1.6746411483253587	884.0	
2266.0	3.8804347826086953	1896.0	-0.14130434782608695	1890.0	3.9456521739130435	103.0	-0.15442278860569714	0.17241379310344826	-11.0	17919.921875	0.01649175412293853	115.0	30.22815087942872	33421.0	-431.0	13.140243902439025	1201179.0	36657.073974609375	114.39024390243904	1808.0	-3752.0	-55.1219512195122	3733.3333333333335	2548.0	-800.0	1.9138755980861244	968.0	-2.555023923444976	98.12433552346535	4785296.0	2.3157894736842106	1068.0	
2317.0	4.043478260869565	1881.0	-0.6956521739130435	1885.0	4.0	114.0	-0.17091454272863568	0.16041979010494753	-1.0	17929.6875	0.0014992503748125937	107.0	30.22815087942872	33421.0	-455.0	13.871951219512196	1201499.0	36666.839599609375	98.50609756097562	1771.0	-3231.0	-53.993902439024396	3733.3333333333335	2548.0	-824.0	1.971291866028708	992.0	-3.1961722488038276	98.12433552346535	4785296.0	2.373205741626794	1336.0	
2352.0	3.8804347826086953	1896.0	-1.076086956521739	1849.0	4.391304347826087	113.0	-0.16941529235382308	0.1634182908545727	0.0	17939.453125	0.0	109.0	30.22815087942872	33421.0	-554.0	16.890243902439025	1201819.0	36676.605224609375	83.56707317073172	1805.0	-2741.0	-55.03048780487806	3712.820512820513	2534.0	-992.0	2.373205741626794	960.0	-3.6363636363636362	98.12190456888325	4785536.0	2.2966507177033493	1520.0	
2365.0	4.0	1885.0	-1.2173913043478262	1823.0	4.673913043478261	116.0	-0.17391304347826086	0.1619190404797601	3.0	17949.21875	-0.004497751124437781	108.0	30.22815087942872	33421.0	-735.0	22.408536585365855	1202139.0	36686.370849609375	67.65243902439025	1560.0	-2219.0	-47.5609756097561	3704.029304029304	2528.0	-1060.0	2.5358851674641145	988.0	-3.866028708133971	98.12190456888325	4785536.0	2.3636363636363638	1616.0	
2349.0	5.33695652173913	1762.0	-1.0434782608695652	1823.0	4.673913043478261	112.0	-0.1679160419790105	0.15892053973013492	2.0	17958.984375	-0.0029985007496251873	106.0	30.22815087942872	33421.0	-585.0	17.835365853658537	1202459.0	36696.136474609375	50.57926829268293	1096.0	-1659.0	-33.41463414634147	3718.6813186813188	2538.0	-1076.0	2.574162679425837	1676.0	-3.5693779904306218	98.12190456888325	4785536.0	4.009569377990431	1492.0	
2433.0	3.869565217391304	1897.0	-1.9565217391304348	1660.0	6.445652173913043	128.0	-0.191904047976012	0.15742128935532235	4.0	17968.75	-0.005997001499250375	105.0	30.22815087942872	33421.0	-501.0	15.27439024390244	1202779.0	36705.902099609375	21.219512195121954	778.0	-696.0	-23.719512195121954	3701.0989010989015	2526.0	-1944.0	4.650717703349282	916.0	-4.708133971291866	98.12190456888325	4785536.0	2.1913875598086126	1968.0	
2474.0	1.8043478260869565	2087.0	-2.402173913043478	1564.0	7.489130434782608	127.0	-0.19040479760119938	0.15292353823088456	3.0	17978.515625	-0.004497751124437781	102.0	30.22815087942872	33421.0	-243.0	7.408536585365854	1203099.0	36715.667724609375	0.6707317073170732	744.0	-22.0	-22.682926829268293	3698.1684981684984	2524.0	-2404.0	5.751196172248804	-76.0	-5.110047846889952	98.12190456888325	4785536.0	-0.18181818181818182	2136.0	
2459.0	0.9239130434782609	2168.0	-2.2391304347826084	1581.0	7.304347826086956	126.0	-0.1889055472263868	0.16041979010494753	1.0	17988.28125	-0.0014992503748125937	107.0	30.22815087942872	33421.0	3.0	-0.09146341463414635	1203419.0	36725.433349609375	-18.04878048780488	1514.0	592.0	-46.15853658536586	3723.0769230769233	2541.0	-2232.0	5.339712918660287	-384.0	-4.803827751196172	98.1228769504716	4785440.0	-0.9186602870813396	2008.0	
2471.0	1.434782608695652	2121.0	-2.369565217391304	1619.0	6.891304347826087	126.0	-0.1889055472263868	0.15742128935532235	6.0	17998.046875	-0.008995502248875561	105.0	30.22815087942872	33421.0	329.0	-10.03048780487805	1203739.0	36735.198974609375	-38.38414634146342	1635.0	1259.0	-49.84756097560976	3749.4505494505493	2559.0	-2128.0	5.090909090909091	-288.0	-4.880382775119617	98.1228769504716	4785440.0	-0.6889952153110047	2040.0	
2523.0	3.0978260869565215	1968.0	-2.934782608695652	1708.0	5.923913043478261	121.0	-0.18140929535232383	0.15142428785607195	-1.0	18007.8125	0.0014992503748125937	101.0	30.22815087942872	33421.0	530.0	-16.158536585365855	1204059.0	36744.964599609375	-53.018292682926834	1301.0	1739.0	-39.66463414634147	3712.820512820513	2534.0	-1784.0	4.267942583732057	388.0	-5.5311004784688995	98.1228769504716	4785440.0	0.9282296650717703	2312.0	
2557.0	4.663043478260869	1824.0	-3.3043478260869565	1772.0	5.228260869565217	110.0	-0.1649175412293853	0.15142428785607195	1.0	18017.578125	-0.0014992503748125937	101.0	30.22815087942872	33421.0	541.0	-16.493902439024392	1204379.0	36754.730224609375	-65.54878048780489	634.0	2150.0	-19.32926829268293	3750.915750915751	2560.0	-1400.0	3.3492822966507174	1160.0	-6.038277511961723	98.1228769504716	4785440.0	2.77511961722488	2524.0	
2585.0	5.4021739130434785	1756.0	-3.608695652173913	1840.0	4.489130434782608	112.0	-0.1679160419790105	0.14842578710644677	7.0	18027.34375	-0.010494752623688156	99.0	30.22815087942872	33421.0	762.0	-23.231707317073173	1204699.0	36764.495849609375	-79.72560975609757	-182.0	2615.0	5.548780487804879	3692.3076923076924	2520.0	-1100.0	2.631578947368421	1676.0	-6.3349282296650715	98.1228769504716	4785440.0	4.009569377990431	2648.0	
2584.0	5.554347826086956	1742.0	-3.5978260869565215	1901.0	3.8260869565217392	109.0	-0.1634182908545727	0.14392803598200898	-4.0	18037.109375	0.005997001499250375	96.0	30.22815087942872	33421.0	857.0	-26.128048780487806	1205019.0	36774.261474609375	-81.76829268292684	-716.0	2682.0	21.82926829268293	3706.959706959707	2530.0	-796.0	1.9043062200956937	1752.0	-6.555023923444976	98.11752885577002	4785968.0	4.1913875598086126	2740.0	
2576.0	5.163043478260869	1778.0	-3.510869565217391	1914.0	3.684782608695652	104.0	-0.15592203898050974	0.14392803598200898	-9.0	18046.875	0.013493253373313342	96.0	30.22815087942872	33421.0	1102.0	-33.59756097560976	1205339.0	36784.027099609375	-89.48170731707317	-1141.0	2935.0	34.78658536585366	3720.1465201465203	2539.0	-728.0	1.7416267942583732	1580.0	-6.4784688995215305	98.11752885577002	4785968.0	3.7799043062200957	2708.0	
2577.0	4.695652173913043	1821.0	-3.5217391304347827	1879.0	4.065217391304348	99.0	-0.14842578710644677	0.1394302848575712	-10.0	18056.640625	0.014992503748125937	93.0	30.22815087942872	33421.0	1500.0	-45.73170731707317	1205659.0	36793.792724609375	-93.68902439024392	-1385.0	3073.0	42.22560975609756	3715.7509157509157	2536.0	-856.0	2.047846889952153	1400.0	-6.4784688995215305	98.11752885577002	4785968.0	3.3492822966507174	2708.0	
2544.0	4.391304347826087	1849.0	-3.1630434782608696	1851.0	4.369565217391305	96.0	-0.14392803598200898	0.14392803598200898	-12.0	18066.40625	0.017991004497751123	96.0	30.22815087942872	33421.0	1853.0	-56.493902439024396	1205979.0	36803.558349609375	-97.98780487804879	-1370.0	3214.0	41.768292682926834	3734.798534798535	2549.0	-996.0	2.3827751196172247	1260.0	-6.277511961722488	98.11752885577002	4785968.0	3.014354066985646	2624.0	
2512.0	4.021739130434782	1883.0	-2.8152173913043477	1818.0	4.728260869565217	92.0	-0.13793103448275862	0.1409295352323838	-4.0	18076.171875	0.005997001499250375	94.0	30.22815087942872	33421.0	2276.0	-69.39024390243902	1206299.0	36813.323974609375	-102.6219512195122	-1350.0	3366.0	41.15853658536586	3746.5201465201467	2557.0	-1084.0	2.5933014354066986	1100.0	-5.712918660287081	98.11752885577002	4785968.0	2.631578947368421	2388.0	
2451.0	4.032608695652174	1882.0	-2.152173913043478	1818.0	4.728260869565217	85.0	-0.12743628185907047	0.1409295352323838	-10.0	18085.9375	0.014992503748125937	94.0	30.22815087942872	33421.0	2748.0	-83.78048780487805	1206619.0	36823.089599609375	-107.65243902439025	-1413.0	3531.0	43.07926829268293	3712.820512820513	2534.0	-1168.0	2.7942583732057416	1092.0	-4.947368421052631	98.11914948948667	4785808.0	2.61244019138756	2068.0	
2417.0	4.4021739130434785	1848.0	-1.7826086956521738	1806.0	4.858695652173913	84.0	-0.12593703148425786	0.13043478260869565	-8.0	18095.703125	0.01199400299850075	87.0	30.22815087942872	33421.0	3153.0	-96.12804878048782	1206939.0	36832.855224609375	-114.90853658536587	-1686.0	3769.0	51.40243902439025	3731.868131868132	2547.0	-1208.0	2.889952153110048	1248.0	-4.392344497607655	98.11914948948667	4785808.0	2.985645933014354	1836.0	
2410.0	4.793478260869565	1812.0	-1.7065217391304348	1812.0	4.793478260869565	78.0	-0.1169415292353823	0.12593703148425786	-9.0	18105.46875	0.013493253373313342	84.0	30.22815087942872	33421.0	3518.0	-107.25609756097562	1207259.0	36842.620849609375	-120.82317073170732	-2121.0	3963.0	64.66463414634147	3708.4249084249086	2531.0	-1196.0	2.861244019138756	1452.0	-4.440191387559809	98.11914948948667	4785808.0	3.4736842105263155	1856.0	
2409.0	5.0978260869565215	1784.0	-1.6956521739130435	1820.0	4.706521739130435	74.0	-0.11094452773613193	0.1184407796101949	-14.0	18115.234375	0.020989505247376312	79.0	30.22815087942872	33421.0	3910.0	-119.20731707317074	1207579.0	36852.386474609375	-125.85365853658537	-2625.0	4128.0	80.03048780487805	3723.0769230769233	2541.0	-1136.0	2.7177033492822966	1616.0	-4.7272727272727275	98.11914948948667	4785808.0	3.866028708133971	1976.0	
2432.0	5.510869565217392	1746.0	-1.9456521739130435	1878.0	4.076086956521739	71.0	-0.10644677661169415	0.1169415292353823	-9.0	18125.0	0.013493253373313342	78.0	30.22815087942872	33421.0	4322.0	-131.76829268292684	1207899.0	36862.152099609375	-128.2317073170732	-3175.0	4206.0	96.79878048780489	3701.0989010989015	2526.0	-896.0	2.1435406698564594	1728.0	-4.77511961722488	98.11914948948667	4785808.0	4.133971291866029	1996.0	
2416.0	5.717391304347826	1727.0	-1.7717391304347825	1936.0	3.4456521739130435	65.0	-0.09745127436281859	0.10794602698650674	-10.0	18134.765625	0.014992503748125937	72.0	30.22815087942872	33421.0	4744.0	-144.63414634146343	1208219.0	36871.917724609375	-128.44512195121953	-3669.0	4213.0	111.85975609756099	3695.2380952380954	2522.0	-580.0	1.38755980861244	1860.0	-4.449760765550239	98.11866329927659	4785856.0	4.449760765550239	1860.0	
2378.0	6.021739130434782	1699.0	-1.358695652173913	1983.0	2.934782608695652	56.0	-0.08395802098950525	0.0914542728635682	-6.0	18144.53125	0.008995502248875561	61.0	30.22815087942872	33421.0	5132.0	-156.46341463414635	1208539.0	36881.683349609375	-128.41463414634148	-4110.0	4212.0	125.3048780487805	3718.6813186813188	2538.0	-352.0	0.8421052631578947	2004.0	-4.267942583732057	98.11866329927659	4785856.0	4.794258373205741	1784.0	
2358.0	6.260869565217391	1677.0	-1.141304347826087	2003.0	2.717391304347826	57.0	-0.08545727136431784	0.08245877061469264	-12.0	18154.296875	0.017991004497751123	55.0	30.22815087942872	33421.0	5536.0	-168.78048780487808	1208859.0	36891.448974609375	-126.21951219512196	-4469.0	4140.0	136.25	3740.6593406593406	2553.0	-260.0	0.6220095693779905	2056.0	-3.942583732057416	98.11866329927659	4785856.0	4.918660287081339	1648.0	
2338.0	6.380434782608695	1666.0	-0.9239130434782609	2011.0	2.630434782608696	49.0	-0.07346326836581708	0.07796101949025487	-8.0	18164.0625	0.01199400299850075	52.0	30.22815087942872	33421.0	5936.0	-180.97560975609758	1209179.0	36901.214599609375	-123.23170731707319	-4900.0	4042.0	149.39024390243904	3711.3553113553116	2533.0	-224.0	0.5358851674641149	2120.0	-3.6746411483253585	98.11866329927659	4785856.0	5.071770334928229	1536.0	
2328.0	6.358695652173913	1668.0	-0.8152173913043478	1982.0	2.9456521739130435	46.0	-0.06896551724137931	0.06746626686656672	-5.0	18173.828125	0.0074962518740629685	45.0	30.22815087942872	33421.0	6418.0	-195.6707317073171	1209499.0	36910.980224609375	-121.12804878048782	-5476.0	3973.0	166.95121951219514	3740.6593406593406	2553.0	-320.0	0.7655502392344498	2128.0	-3.4449760765550237	98.11866329927659	4785856.0	5.090909090909091	1440.0	
2316.0	6.271739130434782	1676.0	-0.6847826086956521	1978.0	2.9891304347826084	43.0	-0.06446776611694152	0.05547226386806597	-1.0	18183.59375	0.0014992503748125937	37.0	30.22815087942872	33421.0	6890.0	-210.06097560975613	1209819.0	36920.745849609375	-118.50609756097562	-6090.0	3887.0	185.6707317073171	3699.6336996337	2525.0	-392.0	0.937799043062201	2112.0	-3.263157894736842	98.11801504578993	4785920.0	5.052631578947368	1364.0	
2306.0	6.25	1678.0	-0.5760869565217391	1985.0	2.9130434782608696	44.0	-0.06596701649175413	0.04947526236881559	-6.0	18193.359375	0.008995502248875561	33.0	30.22815087942872	33421.0	7287.0	-222.16463414634148	1210139.0	36930.511474609375	-115.64024390243904	-6620.0	3793.0	201.82926829268294	3715.7509157509157	2536.0	-368.0	0.8803827751196172	2084.0	-3.2248803827751193	98.11801504578993	4785920.0	4.985645933014354	1348.0	
2292.0	6.206521739130435	1682.0	-0.42391304347826086	2009.0	2.652173913043478	42.0	-0.06296851574212893	0.043478260869565216	4.0	18203.125	-0.005997001499250375	29.0	30.22815087942872	33421.0	7700.0	-234.75609756097563	1210459.0	36940.277099609375	-110.21341463414635	-7069.0	3615.0	215.51829268292684	3711.3553113553116	2533.0	-292.0	0.6985645933014354	2040.0	-3.129186602870813	98.11801504578993	4785920.0	4.880382775119617	1308.0	
2263.0	6.228260869565217	1680.0	-0.10869565217391304	2058.0	2.119565217391304	43.0	-0.06446776611694152	0.037481259370314844	6.0	18212.890625	-0.008995502248875561	25.0	30.22815087942872	33421.0	8132.0	-247.9268292682927	1210779.0	36950.042724609375	-103.8719512195122	-7218.0	3407.0	220.06097560975613	3709.89010989011	2532.0	-76.0	0.18181818181818182	2060.0	-2.7942583732057416	98.11801504578993	4785920.0	4.92822966507177	1168.0	
2209.0	6.717391304347826	1635.0	0.4782608695652174	2146.0	1.1630434782608696	42.0	-0.06296851574212893	0.004497751124437781	21.0	18222.65625	-0.031484257871064465	3.0	30.22815087942872	33421.0	8498.0	-259.0853658536586	1211099.0	36959.808349609375	-98.07926829268294	-7120.0	3217.0	217.07317073170734	3739.194139194139	2552.0	376.0	-0.8995215311004784	2240.0	-2.200956937799043	98.11801504578993	4785920.0	5.358851674641148	920.0	
2178.0	7.456521739130435	1567.0	0.8152173913043478	2167.0	0.9347826086956521	47.0	-0.0704647676161919	-0.004497751124437781	19.0	18232.421875	-0.02848575712143928	-3.0	30.22815087942872	33421.0	8728.0	-266.0975609756098	1211419.0	36969.573974609375	-88.90243902439025	-6816.0	2916.0	207.8048780487805	3742.124542124542	2554.0	608.0	-1.4545454545454546	2576.0	-1.6842105263157894	98.11833917251516	4785888.0	6.162679425837321	704.0	
2134.0	7.869565217391304	1529.0	1.2934782608695652	2152.0	1.0978260869565217	46.0	-0.06896551724137931	-0.020989505247376312	27.0	18242.1875	-0.04047976011994003	-14.0	30.22815087942872	33421.0	8914.0	-271.76829268292687	1211739.0	36979.339599609375	-79.45121951219512	-6541.0	2606.0	199.4207317073171	3717.2161172161173	2537.0	440.0	-1.0526315789473684	2820.0	-1.1674641148325358	98.11833917251516	4785888.0	6.746411483253588	488.0	
2105.0	7.815217391304348	1534.0	1.608695652173913	2117.0	1.4782608695652173	50.0	-0.07496251874062969	-0.034482758620689655	37.0	18251.953125	-0.05547226386806597	-23.0	30.22815087942872	33421.0	9280.0	-282.9268292682927	1212059.0	36989.105224609375	-71.25	-6615.0	2337.0	201.6768292682927	3711.3553113553116	2533.0	260.0	-0.6220095693779905	2776.0	-0.7272727272727273	98.11833917251516	4785888.0	6.641148325358851	304.0	
2072.0	7.489130434782608	1564.0	1.967391304347826	2084.0	1.8369565217391304	53.0	-0.07946026986506746	-0.047976011994003	48.0	18261.71875	-0.07196401799100449	-32.0	30.22815087942872	33421.0	9859.0	-300.57926829268297	1212379.0	36998.870849609375	-62.50000000000001	-7070.0	2050.0	215.5487804878049	3709.89010989011	2532.0	120.0	-0.28708133971291866	2644.0	-0.3827751196172249	98.11833917251516	4785888.0	6.325358851674641	160.0	
2051.0	7.391304347826087	1573.0	2.1956521739130435	2070.0	1.9891304347826086	58.0	-0.08695652173913043	-0.06296851574212893	48.0	18271.484375	-0.07196401799100449	-42.0	30.22815087942872	33421.0	10414.0	-317.50000000000006	1212699.0	37008.636474609375	-52.713414634146346	-7477.0	1729.0	227.95731707317074	3723.0769230769233	2541.0	36.0	-0.08612440191387559	2584.0	-0.11483253588516745	98.11833917251516	4785888.0	6.181818181818182	48.0	
2029.0	7.326086956521739	1579.0	2.4347826086956523	2094.0	1.7282608695652173	65.0	-0.09745127436281859	-0.07346326836581708	65.0	18281.25	-0.09745127436281859	-49.0	30.22815087942872	33421.0	10682.0	-325.6707317073171	1213019.0	37018.402099609375	-43.47560975609756	-7583.0	1426.0	231.18902439024393	3704.029304029304	2528.0	148.0	-0.354066985645933	2508.0	0.12440191387559808	98.11898742607426	4785824.0	6.0	-52.0	
2001.0	7.619565217391304	1552.0	2.7391304347826084	2137.0	1.2608695652173914	77.0	-0.11544227886056971	-0.08245877061469264	80.0	18291.015625	-0.1199400299850075	-55.0	30.22815087942872	33421.0	10843.0	-330.57926829268297	1213339.0	37028.167724609375	-31.3109756097561	-7424.0	1027.0	226.34146341463418	3696.703296703297	2523.0	352.0	-0.8421052631578947	2708.0	0.5741626794258373	98.11898742607426	4785824.0	6.4784688995215305	-240.0	
1946.0	8.880434782608695	1436.0	3.3369565217391304	2152.0	1.0978260869565217	79.0	-0.1184407796101949	-0.09745127436281859	87.0	18300.78125	-0.13043478260869565	-65.0	30.22815087942872	33421.0	10898.0	-332.25609756097566	1213659.0	37037.933349609375	-18.445121951219512	-7490.0	605.0	228.35365853658539	3715.7509157509157	2536.0	380.0	-0.9090909090909091	2972.0	0.8803827751196172	98.11898742607426	4785824.0	7.110047846889952	-368.0	
1883.0	11.271739130434783	1216.0	4.021739130434782	2094.0	1.7282608695652173	88.0	-0.13193403298350825	-0.10494752623688156	103.0	18310.546875	-0.15442278860569714	-70.0	30.22815087942872	33421.0	10903.0	-332.4085365853659	1213979.0	37047.698974609375	-5.640243902439025	-8459.0	185.0	257.8963414634147	3739.194139194139	2552.0	348.0	-0.8325358851674641	3948.0	1.6363636363636362	98.11898742607426	4785824.0	9.444976076555024	-684.0	
1817.0	14.076086956521738	958.0	4.739130434782608	2016.0	2.5760869565217392	97.0	-0.1454272863568216	-0.11544227886056971	116.0	18320.3125	-0.17391304347826086	-77.0	30.22815087942872	33421.0	10927.0	-333.14024390243907	1214299.0	37057.464599609375	5.335365853658537	-10355.0	-175.0	315.70121951219517	3708.4249084249086	2531.0	-108.0	0.2583732057416268	5312.0	2.5645933014354068	98.11898742607426	4785824.0	12.708133971291865	-1072.0	
1805.0	15.641304347826086	814.0	4.869565217391305	1987.0	2.891304347826087	112.0	-0.1679160419790105	-0.11544227886056971	126.0	18330.078125	-0.1889055472263868	-77.0	30.22815087942872	33421.0	11130.0	-339.32926829268297	1214619.0	37067.230224609375	23.262195121951223	-13066.0	-763.0	398.3536585365854	3745.054945054945	2556.0	-308.0	0.7368421052631579	6312.0	2.985645933014354	98.11866329927659	4785856.0	15.10047846889952	-1248.0	
1882.0	15.08695652173913	865.0	4.032608695652174	2064.0	2.0543478260869565	139.0	-0.2083958020989505	-0.11544227886056971	144.0	18339.84375	-0.21589205397301348	-77.0	30.22815087942872	33421.0	11443.0	-348.87195121951225	1214939.0	37076.995849609375	59.60365853658537	-15417.0	-1955.0	470.0304878048781	3704.029304029304	2528.0	-32.0	0.07655502392344497	6284.0	2.1626794258373203	98.11866329927659	4785856.0	15.033492822966506	-904.0	
1976.0	12.543478260869565	1099.0	3.010869565217391	2097.0	1.6956521739130435	153.0	-0.22938530734632684	-0.1184407796101949	160.0	18349.609375	-0.239880059970015	-79.0	30.22815087942872	33421.0	11522.0	-351.2804878048781	1215259.0	37086.761474609375	106.03658536585367	-15699.0	-3478.0	478.62804878048786	3714.285714285714	2535.0	140.0	-0.33492822966507174	5172.0	0.7751196172248803	98.11866329927659	4785856.0	12.373205741626794	-324.0	
1960.0	9.554347826086957	1374.0	3.184782608695652	2031.0	2.4130434782608696	168.0	-0.2518740629685157	-0.0944527736131934	175.0	18359.375	-0.2623688155922039	-63.0	30.22815087942872	33421.0	11288.0	-344.1463414634147	1215579.0	37096.527099609375	138.53658536585368	-14156.0	-4544.0	431.5853658536586	3705.4945054945056	2529.0	-136.0	0.3253588516746411	3624.0	0.7177033492822966	98.11866329927659	4785856.0	8.669856459330143	-300.0	
1837.0	7.739130434782608	1541.0	4.521739130434782	1901.0	3.8260869565217392	190.0	-0.2848575712143928	-0.07496251874062969	196.0	18369.140625	-0.29385307346326833	-50.0	30.22815087942872	33421.0	10727.0	-327.0426829268293	1215899.0	37106.292724609375	160.85365853658539	-12189.0	-5276.0	371.6158536585366	3717.2161172161173	2537.0	-748.0	1.7894736842105263	2700.0	2.277511961722488	98.11866329927659	4785856.0	6.45933014354067	-952.0	
1655.0	7.293478260869565	1582.0	6.5	1779.0	5.1521739130434785	206.0	-0.3088455772113943	-0.07796101949025487	218.0	18378.90625	-0.3268365817091454	-52.0	30.22815087942872	33421.0	10085.0	-307.469512195122	1216219.0	37116.058349609375	181.52439024390245	-9907.0	-5954.0	302.0426829268293	3730.4029304029305	2546.0	-1404.0	3.3588516746411483	2464.0	4.526315789473684	98.12433552346535	4785296.0	5.894736842105263	-1892.0	
1507.0	7.358695652173913	1576.0	8.108695652173912	1675.0	6.282608695652174	219.0	-0.328335832083958	-0.06296851574212893	232.0	18388.671875	-0.34782608695652173	-42.0	30.22815087942872	33421.0	9581.0	-292.1036585365854	1216539.0	37125.823974609375	192.9268292682927	-7699.0	-6328.0	234.72560975609758	3739.194139194139	2552.0	-1860.0	4.449760765550239	2528.0	6.545454545454545	98.12433552346535	4785296.0	6.047846889952153	-2736.0	
1412.0	7.5	1563.0	9.141304347826086	1629.0	6.782608695652174	228.0	-0.34182908545727136	-0.047976011994003	250.0	18398.4375	-0.3748125937031484	-32.0	30.22815087942872	33421.0	9069.0	-276.4939024390244	1216859.0	37135.589599609375	199.66463414634148	-5373.0	-6549.0	163.8109756097561	3724.542124542125	2542.0	-2120.0	5.071770334928229	2628.0	7.751196172248804	98.12433552346535	4785296.0	6.287081339712919	-3240.0	
1386.0	7.054347826086956	1604.0	9.42391304347826	1597.0	7.130434782608695	233.0	-0.3493253373313343	-0.05247376311844078	264.0	18408.203125	-0.3958020989505247	-35.0	30.22815087942872	33421.0	8637.0	-263.32317073170736	1217179.0	37145.355224609375	208.26219512195124	-2704.0	-6831.0	82.43902439024392	3718.6813186813188	2538.0	-2292.0	5.483253588516746	2416.0	8.028708133971291	98.12433552346535	4785296.0	5.779904306220096	-3356.0	
1352.0	6.043478260869565	1697.0	9.793478260869565	1539.0	7.760869565217391	233.0	-0.3493253373313343	-0.034482758620689655	287.0	18417.96875	-0.4302848575712144	-23.0	30.22815087942872	33421.0	8512.0	-259.51219512195127	1217499.0	37155.120849609375	214.0548780487805	422.0	-7021.0	-12.865853658536587	3702.5641025641025	2527.0	-2616.0	6.258373205741626	1944.0	8.497607655502392	98.12433552346535	4785296.0	4.650717703349282	-3552.0	
1228.0	6.391304347826087	1665.0	11.141304347826086	1469.0	8.521739130434783	233.0	-0.3493253373313343	-0.04047976011994003	304.0	18427.734375	-0.45577211394302847	-27.0	30.22815087942872	33421.0	8255.0	-251.6768292682927	1217819.0	37164.886474609375	210.12195121951223	3236.0	-6892.0	-98.65853658536587	3717.2161172161173	2537.0	-2928.0	7.0047846889952154	2120.0	10.181818181818182	98.1197977432269	4785744.0	5.071770334928229	-4256.0	
1064.0	8.097826086956522	1508.0	12.92391304347826	1415.0	9.108695652173912	218.0	-0.3268365817091454	-0.05847076461769115	317.0	18437.5	-0.4752623688155922	-39.0	30.22815087942872	33421.0	7915.0	-241.31097560975613	1218139.0	37174.652099609375	196.18902439024393	5935.0	-6435.0	-180.94512195121953	3702.5641025641025	2527.0	-3232.0	7.732057416267942	2960.0	12.287081339712918	98.1197977432269	4785744.0	7.08133971291866	-5136.0	
901.0	11.304347826086957	1213.0	14.695652173913043	1411.0	9.152173913043478	224.0	-0.335832083958021	-0.05847076461769115	339.0	18447.265625	-0.5082458770614693	-39.0	30.22815087942872	33421.0	7531.0	-229.60365853658539	1218459.0	37184.417724609375	179.08536585365854	7224.0	-5874.0	-220.24390243902442	3696.703296703297	2523.0	-3104.0	7.425837320574162	4628.0	14.344497607655502	98.1197977432269	4785744.0	11.07177033492823	-5996.0	
842.0	14.978260869565217	875.0	15.33695652173913	1418.0	9.076086956521738	208.0	-0.3118440779610195	-0.06596701649175413	354.0	18457.03125	-0.5307346326836582	-44.0	30.22815087942872	33421.0	6960.0	-212.19512195121953	1218779.0	37194.183349609375	154.63414634146343	7371.0	-5072.0	-224.72560975609758	3720.1465201465203	2539.0	-3060.0	7.320574162679425	5588.0	14.842105263157894	98.1197977432269	4785744.0	13.368421052631579	-6204.0	
947.0	15.706521739130434	808.0	14.195652173913043	1432.0	8.92391304347826	205.0	-0.3073463268365817	-0.08845577211394302	371.0	18466.796875	-0.5562218890554722	-59.0	30.22815087942872	33421.0	7214.0	-219.93902439024393	1219099.0	37203.948974609375	157.25609756097563	7058.0	-5158.0	-215.18292682926833	3742.124542124542	2554.0	-3068.0	7.339712918660287	6464.0	13.760765550239235	98.1197977432269	4785744.0	15.464114832535884	-5752.0	
1050.0	16.25	758.0	13.076086956521738	1487.0	8.326086956521738	195.0	-0.29235382308845576	-0.09895052473763118	382.0	18476.5625	-0.5727136431784108	-66.0	30.22815087942872	33421.0	6680.0	-203.65853658536588	1219419.0	37213.714599609375	149.2378048780488	6343.0	-4895.0	-193.38414634146343	3706.959706959707	2530.0	-2820.0	6.746411483253588	6500.0	12.459330143540669	98.12012187015134	4785712.0	15.55023923444976	-5208.0	
1156.0	14.739130434782608	897.0	11.92391304347826	1462.0	8.597826086956522	175.0	-0.2623688155922039	-0.10644677661169415	393.0	18486.328125	-0.5892053973013494	-71.0	30.22815087942872	33421.0	6171.0	-188.14024390243904	1219739.0	37223.480224609375	148.9329268292683	6834.0	-4885.0	-208.35365853658539	3733.3333333333335	2548.0	-2852.0	6.822966507177033	6176.0	11.081339712918659	98.12012187015134	4785712.0	14.77511961722488	-4632.0	
1175.0	13.282608695652174	1031.0	11.717391304347826	1428.0	8.967391304347826	169.0	-0.25337331334332835	-0.11244377811094453	406.0	18496.09375	-0.608695652173913	-75.0	30.22815087942872	33421.0	5950.0	-181.40243902439025	1220059.0	37233.245849609375	143.38414634146343	7505.0	-4703.0	-228.81097560975613	3704.029304029304	2528.0	-3016.0	7.215311004784689	5276.0	10.602870813397129	98.12012187015134	4785712.0	12.62200956937799	-4432.0	
1150.0	13.41304347826087	1019.0	11.989130434782608	1377.0	9.521739130434783	161.0	-0.24137931034482757	-0.12743628185907047	419.0	18505.859375	-0.6281859070464767	-85.0	30.22815087942872	33421.0	5301.0	-161.6158536585366	1220379.0	37243.011474609375	122.25609756097562	8230.0	-4010.0	-250.91463414634148	3714.285714285714	2535.0	-3220.0	7.70334928229665	5220.0	10.937799043062201	98.12012187015134	4785712.0	12.488038277511961	-4572.0	
1160.0	14.67391304347826	903.0	11.880434782608695	1348.0	9.83695652173913	161.0	-0.24137931034482757	-0.12743628185907047	419.0	18515.625	-0.6281859070464767	-85.0	30.22815087942872	33421.0	4654.0	-141.89024390243904	1220699.0	37252.777099609375	105.64024390243904	7773.0	-3465.0	-236.9817073170732	3711.3553113553116	2533.0	-3412.0	8.16267942583732	5704.0	10.909090909090908	98.12012187015134	4785712.0	13.645933014354066	-4560.0	
1187.0	16.5	735.0	11.58695652173913	1159.0	11.891304347826086	132.0	-0.19790104947526235	-0.13343328335832083	425.0	18525.390625	-0.6371814092953523	-89.0	30.22815087942872	33421.0	3906.0	-119.08536585365854	1221019.0	37262.542724609375	78.04878048780489	7392.0	-2560.0	-225.3658536585366	3705.4945054945056	2529.0	-3708.0	8.870813397129186	6608.0	10.382775119617225	98.12109425114201	4785616.0	15.808612440191387	-4340.0	
1154.0	18.858695652173914	518.0	11.945652173913043	1164.0	11.83695652173913	132.0	-0.19790104947526235	-0.13343328335832083	425.0	18535.15625	-0.6371814092953523	-89.0	30.22815087942872	33421.0	2996.0	-91.34146341463415	1221339.0	37272.308349609375	58.32317073170732	6342.0	-1913.0	-193.35365853658539	3733.3333333333335	2548.0	-4060.0	9.71291866028708	7784.0	10.813397129186603	98.12109425114201	4785616.0	18.62200956937799	-4520.0	
1104.0	19.25	482.0	12.489130434782608	877.0	14.956521739130434	126.0	-0.1889055472263868	-0.136431784107946	445.0	18544.921875	-0.6671664167916042	-91.0	30.22815087942872	33421.0	2078.0	-63.35365853658537	1221659.0	37282.073974609375	20.03048780487805	5512.0	-657.0	-168.0487804878049	3736.2637362637365	2550.0	-5492.0	13.138755980861243	8076.0	11.770334928229664	98.12109425114201	4785616.0	19.320574162679424	-4920.0	
1218.0	17.32608695652174	659.0	11.25	438.0	19.728260869565215	122.0	-0.1829085457271364	-0.1424287856071964	453.0	18554.6875	-0.6791604197901049	-95.0	30.22815087942872	33421.0	651.0	-19.847560975609756	1221979.0	37291.839599609375	-59.42073170731708	9322.0	1949.0	-284.20731707317077	3720.1465201465203	2539.0	-7756.0	18.555023923444974	6860.0	10.200956937799043	98.12109425114201	4785616.0	16.411483253588518	-4264.0	
1468.0	22.32608695652174	199.0	8.532608695652174	547.0	18.543478260869566	106.0	-0.15892053973013492	-0.14842578710644677	451.0	18564.453125	-0.6761619190404797	-99.0	30.22815087942872	33421.0	-1248.0	38.04878048780488	1222299.0	37301.605224609375	-92.7439024390244	8998.0	3042.0	-274.32926829268297	3711.3553113553116	2533.0	-7112.0	17.014354066985646	9484.0	7.062200956937799	98.12109425114201	4785616.0	22.688995215311003	-2952.0	
1798.0	22.945652173913043	142.0	4.945652173913043	680.0	17.09782608695652	101.0	-0.15142428785607195	-0.15142428785607195	454.0	18574.21875	-0.6806596701649176	-101.0	30.22815087942872	33421.0	-1298.0	39.57317073170732	1222619.0	37311.370849609375	-82.43902439024392	6502.0	2704.0	-198.2317073170732	3736.2637362637365	2550.0	-6508.0	15.569377990430622	9784.0	2.6698564593301435	98.1207701241089	4785648.0	23.4066985645933	-1116.0	
2037.0	17.83695652173913	612.0	2.3478260869565215	990.0	13.728260869565217	89.0	-0.13343328335832083	-0.17091454272863568	457.0	18583.984375	-0.6851574212893553	-114.0	30.22815087942872	33421.0	-1025.0	31.250000000000004	1222939.0	37321.136474609375	-68.50609756097562	4541.0	2247.0	-138.44512195121953	3708.4249084249086	2531.0	-4940.0	11.818181818181818	7076.0	-0.16267942583732056	98.1207701241089	4785648.0	16.92822966507177	68.0	
2028.0	14.41304347826087	927.0	2.4456521739130435	1286.0	10.51086956521739	91.0	-0.136431784107946	-0.16941529235382308	443.0	18593.75	-0.664167916041979	-113.0	30.22815087942872	33421.0	-1639.0	49.96951219512196	1223259.0	37330.902099609375	-64.90853658536587	3932.0	2129.0	-119.87804878048782	3702.5641025641025	2527.0	-3532.0	8.44976076555024	5536.0	0.42105263157894735	98.1207701241089	4785648.0	13.24401913875598	-176.0	
1916.0	13.83695652173913	980.0	3.6630434782608696	1479.0	8.41304347826087	76.0	-0.11394302848575712	-0.1889055472263868	435.0	18603.515625	-0.6521739130434783	-126.0	30.22815087942872	33421.0	-2238.0	68.23170731707317	1223579.0	37340.667724609375	-59.146341463414636	3575.0	1940.0	-108.9939024390244	3695.2380952380954	2522.0	-2804.0	6.708133971291866	5372.0	1.1291866028708133	98.1207701241089	4785648.0	12.851674641148325	-472.0	
1822.0	14.652173913043478	905.0	4.684782608695652	1597.0	7.130434782608695	77.0	-0.11544227886056971	-0.19040479760119938	435.0	18613.28125	-0.6521739130434783	-127.0	30.22815087942872	33421.0	-2965.0	90.39634146341464	1223899.0	37350.433349609375	-56.768292682926834	3615.0	1862.0	-110.21341463414635	3737.7289377289376	2551.0	-2352.0	5.626794258373206	5752.0	2.5933014354066986	98.1207701241089	4785648.0	13.760765550239235	-1084.0	
1811.0	15.847826086956522	795.0	4.804347826086956	1677.0	6.260869565217391	75.0	-0.11244377811094453	-0.19790104947526235	431.0	18623.046875	-0.6461769115442278	-132.0	30.22815087942872	33421.0	-3561.0	108.56707317073172	1224219.0	37360.198974609375	-50.0609756097561	2666.0	1642.0	-81.28048780487805	3730.4029304029305	2546.0	-1944.0	4.650717703349282	6168.0	3.0813397129186604	98.12125631467214	4785600.0	14.75598086124402	-1288.0	
1814.0	15.967391304347826	784.0	4.771739130434782	1747.0	5.5	72.0	-0.10794602698650674	-0.191904047976012	428.0	18632.8125	-0.6416791604197901	-128.0	30.22815087942872	33421.0	-4249.0	129.5426829268293	1224539.0	37369.964599609375	-29.84756097560976	2707.0	979.0	-82.53048780487805	3718.6813186813188	2538.0	-1648.0	3.942583732057416	6492.0	2.8421052631578947	98.12125631467214	4785600.0	15.531100478468899	-1188.0	
1763.0	15.51086956521739	826.0	5.326086956521739	1809.0	4.826086956521739	64.0	-0.095952023988006	-0.20389805097451275	421.0	18642.578125	-0.631184407796102	-136.0	30.22815087942872	33421.0	-4611.0	140.57926829268294	1224859.0	37379.730224609375	-19.695121951219512	2404.0	646.0	-73.29268292682927	3676.190476190476	2509.0	-1288.0	3.0813397129186604	6208.0	3.291866028708134	98.12125631467214	4785600.0	14.851674641148325	-1376.0	
1696.0	15.456521739130434	831.0	6.054347826086956	1867.0	4.195652173913043	57.0	-0.08545727136431784	-0.20089955022488756	406.0	18652.34375	-0.608695652173913	-134.0	30.22815087942872	33421.0	-5257.0	160.27439024390245	1225179.0	37389.495849609375	-12.225609756097562	2597.0	401.0	-79.17682926829269	3695.2380952380954	2522.0	-1016.0	2.430622009569378	6244.0	4.2105263157894735	98.12125631467214	4785600.0	14.937799043062201	-1760.0	
1624.0	14.902173913043478	882.0	6.83695652173913	1935.0	3.4565217391304346	55.0	-0.08245877061469264	-0.22938530734632684	405.0	18662.109375	-0.6071964017991004	-153.0	30.22815087942872	33421.0	-5771.0	175.94512195121953	1225499.0	37399.261474609375	0.27439024390243905	2767.0	-9.0	-84.35975609756099	3718.6813186813188	2538.0	-688.0	1.645933014354067	5964.0	5.033492822966507	98.12125631467214	4785600.0	14.267942583732056	-2104.0	
1547.0	15.184782608695652	856.0	7.673913043478261	1971.0	3.0652173913043477	53.0	-0.07946026986506746	-0.2128935532233883	394.0	18671.875	-0.5907046476761619	-142.0	30.22815087942872	33421.0	-6334.0	193.109756097561	1225819.0	37409.027099609375	5.975609756097562	2776.0	-196.0	-84.63414634146342	3731.868131868132	2547.0	-444.0	1.062200956937799	6012.0	5.85645933014354	98.12028393362715	4785696.0	14.382775119617225	-2448.0	
1529.0	15.66304347826087	812.0	7.869565217391304	2018.0	2.5543478260869565	45.0	-0.06746626686656672	-0.22788605697151423	391.0	18681.640625	-0.5862068965517241	-152.0	30.22815087942872	33421.0	-6654.0	202.8658536585366	1226139.0	37418.792724609375	13.506097560975611	3146.0	-443.0	-95.91463414634147	3714.285714285714	2535.0	-268.0	0.6411483253588517	6308.0	6.315789473684211	98.12028393362715	4785696.0	15.09090909090909	-2640.0	
1515.0	17.07608695652174	682.0	8.021739130434783	2085.0	1.826086956521739	43.0	-0.06446776611694152	-0.22938530734632684	374.0	18691.40625	-0.56071964017991	-153.0	30.22815087942872	33421.0	-7211.0	219.84756097560978	1226459.0	37428.558349609375	24.75609756097561	3012.0	-812.0	-91.82926829268294	3723.0769230769233	2541.0	64.0	-0.15311004784688995	6872.0	6.535885167464115	98.12028393362715	4785696.0	16.440191387559807	-2732.0	
1502.0	17.782608695652172	617.0	8.16304347826087	2149.0	1.1304347826086956	36.0	-0.05397301349325337	-0.2353823088455772	359.0	18701.171875	-0.5382308845577212	-157.0	30.22815087942872	33421.0	-7676.0	234.02439024390247	1226779.0	37438.323974609375	38.50609756097561	3093.0	-1263.0	-94.29878048780489	3734.798534798535	2549.0	468.0	-1.1196172248803826	7280.0	6.5933014354066986	98.12028393362715	4785696.0	17.41626794258373	-2756.0	
1465.0	17.902173913043477	606.0	8.565217391304348	2231.0	0.2391304347826087	35.0	-0.05247376311844078	-0.24437781109445278	348.0	18710.9375	-0.5217391304347826	-163.0	30.22815087942872	33421.0	-7979.0	243.26219512195124	1227099.0	37448.089599609375	51.25000000000001	2959.0	-1681.0	-90.21341463414635	3714.285714285714	2535.0	808.0	-1.9330143540669855	7348.0	7.023923444976076	98.12028393362715	4785696.0	17.57894736842105	-2936.0	
1447.0	17.51086956521739	642.0	8.76086956521739	2278.0	-0.2717391304347826	23.0	-0.034482758620689655	-0.25337331334332835	343.0	18720.703125	-0.5142428785607196	-169.0	30.22815087942872	33421.0	-8474.0	258.3536585365854	1227419.0	37457.855224609375	61.85975609756098	2774.0	-2029.0	-84.57317073170732	3721.611721611722	2540.0	1076.0	-2.574162679425837	7124.0	7.224880382775119	98.11817710914802	4785904.0	17.043062200956935	-3020.0	
1459.0	16.83695652173913	704.0	8.630434782608695	2335.0	-0.8913043478260869	13.0	-0.019490254872563718	-0.24287856071964017	325.0	18730.46875	-0.4872563718140929	-162.0	30.22815087942872	33421.0	-9003.0	274.4817073170732	1227739.0	37467.620849609375	75.73170731707317	2723.0	-2484.0	-83.01829268292684	3715.7509157509157	2536.0	1308.0	-3.129186602870813	6780.0	7.110047846889952	98.11817710914802	4785904.0	16.220095693779903	-2972.0	
1463.0	16.467391304347824	738.0	8.58695652173913	2394.0	-1.5326086956521738	13.0	-0.019490254872563718	-0.25337331334332835	309.0	18740.234375	-0.46326836581709147	-169.0	30.22815087942872	33421.0	-9241.0	281.7378048780488	1228059.0	37477.386474609375	90.21341463414635	2868.0	-2959.0	-87.43902439024392	3711.3553113553116	2533.0	1536.0	-3.6746411483253585	6620.0	7.023923444976076	98.11817710914802	4785904.0	15.837320574162678	-2936.0	
1469.0	16.054347826086957	776.0	8.521739130434783	2424.0	-1.858695652173913	10.0	-0.014992503748125937	-0.24887556221889054	291.0	18750.0	-0.43628185907046474	-166.0	30.22815087942872	33421.0	-9566.0	291.6463414634147	1228379.0	37487.152099609375	104.60365853658537	3251.0	-3431.0	-99.1158536585366	3739.194139194139	2552.0	1768.0	-4.229665071770334	6412.0	6.937799043062201	98.11817710914802	4785904.0	15.339712918660286	-2900.0	
1492.0	15.597826086956522	818.0	8.271739130434783	2483.0	-2.5	4.0	-0.005997001499250375	-0.2518740629685157	279.0	18759.765625	-0.41829085457271364	-168.0	30.22815087942872	33421.0	-9941.0	303.07926829268297	1228699.0	37496.917724609375	118.26219512195124	3652.0	-3879.0	-111.34146341463416	3695.2380952380954	2522.0	1872.0	-4.4784688995215305	6280.0	6.813397129186603	98.11817710914802	4785904.0	15.023923444976075	-2848.0	
1524.0	15.195652173913043	855.0	7.923913043478261	2514.0	-2.8369565217391304	0.0	0.0	-0.24287856071964017	260.0	18769.53125	-0.38980509745127434	-162.0	30.22815087942872	33421.0	-10089.0	307.5914634146342	1229019.0	37506.683349609375	133.62804878048783	4215.0	-4383.0	-128.50609756097563	3724.542124542125	2542.0	2088.0	-4.9952153110047846	6156.0	6.392344497607655	98.11898742607426	4785824.0	14.727272727272727	-2672.0	
1585.0	14.445652173913043	924.0	7.260869565217391	2553.0	-3.260869565217391	-14.0	0.020989505247376312	-0.24437781109445278	245.0	18779.296875	-0.36731634182908546	-163.0	30.22815087942872	33421.0	-9983.0	304.359756097561	1229339.0	37516.448974609375	151.7987804878049	4806.0	-4979.0	-146.52439024390245	3731.868131868132	2547.0	2312.0	-5.5311004784688995	5852.0	5.684210526315789	98.11898742607426	4785824.0	14.0	-2376.0	
1667.0	14.097826086956522	956.0	6.369565217391304	2619.0	-3.9782608695652173	-20.0	0.029985007496251874	-0.25037481259370314	231.0	18789.0625	-0.34632683658170915	-167.0	30.22815087942872	33421.0	-10038.0	306.0365853658537	1229659.0	37526.214599609375	171.00609756097563	5031.0	-5609.0	-153.38414634146343	3704.029304029304	2528.0	2560.0	-6.124401913875598	5596.0	4.708133971291866	98.11898742607426	4785824.0	13.38755980861244	-1968.0	
1738.0	14.478260869565217	921.0	5.5978260869565215	2614.0	-3.9239130434782608	-22.0	0.03298350824587706	-0.2353823088455772	216.0	18798.828125	-0.3238380809595202	-157.0	30.22815087942872	33421.0	-9979.0	304.2378048780488	1229979.0	37535.980224609375	193.62804878048783	4820.0	-6351.0	-146.95121951219514	3740.6593406593406	2553.0	2696.0	-6.449760765550239	5700.0	3.6363636363636362	98.11898742607426	4785824.0	13.636363636363637	-1520.0	
1787.0	15.641304347826086	814.0	5.065217391304348	2607.0	-3.8478260869565215	-34.0	0.050974512743628186	-0.22038980509745126	193.0	18808.59375	-0.2893553223388306	-147.0	30.22815087942872	33421.0	-9997.0	304.7865853658537	1230299.0	37545.745849609375	211.6768292682927	4251.0	-6943.0	-129.60365853658539	3698.1684981684984	2524.0	2672.0	-6.392344497607655	6224.0	3.0813397129186604	98.11898742607426	4785824.0	14.889952153110046	-1288.0	
1830.0	16.32608695652174	751.0	4.5978260869565215	2587.0	-3.6304347826086953	-34.0	0.050974512743628186	-0.21589205397301348	181.0	18818.359375	-0.27136431784107945	-144.0	30.22815087942872	33421.0	-9798.0	298.719512195122	1230619.0	37555.511474609375	226.03658536585368	2975.0	-7414.0	-90.70121951219512	3724.542124542125	2542.0	2536.0	-6.0669856459330145	6608.0	2.5167464114832536	98.11931155290816	4785792.0	15.808612440191387	-1052.0	
1890.0	16.32608695652174	751.0	3.9456521739130435	2587.0	-3.6304347826086953	-35.0	0.05247376311844078	-0.20389805097451275	175.0	18828.125	-0.2623688155922039	-136.0	30.22815087942872	33421.0	-9568.0	291.70731707317077	1230939.0	37565.277099609375	231.25000000000003	1714.0	-7585.0	-52.25609756097561	3715.7509157509157	2536.0	2528.0	-6.047846889952153	6652.0	1.8181818181818181	98.11931155290816	4785792.0	15.913875598086124	-760.0	
1967.0	15.684782608695652	810.0	3.108695652173913	2586.0	-3.619565217391304	-32.0	0.047976011994003	-0.19040479760119938	152.0	18837.890625	-0.22788605697151423	-127.0	30.22815087942872	33421.0	-9456.0	288.2926829268293	1231259.0	37575.042724609375	235.7317073170732	227.0	-7732.0	-6.920731707317074	3706.959706959707	2530.0	2524.0	-6.038277511961723	6352.0	0.8229665071770335	98.11931155290816	4785792.0	15.196172248803828	-344.0	
2017.0	14.706521739130434	900.0	2.5652173913043477	2600.0	-3.7717391304347827	-26.0	0.038980509745127435	-0.18590704647676162	133.0	18847.65625	-0.19940029985007496	-124.0	30.22815087942872	33421.0	-9626.0	293.4756097560976	1231579.0	37584.808349609375	242.89634146341464	-904.0	-7967.0	27.5609756097561	3721.611721611722	2540.0	2564.0	-6.133971291866028	5864.0	0.18181818181818182	98.11931155290816	4785792.0	14.028708133971291	-76.0	
2005.0	13.445652173913043	1016.0	2.6956521739130435	2578.0	-3.532608695652174	-19.0	0.02848575712143928	-0.17241379310344826	128.0	18857.421875	-0.191904047976012	-115.0	30.22815087942872	33421.0	-10042.0	306.1585365853659	1231899.0	37594.573974609375	250.7926829268293	-1651.0	-8226.0	50.335365853658544	3731.868131868132	2547.0	2536.0	-6.0669856459330145	5256.0	0.3253588516746411	98.11931155290816	4785792.0	12.574162679425838	-136.0	
1932.0	12.521739130434781	1101.0	3.4891304347826084	2567.0	-3.4130434782608696	-12.0	0.017991004497751123	-0.16041979010494753	112.0	18867.1875	-0.1679160419790105	-107.0	30.22815087942872	33421.0	-10060.0	306.70731707317077	1232219.0	37604.339599609375	255.51829268292684	-1960.0	-8381.0	59.75609756097562	3734.798534798535	2549.0	2420.0	-5.789473684210526	4836.0	1.2344497607655502	98.11866329927659	4785856.0	11.569377990430622	-516.0	
1852.0	12.228260869565217	1128.0	4.358695652173913	2552.0	-3.25	7.0	-0.010494752623688156	-0.1454272863568216	103.0	18876.953125	-0.15442278860569714	-97.0	30.22815087942872	33421.0	-10048.0	306.3414634146342	1232539.0	37614.105224609375	256.5548780487805	-2100.0	-8415.0	64.02439024390245	3726.007326007326	2543.0	2364.0	-5.655502392344498	4776.0	2.2679425837320575	98.11866329927659	4785856.0	11.425837320574162	-948.0	
1802.0	12.652173913043478	1089.0	4.9021739130434785	2524.0	-2.9456521739130435	16.0	-0.0239880059970015	-0.12443778110944527	91.0	18886.71875	-0.136431784107946	-83.0	30.22815087942872	33421.0	-10298.0	313.9634146341464	1232859.0	37623.870849609375	255.76219512195124	-2050.0	-8389.0	62.50000000000001	3701.0989010989015	2526.0	2180.0	-5.215311004784689	4952.0	2.92822966507177	98.11866329927659	4785856.0	11.84688995215311	-1224.0	
1758.0	12.369565217391305	1115.0	5.380434782608695	2462.0	-2.2717391304347827	29.0	-0.043478260869565216	-0.10494752623688156	78.0	18896.484375	-0.1169415292353823	-70.0	30.22815087942872	33421.0	-10361.0	315.88414634146346	1233179.0	37633.636474609375	252.56097560975613	-1993.0	-8284.0	60.76219512195122	3721.611721611722	2540.0	1848.0	-4.421052631578947	4792.0	3.3971291866028706	98.11866329927659	4785856.0	11.464114832535884	-1420.0	
1731.0	11.097826086956522	1232.0	5.673913043478261	2385.0	-1.434782608695652	38.0	-0.05697151424287856	-0.08845577211394302	70.0	18906.25	-0.10494752623688156	-59.0	30.22815087942872	33421.0	-10444.0	318.4146341463415	1233499.0	37643.402099609375	246.25000000000003	-1521.0	-8077.0	46.3719512195122	3726.007326007326	2543.0	1520.0	-3.6363636363636362	4128.0	3.6842105263157894	98.11866329927659	4785856.0	9.875598086124402	-1540.0	
1728.0	9.76086956521739	1355.0	5.706521739130435	2334.0	-0.8804347826086957	53.0	-0.07946026986506746	-0.06446776611694152	59.0	18916.015625	-0.08845577211394302	-43.0	30.22815087942872	33421.0	-10515.0	320.57926829268297	1233819.0	37653.167724609375	240.18292682926833	-875.0	-7878.0	26.676829268292686	3699.6336996337	2525.0	1364.0	-3.263157894736842	3808.0	3.799043062200957	98.11785298244091	4785936.0	9.110047846889952	-1588.0	
1721.0	8.880434782608695	1436.0	5.782608695652174	2269.0	-0.17391304347826086	62.0	-0.09295352323838081	-0.05547226386806597	60.0	18925.78125	-0.08995502248875561	-37.0	30.22815087942872	33421.0	-10622.0	323.8414634146342	1234139.0	37662.933349609375	231.7378048780488	174.0	-7601.0	-5.3048780487804885	3704.029304029304	2528.0	1080.0	-2.5837320574162677	3324.0	3.827751196172249	98.11785298244091	4785936.0	7.952153110047846	-1600.0	
1753.0	8.369565217391305	1483.0	5.434782608695652	2236.0	0.18478260869565216	70.0	-0.10494752623688156	-0.03298350824587706	46.0	18935.546875	-0.06896551724137931	-22.0	30.22815087942872	33421.0	-10530.0	321.0365853658537	1234459.0	37672.698974609375	222.9878048780488	1372.0	-7314.0	-41.82926829268293	3740.6593406593406	2553.0	904.0	-2.1626794258373203	3036.0	3.5502392344497604	98.11785298244091	4785936.0	7.263157894736842	-1484.0	
1787.0	8.293478260869565	1490.0	5.065217391304348	2263.0	-0.10869565217391304	86.0	-0.12893553223388304	-0.01199400299850075	49.0	18945.3125	-0.07346326836581708	-8.0	30.22815087942872	33421.0	-10284.0	313.5365853658537	1234779.0	37682.464599609375	214.93902439024393	2557.0	-7050.0	-77.95731707317074	3711.3553113553116	2533.0	936.0	-2.2392344497607652	2988.0	3.1196172248803826	98.11785298244091	4785936.0	7.148325358851674	-1304.0	
1825.0	8.315217391304348	1488.0	4.6521739130434785	2286.0	-0.358695652173913	81.0	-0.12143928035982009	0.0014992503748125937	41.0	18955.078125	-0.06146926536731634	1.0	30.22815087942872	33421.0	-10161.0	309.7865853658537	1235099.0	37692.230224609375	210.5487804878049	3796.0	-6906.0	-115.73170731707319	3677.6556776556777	2510.0	1060.0	-2.5358851674641145	3000.0	2.660287081339713	98.11785298244091	4785936.0	7.177033492822966	-1112.0	
1840.0	7.619565217391304	1552.0	4.489130434782608	2282.0	-0.31521739130434784	90.0	-0.13493253373313344	0.029985007496251874	39.0	18964.84375	-0.05847076461769115	20.0	30.22815087942872	33421.0	-9856.0	300.4878048780488	1235419.0	37701.995849609375	207.89634146341464	4950.0	-6819.0	-150.91463414634148	3712.820512820513	2534.0	1068.0	-2.555023923444976	2784.0	2.373205741626794	98.11590822295892	4786128.0	6.660287081339713	-992.0	
1844.0	6.5	1655.0	4.445652173913043	2271.0	-0.19565217391304346	98.0	-0.14692653673163417	0.041979010494752625	32.0	18974.609375	-0.047976011994003	28.0	30.22815087942872	33421.0	-9303.0	283.62804878048786	1235739.0	37711.761474609375	204.5426829268293	6032.0	-6709.0	-183.90243902439025	3724.542124542125	2542.0	1028.0	-2.4593301435406696	2224.0	2.373205741626794	98.11590822295892	4786128.0	5.320574162679426	-992.0	
1856.0	5.869565217391304	1713.0	4.315217391304348	2270.0	-0.18478260869565216	104.0	-0.15592203898050974	0.04947526236881559	32.0	18984.375	-0.047976011994003	33.0	30.22815087942872	33421.0	-8842.0	269.57317073170736	1236059.0	37721.527099609375	201.00609756097563	7051.0	-6593.0	-214.96951219512198	3712.820512820513	2534.0	984.0	-2.354066985645933	1856.0	2.277511961722488	98.11590822295892	4786128.0	4.440191387559809	-952.0	
1884.0	5.619565217391304	1736.0	4.010869565217392	2224.0	0.31521739130434784	106.0	-0.15892053973013492	0.06896551724137931	31.0	18994.140625	-0.046476761619190406	46.0	30.22815087942872	33421.0	-8424.0	256.82926829268297	1236379.0	37731.292724609375	198.32317073170734	7929.0	-6505.0	-241.7378048780488	3712.820512820513	2534.0	824.0	-1.971291866028708	1792.0	1.9521531100478469	98.11590822295892	4786128.0	4.287081339712919	-816.0	
1923.0	5.923913043478261	1708.0	3.5869565217391304	2167.0	0.9347826086956521	109.0	-0.1634182908545727	0.06596701649175413	35.0	19003.90625	-0.05247376311844078	44.0	30.22815087942872	33421.0	-7819.0	238.38414634146343	1236699.0	37741.058349609375	195.88414634146343	8628.0	-6425.0	-263.0487804878049	3723.0769230769233	2541.0	520.0	-1.244019138755981	1936.0	1.38755980861244	98.11590822295892	4786128.0	4.631578947368421	-580.0	
1964.0	6.326086956521739	1671.0	3.141304347826087	2120.0	1.4456521739130435	113.0	-0.16941529235382308	0.07946026986506746	28.0	19013.671875	-0.041979010494752625	53.0	30.2430638372025	33424.0	-7205.0	219.66463414634148	1237019.0	37750.823974609375	193.47560975609758	8919.0	-6346.0	-271.9207317073171	3731.868131868132	2547.0	356.0	-0.8516746411483254	2104.0	1.0047846889952152	98.1184256432652	4786128.0	5.033492822966507	-420.0	
1972.0	6.380434782608695	1666.0	3.0543478260869565	2103.0	1.6304347826086956	113.0	-0.16941529235382308	0.08245877061469264	33.0	19023.4375	-0.04947526236881559	55.0	30.2430638372025	33424.0	-6547.0	199.60365853658539	1237339.0	37760.589599609375	192.37804878048783	8920.0	-6310.0	-271.95121951219517	3706.959706959707	2530.0	212.0	-0.507177033492823	2144.0	0.8421052631578947	98.1184256432652	4786128.0	5.1291866028708135	-352.0	
1967.0	6.217391304347826	1681.0	3.108695652173913	2048.0	2.2282608695652173	118.0	-0.17691154422788605	0.08395802098950525	34.0	19033.203125	-0.050974512743628186	56.0	30.2430638372025	33424.0	-5873.0	179.0548780487805	1237659.0	37770.355224609375	187.65243902439025	8621.0	-6155.0	-262.8353658536586	3723.0769230769233	2541.0	-40.0	0.09569377990430622	2088.0	0.8803827751196172	98.1184256432652	4786128.0	4.9952153110047846	-368.0	
1990.0	6.260869565217391	1677.0	2.858695652173913	1991.0	2.8478260869565215	122.0	-0.1829085457271364	0.07796101949025487	32.0	19042.96875	-0.047976011994003	52.0	30.2430638372025	33424.0	-5212.0	158.90243902439025	1237979.0	37780.120849609375	182.8048780487805	7974.0	-5996.0	-243.109756097561	3701.0989010989015	2526.0	-344.0	0.8229665071770335	2096.0	0.6698564593301435	98.1184256432652	4786128.0	5.0143540669856455	-280.0	
2011.0	6.456521739130435	1659.0	2.630434782608696	1914.0	3.684782608695652	126.0	-0.1889055472263868	0.08245877061469264	42.0	19052.734375	-0.06296851574212893	55.0	30.2430638372025	33424.0	-4645.0	141.6158536585366	1238299.0	37789.886474609375	175.70121951219514	7077.0	-5763.0	-215.76219512195124	3723.0769230769233	2541.0	-756.0	1.8086124401913874	2208.0	0.3253588516746411	98.1184256432652	4786128.0	5.282296650717703	-136.0	
2041.0	6.771739130434782	1630.0	2.3043478260869565	1828.0	4.619565217391305	136.0	-0.20389805097451275	0.08095952023988005	39.0	19062.5	-0.05847076461769115	54.0	30.2430638372025	33424.0	-4095.0	124.84756097560977	1238619.0	37799.652099609375	166.9817073170732	6112.0	-5477.0	-186.34146341463418	3709.89010989011	2532.0	-980.0	2.3444976076555024	2256.0	0.12440191387559808	98.12733935214857	4785248.0	5.3971291866028706	-52.0	
2054.0	6.4021739130434785	1664.0	2.1630434782608696	1742.0	5.554347826086956	134.0	-0.20089955022488756	0.0914542728635682	41.0	19072.265625	-0.06146926536731634	61.0	30.2430638372025	33424.0	-3713.0	113.20121951219514	1238939.0	37809.417724609375	154.93902439024393	5250.0	-5082.0	-160.0609756097561	3704.029304029304	2528.0	-1420.0	3.3971291866028706	2220.0	-0.028708133971291863	98.12733935214857	4785248.0	5.311004784688995	12.0	
2064.0	5.717391304347826	1727.0	2.0543478260869565	1679.0	6.239130434782608	136.0	-0.20389805097451275	0.07946026986506746	44.0	19082.03125	-0.06596701649175413	53.0	30.2430638372025	33424.0	-3255.0	99.23780487804879	1239259.0	37819.183349609375	141.58536585365854	4568.0	-4644.0	-139.26829268292684	3714.285714285714	2535.0	-1752.0	4.1913875598086126	1964.0	-0.12440191387559808	98.12733935214857	4785248.0	4.698564593301435	52.0	
2095.0	5.043478260869565	1789.0	1.717391304347826	1645.0	6.608695652173913	143.0	-0.2143928035982009	0.07796101949025487	50.0	19091.796875	-0.07496251874062969	52.0	30.2430638372025	33424.0	-2776.0	84.63414634146342	1239579.0	37828.948974609375	128.26219512195124	4100.0	-4207.0	-125.00000000000001	3726.007326007326	2543.0	-1936.0	4.631578947368421	1612.0	-0.41148325358851673	98.12733935214857	4785248.0	3.8564593301435406	172.0	
2129.0	4.630434782608695	1827.0	1.3478260869565217	1645.0	6.608695652173913	140.0	-0.2098950524737631	0.08695652173913043	52.0	19101.5625	-0.07796101949025487	58.0	30.2430638372025	33424.0	-2375.0	72.40853658536587	1239899.0	37838.714599609375	113.90243902439025	3795.0	-3736.0	-115.70121951219514	3701.0989010989015	2526.0	-1980.0	4.7368421052631575	1400.0	-0.8899521531100478	98.12733935214857	4785248.0	3.3492822966507174	372.0	
2158.0	4.369565217391305	1851.0	1.0326086956521738	1621.0	6.869565217391304	146.0	-0.21889055472263869	0.07946026986506746	54.0	19111.328125	-0.08095952023988005	53.0	30.2430638372025	33424.0	-1967.0	59.96951219512196	1240219.0	37848.480224609375	99.69512195121952	3510.0	-3270.0	-107.01219512195122	3745.054945054945	2556.0	-2016.0	4.822966507177033	1304.0	-1.3492822966507176	98.12733935214857	4785248.0	3.1196172248803826	564.0	
2197.0	4.184782608695652	1868.0	0.6086956521739131	1608.0	7.010869565217391	150.0	-0.22488755622188905	0.07346326836581708	48.0	19121.09375	-0.07196401799100449	49.0	30.2430638372025	33424.0	-1525.0	46.493902439024396	1240539.0	37858.245849609375	85.00000000000001	3163.0	-2788.0	-96.4329268292683	3698.1684981684984	2524.0	-2100.0	5.023923444976076	1216.0	-1.770334928229665	98.12733935214857	4785248.0	2.909090909090909	740.0	
2181.0	4.576086956521739	1832.0	0.7826086956521738	1572.0	7.4021739130434785	144.0	-0.21589205397301348	0.07496251874062969	56.0	19130.859375	-0.08395802098950525	50.0	30.2430638372025	33424.0	-1060.0	32.31707317073171	1240859.0	37868.011474609375	69.96951219512195	2438.0	-2295.0	-74.32926829268294	3718.6813186813188	2538.0	-2412.0	5.770334928229665	1324.0	-1.6076555023923444	98.12733935214857	4785248.0	3.1674641148325358	672.0	
2214.0	4.25	1862.0	0.42391304347826086	1621.0	6.869565217391304	149.0	-0.22338830584707645	0.06896551724137931	63.0	19140.625	-0.0944527736131934	46.0	30.2430638372025	33424.0	-601.0	18.323170731707318	1241179.0	37877.777099609375	53.993902439024396	1945.0	-1771.0	-59.29878048780488	3718.6813186813188	2538.0	-2028.0	4.851674641148326	1224.0	-1.9138755980861244	98.12733935214857	4785248.0	2.92822966507177	800.0	
2257.0	2.9456521739130435	1982.0	-0.043478260869565216	1565.0	7.478260869565217	151.0	-0.22638680659670163	0.06896551724137931	66.0	19150.390625	-0.09895052473763118	46.0	30.2430638372025	33424.0	69.0	-2.103658536585366	1241499.0	37887.542724609375	34.81707317073171	1073.0	-1142.0	-32.713414634146346	3711.3553113553116	2533.0	-2332.0	5.578947368421052	644.0	-2.5167464114832536	98.12733935214857	4785248.0	1.5406698564593302	1052.0	
2265.0	2.760869565217391	1999.0	-0.13043478260869565	1576.0	7.358695652173913	147.0	-0.22038980509745126	0.07196401799100449	60.0	19160.15625	-0.08995502248875561	48.0	30.2430638372025	33424.0	415.0	-12.652439024390246	1241819.0	37897.308349609375	21.28048780487805	649.0	-698.0	-19.78658536585366	3730.4029304029305	2546.0	-2332.0	5.578947368421052	452.0	-2.5645933014354068	98.1250704054701	4785472.0	1.0813397129186602	1072.0	
2273.0	2.6630434782608696	2008.0	-0.21739130434782608	1623.0	6.8478260869565215	151.0	-0.22638680659670163	0.06896551724137931	68.0	19169.921875	-0.10194902548725637	46.0	30.2430638372025	33424.0	722.0	-22.012195121951223	1242139.0	37907.073974609375	7.743902439024391	230.0	-254.0	-7.01219512195122	3726.007326007326	2543.0	-2028.0	4.851674641148326	464.0	-2.6220095693779903	98.1250704054701	4785472.0	1.1100478468899522	1096.0	
2295.0	3.184782608695652	1960.0	-0.45652173913043476	1672.0	6.315217391304348	144.0	-0.21589205397301348	0.07646176911544228	62.0	19179.6875	-0.09295352323838081	51.0	30.2430638372025	33424.0	1193.0	-36.3719512195122	1242459.0	37916.839599609375	-3.2926829268292686	-402.0	108.0	12.256097560975611	3736.2637362637365	2550.0	-1836.0	4.392344497607655	700.0	-3.0430622009569377	98.1250704054701	4785472.0	1.6746411483253587	1272.0	
2315.0	3.75	1908.0	-0.6739130434782609	1695.0	6.065217391304348	152.0	-0.22788605697151423	0.06146926536731634	67.0	19189.453125	-0.10044977511244378	41.0	30.2430638372025	33424.0	1646.0	-50.1829268292683	1242779.0	37926.605224609375	-10.914634146341465	-934.0	358.0	28.475609756097562	3717.2161172161173	2537.0	-1764.0	4.220095693779904	1012.0	-3.2440191387559807	98.1250704054701	4785472.0	2.4210526315789473	1356.0	
2323.0	3.869565217391304	1897.0	-0.7608695652173912	1712.0	5.880434782608695	149.0	-0.22338830584707645	0.06746626686656672	68.0	19199.21875	-0.10194902548725637	45.0	30.2430638372025	33424.0	2063.0	-62.89634146341464	1243099.0	37936.370849609375	-18.04878048780488	-1282.0	592.0	39.08536585365854	3714.285714285714	2535.0	-1668.0	3.990430622009569	1016.0	-3.263157894736842	98.1250704054701	4785472.0	2.430622009569378	1364.0	
2299.0	3.5	1931.0	-0.5	1721.0	5.782608695652174	154.0	-0.23088455772113942	0.06596701649175413	71.0	19208.984375	-0.10644677661169415	44.0	30.2430638372025	33424.0	2527.0	-77.04268292682927	1243419.0	37946.136474609375	-23.56707317073171	-1252.0	773.0	38.170731707317074	3712.820512820513	2534.0	-1688.0	4.038277511961723	816.0	-3.014354066985646	98.12166698878045	4785808.0	1.9521531100478469	1260.0	
2275.0	2.9130434782608696	1985.0	-0.2391304347826087	1695.0	6.065217391304348	145.0	-0.21739130434782608	0.06146926536731634	75.0	19218.75	-0.11244377811094453	41.0	30.2430638372025	33424.0	3120.0	-95.1219512195122	1243739.0	37955.902099609375	-32.43902439024391	-1119.0	1064.0	34.11585365853659	3743.5897435897436	2555.0	-1716.0	4.105263157894736	640.0	-2.861244019138756	98.12166698878045	4785808.0	1.5311004784688995	1196.0	
2241.0	2.6739130434782608	2007.0	0.13043478260869565	1665.0	6.391304347826087	148.0	-0.22188905547226387	0.05997001499250375	64.0	19228.515625	-0.095952023988006	40.0	30.2430638372025	33424.0	3641.0	-111.00609756097562	1244059.0	37965.667724609375	-43.62804878048781	-904.0	1431.0	27.5609756097561	3693.772893772894	2521.0	-1880.0	4.497607655502392	488.0	-2.430622009569378	98.12166698878045	4785808.0	1.1674641148325358	1016.0	
2223.0	3.032608695652174	1974.0	0.32608695652173914	1659.0	6.456521739130435	147.0	-0.22038980509745126	0.050974512743628186	67.0	19238.28125	-0.10044977511244378	34.0	30.2430638372025	33424.0	4136.0	-126.09756097560977	1244379.0	37975.433349609375	-54.81707317073171	-1021.0	1798.0	31.12804878048781	3720.1465201465203	2539.0	-1948.0	4.660287081339713	560.0	-2.124401913875598	98.12166698878045	4785808.0	1.339712918660287	888.0	
2214.0	3.6304347826086953	1919.0	0.42391304347826086	1679.0	6.239130434782608	147.0	-0.22038980509745126	0.043478260869565216	74.0	19248.046875	-0.11094452773613193	29.0	30.2430638372025	33424.0	4588.0	-139.87804878048783	1244699.0	37985.198974609375	-68.9939024390244	-1312.0	2263.0	40.00000000000001	3726.007326007326	2543.0	-1844.0	4.411483253588517	872.0	-1.9808612440191387	98.12166698878045	4785808.0	2.0861244019138754	828.0	
2216.0	4.293478260869565	1858.0	0.40217391304347827	1733.0	5.6521739130434785	149.0	-0.22338830584707645	0.038980509745127435	79.0	19257.8125	-0.1184407796101949	26.0	30.2430638372025	33424.0	5089.0	-155.15243902439025	1245019.0	37994.964599609375	-77.8048780487805	-1908.0	2552.0	58.17073170731708	3721.611721611722	2540.0	-1616.0	3.866028708133971	1192.0	-2.0861244019138754	98.12215319092017	4785760.0	2.851674641148325	872.0	
2222.0	4.858695652173913	1806.0	0.33695652173913043	1772.0	5.228260869565217	147.0	-0.22038980509745126	0.04497751124437781	74.0	19267.578125	-0.11094452773613193	30.0	30.2430638372025	33424.0	5599.0	-170.70121951219514	1245339.0	38004.730224609375	-87.53048780487806	-2658.0	2871.0	81.03658536585367	3682.0512820512818	2513.0	-1392.0	3.3301435406698565	1452.0	-2.1339712918660285	98.12215319092017	4785760.0	3.4736842105263155	892.0	
2220.0	5.010869565217392	1792.0	0.358695652173913	1818.0	4.728260869565217	140.0	-0.2098950524737631	0.02848575712143928	76.0	19277.34375	-0.11394302848575712	19.0	30.2430638372025	33424.0	6184.0	-188.53658536585368	1245659.0	38014.495849609375	-98.44512195121952	-3277.0	3229.0	99.90853658536587	3696.703296703297	2523.0	-1180.0	2.8229665071770333	1580.0	-2.15311004784689	98.12215319092017	4785760.0	3.7799043062200957	900.0	
2229.0	5.239130434782608	1771.0	0.2608695652173913	1904.0	3.793478260869565	137.0	-0.20539730134932532	0.026986506746626684	76.0	19287.109375	-0.11394302848575712	18.0	30.2430638372025	33424.0	6860.0	-209.14634146341464	1245979.0	38024.261474609375	-107.07317073170732	-3597.0	3512.0	109.66463414634147	3728.937728937729	2545.0	-772.0	1.84688995215311	1660.0	-2.2583732057416266	98.12215319092017	4785760.0	3.9712918660287078	944.0	
2215.0	5.391304347826087	1757.0	0.41304347826086957	1989.0	2.869565217391304	139.0	-0.2083958020989505	0.014992503748125937	76.0	19296.875	-0.11394302848575712	10.0	30.2430638372025	33424.0	7535.0	-229.72560975609758	1246299.0	38034.027099609375	-108.90243902439025	-3510.0	3572.0	107.01219512195122	3715.7509157509157	2536.0	-392.0	0.937799043062201	1680.0	-2.1339712918660285	98.12215319092017	4785760.0	4.019138755980861	892.0	
2166.0	4.945652173913043	1798.0	0.9456521739130435	2020.0	2.532608695652174	142.0	-0.2128935532233883	0.0	83.0	19306.640625	-0.12443778110944527	0.0	30.2430638372025	33424.0	8225.0	-250.76219512195124	1246619.0	38043.792724609375	-108.47560975609757	-3214.0	3558.0	97.98780487804879	3709.89010989011	2532.0	-216.0	0.5167464114832536	1552.0	-1.5406698564593302	98.12134285406593	4785840.0	3.712918660287081	644.0	
2112.0	4.58695652173913	1831.0	1.5326086956521738	2049.0	2.217391304347826	143.0	-0.2143928035982009	0.0	88.0	19316.40625	-0.13193403298350825	0.0	30.2430638372025	33424.0	8854.0	-269.9390243902439	1246939.0	38053.558349609375	-108.62804878048782	-2786.0	3563.0	84.93902439024392	3727.4725274725274	2544.0	-104.0	0.24880382775119617	1316.0	-0.8133971291866028	98.12134285406593	4785840.0	3.1483253588516744	340.0	
2065.0	4.326086956521739	1855.0	2.043478260869565	2080.0	1.8804347826086956	133.0	-0.19940029985007496	-0.008995502248875561	92.0	19326.171875	-0.13793103448275862	-6.0	30.2430638372025	33424.0	9408.0	-286.82926829268297	1247259.0	38063.323974609375	-108.68902439024392	-2279.0	3565.0	69.48170731707317	3696.703296703297	2523.0	76.0	-0.18181818181818182	1204.0	-0.18181818181818182	98.12134285406593	4785840.0	2.880382775119617	76.0	
2013.0	4.760869565217392	1815.0	2.608695652173913	2094.0	1.7282608695652173	139.0	-0.2083958020989505	-0.020989505247376312	98.0	19335.9375	-0.14692653673163417	-14.0	30.2430638372025	33424.0	9890.0	-301.5243902439025	1247579.0	38073.089599609375	-107.7439024390244	-1793.0	3534.0	54.66463414634147	3704.029304029304	2528.0	128.0	-0.3062200956937799	1420.0	0.354066985645933	98.12134285406593	4785840.0	3.3971291866028706	-148.0	
1966.0	5.521739130434782	1745.0	3.119565217391304	2087.0	1.8043478260869565	133.0	-0.19940029985007496	-0.034482758620689655	105.0	19345.703125	-0.15742128935532235	-23.0	30.2430638372025	33424.0	10346.0	-315.4268292682927	1247899.0	38082.855224609375	-106.28048780487806	-1610.0	3486.0	49.085365853658544	3717.2161172161173	2537.0	140.0	-0.33492822966507174	1840.0	0.8899521531100478	98.12134285406593	4785840.0	4.401913875598086	-372.0	
1942.0	6.380434782608695	1666.0	3.3804347826086953	2101.0	1.6521739130434783	137.0	-0.20539730134932532	-0.047976011994003	111.0	19355.46875	-0.1664167916041979	-32.0	30.2430638372025	33424.0	10872.0	-331.4634146341464	1248219.0	38092.620849609375	-105.21341463414635	-1584.0	3451.0	48.29268292682927	3699.6336996337	2525.0	192.0	-0.4593301435406698	2196.0	1.2822966507177034	98.12020838285031	4785952.0	5.253588516746412	-536.0	
1894.0	6.891304347826087	1619.0	3.902173913043478	2087.0	1.8043478260869565	128.0	-0.191904047976012	-0.06146926536731634	119.0	19365.234375	-0.17841079460269865	-41.0	30.2430638372025	33424.0	11348.0	-345.9756097560976	1248539.0	38102.386474609375	-101.40243902439025	-1773.0	3326.0	54.054878048780495	3715.7509157509157	2536.0	96.0	-0.2296650717703349	2460.0	1.6555023923444976	98.12020838285031	4785952.0	5.885167464114832	-692.0	
1878.0	7.391304347826087	1573.0	4.076086956521739	2064.0	2.0543478260869565	131.0	-0.19640179910044978	-0.08095952023988005	139.0	19375.0	-0.2083958020989505	-54.0	30.2430638372025	33424.0	11794.0	-359.57317073170736	1248859.0	38112.152099609375	-96.58536585365854	-2019.0	3168.0	61.554878048780495	3734.798534798535	2549.0	-4.0	0.009569377990430622	2552.0	1.7607655502392343	98.12020838285031	4785952.0	6.105263157894736	-736.0	
1867.0	7.956521739130435	1521.0	4.195652173913043	2115.0	1.5	134.0	-0.20089955022488756	-0.08095952023988005	146.0	19384.765625	-0.21889055472263869	-54.0	30.2430638372025	33424.0	12172.0	-371.0975609756098	1249179.0	38121.917724609375	-89.78658536585367	-1947.0	2945.0	59.35975609756098	3698.1684981684984	2524.0	92.0	-0.2200956937799043	2772.0	2.0095693779904304	98.12020838285031	4785952.0	6.63157894736842	-840.0	
1817.0	8.608695652173912	1461.0	4.739130434782608	2160.0	1.0108695652173914	125.0	-0.1874062968515742	-0.0914542728635682	151.0	19394.53125	-0.22638680659670163	-61.0	30.2430638372025	33424.0	12490.0	-380.7926829268293	1249499.0	38131.683349609375	-81.89024390243904	-1634.0	2686.0	49.81707317073171	3714.285714285714	2535.0	404.0	-0.9665071770334928	3060.0	2.5167464114832536	98.12020838285031	4785952.0	7.320574162679425	-1052.0	
1744.0	9.206521739130434	1406.0	5.532608695652174	2177.0	0.8260869565217391	133.0	-0.19940029985007496	-0.10644677661169415	164.0	19404.296875	-0.24587706146926536	-71.0	30.2430638372025	33424.0	12782.0	-389.69512195121956	1249819.0	38141.448974609375	-76.89024390243902	-1529.0	2522.0	46.61585365853659	3734.798534798535	2549.0	516.0	-1.2344497607655502	3356.0	3.3684210526315788	98.1210187193876	4785872.0	8.028708133971291	-1408.0	
1683.0	10.42391304347826	1294.0	6.195652173913043	2237.0	0.17391304347826086	133.0	-0.19940029985007496	-0.12293853073463268	183.0	19414.0625	-0.27436281859070466	-82.0	30.2430638372025	33424.0	12974.0	-395.5487804878049	1250139.0	38151.214599609375	-73.01829268292684	-1216.0	2395.0	37.07317073170732	3712.820512820513	2534.0	772.0	-1.84688995215311	3836.0	4.143540669856459	98.1210187193876	4785872.0	9.177033492822966	-1732.0	
1620.0	12.206521739130434	1130.0	6.880434782608695	2298.0	-0.4891304347826087	125.0	-0.1874062968515742	-0.12443778110944527	193.0	19423.828125	-0.2893553223388306	-83.0	30.2430638372025	33424.0	12995.0	-396.18902439024396	1250459.0	38160.980224609375	-61.768292682926834	-632.0	2026.0	19.26829268292683	3731.868131868132	2547.0	1072.0	-2.5645933014354068	4640.0	4.813397129186603	98.1210187193876	4785872.0	11.10047846889952	-2012.0	
1561.0	13.5	1011.0	7.521739130434782	2291.0	-0.41304347826086957	132.0	-0.19790104947526235	-0.136431784107946	205.0	19433.59375	-0.3073463268365817	-91.0	30.2430638372025	33424.0	12643.0	-385.45731707317077	1250779.0	38170.745849609375	-47.31707317073171	65.0	1552.0	-1.981707317073171	3696.703296703297	2523.0	1112.0	-2.660287081339713	5336.0	5.636363636363636	98.1210187193876	4785872.0	12.765550239234448	-2356.0	
1503.0	13.92391304347826	972.0	8.152173913043478	2205.0	0.5217391304347826	132.0	-0.19790104947526235	-0.1424287856071964	228.0	19443.359375	-0.34182908545727136	-95.0	30.2430638372025	33424.0	12847.0	-391.6768292682927	1251099.0	38180.511474609375	-39.87804878048781	-1289.0	1308.0	39.29878048780488	3727.4725274725274	2544.0	736.0	-1.7607655502392343	5584.0	6.4688995215311005	98.1210187193876	4785872.0	13.358851674641148	-2704.0	
1532.0	14.67391304347826	903.0	7.83695652173913	2166.0	0.9456521739130435	138.0	-0.20689655172413793	-0.14992503748125938	243.0	19453.125	-0.36431784107946025	-100.0	30.2430638372025	33424.0	13172.0	-401.5853658536586	1251419.0	38190.277099609375	-26.09756097560976	-3083.0	856.0	93.9939024390244	3715.7509157509157	2536.0	472.0	-1.1291866028708133	5872.0	6.124401913875598	98.11939804653943	4786032.0	14.047846889952153	-2560.0	
1609.0	14.815217391304348	890.0	7.0	2166.0	0.9456521739130435	145.0	-0.21739130434782608	-0.15142428785607195	256.0	19462.890625	-0.383808095952024	-101.0	30.2430638372025	33424.0	13183.0	-401.9207317073171	1251739.0	38200.042724609375	-4.237804878048781	-4998.0	139.0	152.37804878048783	3704.029304029304	2528.0	480.0	-1.1483253588516746	6008.0	5.1387559808612435	98.11939804653943	4786032.0	14.373205741626794	-2148.0	
1685.0	14.097826086956522	956.0	6.173913043478261	2213.0	0.43478260869565216	150.0	-0.22488755622188905	-0.13493253373313344	277.0	19472.65625	-0.41529235382308843	-90.0	30.2430638372025	33424.0	13044.0	-397.68292682926835	1252059.0	38209.808349609375	23.353658536585368	-6784.0	-766.0	206.82926829268294	3731.868131868132	2547.0	692.0	-1.6555023923444976	5588.0	4.239234449760765	98.11939804653943	4786032.0	13.368421052631579	-1772.0	
1711.0	12.619565217391305	1092.0	5.891304347826087	2264.0	-0.11956521739130435	150.0	-0.22488755622188905	-0.13493253373313344	277.0	19482.421875	-0.41529235382308843	-90.0	30.2430638372025	33424.0	13025.0	-397.1036585365854	1252379.0	38219.573974609375	57.53048780487806	-7412.0	-1887.0	225.97560975609758	3739.194139194139	2552.0	944.0	-2.2583732057416266	4916.0	3.875598086124402	98.11939804653943	4786032.0	11.760765550239235	-1620.0	
1657.0	10.847826086956522	1255.0	6.478260869565217	2279.0	-0.2826086956521739	166.0	-0.24887556221889054	-0.12593703148425786	290.0	19492.1875	-0.43478260869565216	-84.0	30.2430638372025	33424.0	12966.0	-395.30487804878055	1252699.0	38229.339599609375	88.44512195121952	-5502.0	-2901.0	167.7439024390244	3711.3553113553116	2533.0	948.0	-2.2679425837320575	4068.0	4.669856459330143	98.11939804653943	4786032.0	9.732057416267942	-1952.0	
1486.0	8.891304347826086	1435.0	8.33695652173913	2178.0	0.8152173913043478	166.0	-0.24887556221889054	-0.12593703148425786	290.0	19501.953125	-0.43478260869565216	-84.0	30.2430638372025	33424.0	12579.0	-383.50609756097566	1253019.0	38239.105224609375	97.56097560975611	-1215.0	-3200.0	37.04268292682927	3721.611721611722	2540.0	452.0	-1.0813397129186602	3120.0	6.909090909090909	98.11874977765372	4786096.0	7.464114832535885	-2888.0	
1281.0	7.771739130434782	1538.0	10.565217391304348	2079.0	1.891304347826087	174.0	-0.2608695652173913	-0.11094452773613193	326.0	19511.71875	-0.48875562218890556	-74.0	30.2430638372025	33424.0	11831.0	-360.70121951219517	1253339.0	38248.870849609375	89.96951219512196	3409.0	-2951.0	-103.9329268292683	3708.4249084249086	2531.0	-80.0	0.19138755980861244	2600.0	9.732057416267942	98.11874977765372	4786096.0	6.220095693779904	-4068.0	
1107.0	8.543478260869565	1467.0	12.456521739130434	2038.0	2.3369565217391304	162.0	-0.24287856071964017	-0.1169415292353823	343.0	19521.484375	-0.5142428785607196	-78.0	30.2430638372025	33424.0	11334.0	-345.5487804878049	1253659.0	38258.636474609375	85.73170731707317	6741.0	-2812.0	-205.51829268292684	3714.285714285714	2535.0	-232.0	0.5550239234449761	3248.0	10.842105263157894	98.11874977765372	4786096.0	7.770334928229665	-4532.0	
1037.0	12.858695652173912	1070.0	13.217391304347826	2083.0	1.8478260869565217	163.0	-0.24437781109445278	-0.12143928035982009	360.0	19531.25	-0.5397301349325337	-81.0	30.2430638372025	33424.0	10732.0	-327.19512195121956	1253979.0	38268.402099609375	89.23780487804879	6817.0	-2927.0	-207.83536585365854	3720.1465201465203	2539.0	-76.0	0.18181818181818182	4040.0	11.923444976076555	98.11874977765372	4786096.0	9.665071770334928	-4984.0	
1082.0	19.32608695652174	475.0	12.728260869565217	2058.0	2.119565217391304	155.0	-0.23238380809595202	-0.12143928035982009	375.0	19541.015625	-0.5622188905547226	-81.0	30.2430638372025	33424.0	10129.0	-308.8109756097561	1254299.0	38278.167724609375	83.75000000000001	4060.0	-2747.0	-123.78048780487806	3701.0989010989015	2526.0	-36.0	0.08612440191387559	7184.0	11.760765550239235	98.11874977765372	4786096.0	17.186602870813395	-4916.0	
1127.0	24.358695652173914	12.0	12.239130434782608	2073.0	1.9565217391304348	142.0	-0.2128935532233883	-0.1199400299850075	392.0	19550.78125	-0.5877061469265367	-80.0	30.2430638372025	33424.0	10181.0	-310.3963414634147	1254619.0	38287.933349609375	105.94512195121952	-228.0	-3475.0	6.951219512195123	3723.0769230769233	2541.0	24.0	-0.057416267942583726	10124.0	11.148325358851674	98.1210187193876	4785872.0	24.220095693779903	-4660.0	
1200.0	24.478260869565215	1.0	11.445652173913043	2124.0	1.4021739130434783	140.0	-0.2098950524737631	-0.1169415292353823	402.0	19560.546875	-0.6026986506746627	-78.0	30.2430638372025	33424.0	10117.0	-308.44512195121956	1254939.0	38297.698974609375	123.38414634146342	-5218.0	-4047.0	159.08536585365854	3714.285714285714	2535.0	320.0	-0.7655502392344498	11420.0	10.430622009569378	98.1210187193876	4785872.0	27.320574162679424	-4360.0	
1382.0	24.054347826086957	40.0	9.467391304347826	2199.0	0.5869565217391304	147.0	-0.22038980509745126	-0.10644677661169415	419.0	19570.3125	-0.6281859070464767	-71.0	30.2430638372025	33424.0	9551.0	-291.1890243902439	1255259.0	38307.464599609375	149.5426829268293	-9079.0	-4905.0	276.7987804878049	3712.820512820513	2534.0	624.0	-1.492822966507177	10664.0	8.33492822966507	98.1210187193876	4785872.0	25.51196172248804	-3484.0	
1549.0	18.434782608695652	557.0	7.6521739130434785	2256.0	-0.03260869565217391	154.0	-0.23088455772113942	-0.0914542728635682	443.0	19580.078125	-0.664167916041979	-61.0	30.2430638372025	33424.0	9506.0	-289.81707317073176	1255579.0	38317.230224609375	198.96341463414635	-9845.0	-6526.0	300.1524390243903	3693.772893772894	2521.0	804.0	-1.9234449760765548	8096.0	5.741626794258373	98.1210187193876	4785872.0	19.36842105263158	-2400.0	
1483.0	13.41304347826087	1019.0	8.369565217391305	2204.0	0.532608695652174	147.0	-0.22038980509745126	-0.06596701649175413	449.0	19589.84375	-0.6731634182908546	-44.0	30.2430638372025	33424.0	9119.0	-278.01829268292687	1255899.0	38326.995849609375	235.24390243902442	-9017.0	-7716.0	274.9085365853659	3696.703296703297	2523.0	656.0	-1.569377990430622	5392.0	6.488038277511961	98.1210187193876	4785872.0	12.899521531100477	-2712.0	
1304.0	12.271739130434783	1124.0	10.315217391304348	2150.0	1.1195652173913042	152.0	-0.22788605697151423	-0.035982008995502246	466.0	19599.609375	-0.6986506746626686	-24.0	30.2430638372025	33424.0	7919.0	-241.43292682926833	1256219.0	38336.761474609375	246.28048780487808	-8248.0	-8078.0	251.46341463414637	3720.1465201465203	2539.0	400.0	-0.9569377990430622	4576.0	8.736842105263158	98.12296352800082	4785680.0	10.947368421052632	-3652.0	
1121.0	12.521739130434781	1101.0	12.304347826086957	1710.0	5.9021739130434785	162.0	-0.24287856071964017	-0.017991004497751123	480.0	19609.375	-0.7196401799100449	-12.0	30.2430638372025	33424.0	6796.0	-207.19512195121953	1256539.0	38346.527099609375	226.64634146341464	-6711.0	-7434.0	204.60365853658539	3728.937728937729	2545.0	-792.0	1.894736842105263	4940.0	10.870813397129186	98.12296352800082	4785680.0	11.818181818181818	-4544.0	
468.0	-1.2826086956521738	2371.0	19.402173913043477	187.0	22.456521739130434	155.0	-0.23238380809595202	0.01199400299850075	498.0	19619.140625	-0.7466266866566716	8.0	30.2430638372025	33424.0	5088.0	-155.1219512195122	1256859.0	38356.292724609375	158.35365853658539	10996.0	-5194.0	-335.2439024390244	3704.029304029304	2528.0	-8456.0	20.229665071770334	-268.0	19.023923444976077	98.12296352800082	4785680.0	-0.6411483253588517	-7952.0	
83.0	-9.01086956521739	3082.0	23.58695652173913	245.0	21.82608695652174	151.0	-0.22638680659670163	0.017991004497751123	504.0	19628.90625	-0.7556221889055472	12.0	30.2430638372025	33424.0	6734.0	-205.3048780487805	1257179.0	38366.058349609375	-49.93902439024391	13110.0	1638.0	-399.69512195121956	3736.2637362637365	2550.0	-9668.0	23.129186602870814	-5724.0	25.464114832535884	98.12296352800082	4785680.0	-13.69377990430622	-10644.0	
664.0	24.27173913043478	20.0	17.27173913043478	909.0	14.608695652173912	138.0	-0.20689655172413793	0.0074962518740629685	505.0	19638.671875	-0.7571214392803598	5.0	30.2430638372025	33424.0	3447.0	-105.09146341463416	1257499.0	38375.823974609375	-107.7439024390244	11275.0	3534.0	-343.75000000000006	3709.89010989011	2532.0	-5344.0	12.78468899521531	15792.0	16.555023923444974	98.12296352800082	4785680.0	37.7799043062201	-6920.0	
1423.0	24.467391304347824	2.0	9.021739130434783	1214.0	11.293478260869565	137.0	-0.20539730134932532	0.0029985007496251873	514.0	19648.4375	-0.7706146926536731	2.0	30.2430638372025	33424.0	1045.0	-31.85975609756098	1257819.0	38385.589599609375	-20.396341463414636	2078.0	669.0	-63.35365853658537	3717.2161172161173	2537.0	-3996.0	9.559808612440191	17224.0	6.401913875598086	98.12426006780079	4785552.0	41.20574162679426	-2676.0	
1803.0	19.42391304347826	466.0	4.891304347826087	1716.0	5.83695652173913	135.0	-0.20239880059970014	-0.0074962518740629685	512.0	19658.203125	-0.767616191904048	-5.0	30.2430638372025	33424.0	2217.0	-67.59146341463415	1258139.0	38395.355224609375	10.853658536585368	-3990.0	-356.0	121.64634146341464	3727.4725274725274	2544.0	-1436.0	3.4354066985645932	7800.0	2.1913875598086126	98.12426006780079	4785552.0	18.660287081339714	-916.0	
1764.0	10.608695652173912	1277.0	5.315217391304348	1927.0	3.543478260869565	132.0	-0.19790104947526235	0.0014992503748125937	512.0	19667.96875	-0.767616191904048	1.0	30.2430638372025	33424.0	4202.0	-128.109756097561	1258459.0	38405.120849609375	46.40243902439025	-3981.0	-1522.0	121.37195121951221	3708.4249084249086	2531.0	-584.0	1.3971291866028708	3792.0	3.789473684210526	98.12426006780079	4785552.0	9.07177033492823	-1584.0	
1493.0	10.108695652173912	1323.0	8.26086956521739	1925.0	3.5652173913043477	133.0	-0.19940029985007496	0.013493253373313342	511.0	19677.734375	-0.7661169415292354	9.0	30.2430638372025	33424.0	3167.0	-96.5548780487805	1258779.0	38414.886474609375	55.365853658536594	-3442.0	-1816.0	104.93902439024392	3723.0769230769233	2541.0	-460.0	1.1004784688995215	3812.0	5.282296650717703	98.12426006780079	4785552.0	9.119617224880383	-2208.0	
1172.0	9.478260869565217	1381.0	11.75	1863.0	4.239130434782608	137.0	-0.20539730134932532	0.025487256371814093	519.0	19687.5	-0.7781109445277361	17.0	30.2430638372025	33424.0	1288.0	-39.268292682926834	1259099.0	38424.652099609375	37.34756097560976	-2019.0	-1225.0	61.554878048780495	3728.937728937729	2545.0	-1036.0	2.478468899521531	3352.0	10.028708133971291	98.12426006780079	4785552.0	8.019138755980862	-4192.0	
1138.0	8.695652173913043	1453.0	12.119565217391305	1908.0	3.75	138.0	-0.20689655172413793	0.03298350824587706	518.0	19697.265625	-0.7766116941529235	22.0	30.2430638372025	33424.0	1133.0	-34.54268292682927	1259419.0	38434.417724609375	-21.85975609756098	-1331.0	717.0	40.57926829268293	3715.7509157509157	2536.0	-612.0	1.464114832535885	3236.0	11.559808612440191	98.12247732572526	4785728.0	7.741626794258373	-4832.0	
1325.0	8.782608695652174	1445.0	10.08695652173913	1942.0	3.3804347826086953	135.0	-0.20239880059970014	0.031484257871064465	519.0	19707.03125	-0.7781109445277361	21.0	30.2430638372025	33424.0	1610.0	-49.085365853658544	1259739.0	38444.183349609375	-31.402439024390247	-919.0	1030.0	28.01829268292683	3714.285714285714	2535.0	-620.0	1.4832535885167464	3244.0	9.751196172248804	98.12247732572526	4785728.0	7.760765550239234	-4076.0	
1528.0	9.16304347826087	1410.0	7.880434782608695	1967.0	3.108695652173913	138.0	-0.20689655172413793	0.04047976011994003	525.0	19716.796875	-0.7871064467766117	27.0	30.2430638372025	33424.0	1333.0	-40.640243902439025	1260059.0	38453.948974609375	-6.219512195121951	-1105.0	204.0	33.68902439024391	3701.0989010989015	2526.0	-560.0	1.339712918660287	3332.0	6.765550239234449	98.12247732572526	4785728.0	7.971291866028708	-2828.0	
1594.0	9.23913043478261	1403.0	7.163043478260869	1979.0	2.9782608695652173	143.0	-0.2143928035982009	0.037481259370314844	516.0	19726.5625	-0.7736131934032984	25.0	30.2430638372025	33424.0	951.0	-28.993902439024392	1260379.0	38463.714599609375	11.250000000000002	-1571.0	-369.0	47.896341463414636	3711.3553113553116	2533.0	-484.0	1.1578947368421053	3404.0	5.5406698564593295	98.12247732572526	4785728.0	8.14354066985646	-2316.0	
1545.0	9.23913043478261	1403.0	7.695652173913043	1962.0	3.1630434782608696	141.0	-0.21139430284857572	0.046476761619190406	522.0	19736.328125	-0.7826086956521738	31.0	30.2430638372025	33424.0	979.0	-29.84756097560976	1260699.0	38473.480224609375	25.762195121951223	-2347.0	-845.0	71.5548780487805	3723.0769230769233	2541.0	-476.0	1.138755980861244	3488.0	5.971291866028708	98.12247732572526	4785728.0	8.344497607655502	-2496.0	
1487.0	9.16304347826087	1410.0	8.326086956521738	1972.0	3.0543478260869565	141.0	-0.21139430284857572	0.050974512743628186	516.0	19746.09375	-0.7736131934032984	34.0	30.2430638372025	33424.0	1023.0	-31.189024390243905	1261019.0	38483.245849609375	44.84756097560976	-3008.0	-1471.0	91.70731707317074	3704.029304029304	2528.0	-512.0	1.2248803827751196	3420.0	6.842105263157895	98.1219911235312	4785776.0	8.181818181818182	-2860.0	
1444.0	8.880434782608695	1436.0	8.793478260869565	1957.0	3.217391304347826	134.0	-0.20089955022488756	0.05997001499250375	523.0	19755.859375	-0.7841079460269865	40.0	30.2430638372025	33424.0	926.0	-28.231707317073173	1261339.0	38493.011474609375	35.1829268292683	-3535.0	-1154.0	107.77439024390245	3704.029304029304	2528.0	-480.0	1.1483253588516746	3284.0	7.502392344497608	98.1219911235312	4785776.0	7.85645933014354	-3136.0	
1439.0	8.315217391304348	1488.0	8.847826086956522	1962.0	3.1630434782608696	136.0	-0.20389805097451275	0.06296851574212893	526.0	19765.625	-0.7886056971514243	42.0	30.2430638372025	33424.0	880.0	-26.82926829268293	1261659.0	38502.777099609375	31.55487804878049	-3835.0	-1035.0	116.92073170731709	3724.542124542125	2542.0	-520.0	1.244019138755981	2980.0	7.569377990430621	98.1219911235312	4785776.0	7.1291866028708135	-3164.0	
1463.0	7.58695652173913	1555.0	8.58695652173913	1961.0	3.1739130434782608	149.0	-0.22338830584707645	0.07196401799100449	524.0	19775.390625	-0.7856071964017991	48.0	30.2430638372025	33424.0	806.0	-24.573170731707318	1261979.0	38512.542724609375	34.024390243902445	-4072.0	-1116.0	124.14634146341464	3705.4945054945056	2529.0	-516.0	1.2344497607655502	2676.0	7.23444976076555	98.1219911235312	4785776.0	6.401913875598086	-3024.0	
1466.0	7.358695652173913	1576.0	8.554347826086957	1959.0	3.1956521739130435	147.0	-0.22038980509745126	0.07946026986506746	526.0	19785.15625	-0.7886056971514243	53.0	30.2430638372025	33424.0	654.0	-19.939024390243905	1262299.0	38522.308349609375	36.58536585365854	-4278.0	-1200.0	130.4268292682927	3731.868131868132	2547.0	-548.0	1.3110047846889952	2512.0	7.311004784688995	98.1219911235312	4785776.0	6.00956937799043	-3056.0	
1446.0	7.010869565217391	1608.0	8.771739130434783	1950.0	3.293478260869565	140.0	-0.2098950524737631	0.08695652173913043	524.0	19794.921875	-0.7856071964017991	58.0	30.2430638372025	33424.0	530.0	-16.158536585365855	1262619.0	38532.073974609375	34.146341463414636	-4456.0	-1120.0	135.85365853658539	3698.1684981684984	2524.0	-584.0	1.3971291866028708	2396.0	7.521531100478469	98.1219911235312	4785776.0	5.732057416267942	-3144.0	
1422.0	6.826086956521739	1625.0	9.032608695652174	1939.0	3.4130434782608696	146.0	-0.21889055472263869	0.10044977511244378	526.0	19804.6875	-0.7886056971514243	67.0	30.2430638372025	33424.0	516.0	-15.731707317073171	1262939.0	38541.839599609375	32.743902439024396	-4677.0	-1074.0	142.59146341463415	3708.4249084249086	2531.0	-648.0	1.5502392344497606	2336.0	7.789473684210526	98.1219911235312	4785776.0	5.588516746411483	-3256.0	
1395.0	6.717391304347826	1635.0	9.326086956521738	1925.0	3.5652173913043477	145.0	-0.21739130434782608	0.10194902548725637	531.0	19814.453125	-0.7961019490254873	68.0	30.2430638372025	33424.0	511.0	-15.579268292682928	1263259.0	38551.605224609375	32.5	-4888.0	-1066.0	149.02439024390245	3727.4725274725274	2544.0	-692.0	1.6555023923444976	2328.0	7.971291866028708	98.1219911235312	4785776.0	5.569377990430622	-3332.0	
1390.0	6.880434782608695	1620.0	9.380434782608695	1921.0	3.608695652173913	144.0	-0.21589205397301348	0.11244377811094453	525.0	19824.21875	-0.7871064467766117	75.0	30.2430638372025	33424.0	472.0	-14.390243902439027	1263579.0	38561.370849609375	30.121951219512198	-5125.0	-988.0	156.25000000000003	3705.4945054945056	2529.0	-704.0	1.6842105263157894	2368.0	8.229665071770334	98.1219911235312	4785776.0	5.665071770334928	-3440.0	
1364.0	6.880434782608695	1620.0	9.66304347826087	1916.0	3.6630434782608696	150.0	-0.22488755622188905	0.12143928035982009	528.0	19833.984375	-0.7916041979010494	81.0	30.2430638372025	33424.0	453.0	-13.810975609756099	1263899.0	38571.136474609375	27.225609756097562	-5273.0	-893.0	160.76219512195124	3724.542124542125	2542.0	-720.0	1.7224880382775118	2376.0	8.33492822966507	98.1219911235312	4785776.0	5.684210526315789	-3484.0	
1358.0	6.956521739130435	1613.0	9.728260869565217	1913.0	3.6956521739130435	153.0	-0.22938530734632684	0.1199400299850075	531.0	19843.75	-0.7961019490254873	80.0	30.2430638372025	33424.0	514.0	-15.670731707317074	1264219.0	38580.902099609375	24.603658536585368	-5416.0	-807.0	165.1219512195122	3720.1465201465203	2539.0	-744.0	1.7799043062200957	2384.0	8.47846889952153	98.1219911235312	4785776.0	5.70334928229665	-3544.0	
1345.0	6.815217391304348	1626.0	9.869565217391305	1903.0	3.8043478260869565	148.0	-0.22188905547226387	0.13493253373313344	532.0	19853.515625	-0.7976011994002998	90.0	30.2430638372025	33424.0	519.0	-15.823170731707318	1264539.0	38590.667724609375	22.164634146341466	-5561.0	-727.0	169.5426829268293	3708.4249084249086	2531.0	-780.0	1.8660287081339713	2340.0	8.660287081339712	98.1219911235312	4785776.0	5.598086124401914	-3620.0	
1333.0	6.869565217391304	1621.0	10.0	1890.0	3.9456521739130435	159.0	-0.2383808095952024	0.14842578710644677	534.0	19863.28125	-0.800599700149925	99.0	30.2430638372025	33424.0	511.0	-15.579268292682928	1264859.0	38600.433349609375	19.939024390243905	-5738.0	-654.0	174.93902439024393	3720.1465201465203	2539.0	-844.0	2.0191387559808613	2328.0	8.851674641148325	98.1219911235312	4785776.0	5.569377990430622	-3700.0	
1313.0	6.880434782608695	1620.0	10.217391304347826	1873.0	4.130434782608695	151.0	-0.22638680659670163	0.15442278860569714	527.0	19873.046875	-0.7901049475262368	103.0	30.2430638372025	33424.0	510.0	-15.54878048780488	1265179.0	38610.198974609375	19.634146341463417	-6007.0	-644.0	183.14024390243904	3706.959706959707	2530.0	-920.0	2.200956937799043	2352.0	9.043062200956937	98.1219911235312	4785776.0	5.626794258373206	-3780.0	
1295.0	6.739130434782608	1633.0	10.41304347826087	1857.0	4.304347826086956	156.0	-0.2338830584707646	0.1634182908545727	534.0	19882.8125	-0.800599700149925	109.0	30.2430638372025	33424.0	519.0	-15.823170731707318	1265499.0	38619.964599609375	17.5609756097561	-6139.0	-576.0	187.16463414634148	3721.611721611722	2540.0	-1020.0	2.4401913875598087	2340.0	9.282296650717702	98.1219911235312	4785776.0	5.598086124401914	-3880.0	
1262.0	6.391304347826087	1665.0	10.771739130434783	1836.0	4.532608695652174	149.0	-0.22338830584707645	0.18140929535232383	531.0	19892.578125	-0.7961019490254873	121.0	30.2430638372025	33424.0	588.0	-17.926829268292686	1265819.0	38629.730224609375	13.902439024390246	-6287.0	-456.0	191.6768292682927	3717.2161172161173	2537.0	-1072.0	2.5645933014354068	2208.0	9.617224880382775	98.1223152583182	4785744.0	5.282296650717703	-4020.0	
1253.0	6.369565217391304	1667.0	10.869565217391305	1830.0	4.5978260869565215	156.0	-0.2338830584707646	0.19640179910044978	528.0	19902.34375	-0.7916041979010494	131.0	30.2430638372025	33424.0	638.0	-19.451219512195124	1266139.0	38639.495849609375	5.640243902439025	-6311.0	-185.0	192.40853658536588	3692.3076923076924	2520.0	-1136.0	2.7177033492822966	2156.0	9.84688995215311	98.1223152583182	4785744.0	5.157894736842105	-4116.0	
1245.0	6.413043478260869	1663.0	10.956521739130434	1817.0	4.739130434782608	152.0	-0.22788605697151423	0.19940029985007496	529.0	19912.109375	-0.793103448275862	133.0	30.2430638372025	33424.0	580.0	-17.682926829268293	1266459.0	38649.261474609375	-0.7621951219512196	-6329.0	25.0	192.95731707317074	3718.6813186813188	2538.0	-1192.0	2.851674641148325	2156.0	9.894736842105262	98.1223152583182	4785744.0	5.157894736842105	-4136.0	
1247.0	6.33695652173913	1670.0	10.934782608695652	1814.0	4.771739130434782	142.0	-0.2128935532233883	0.21139430284857572	534.0	19921.875	-0.800599700149925	141.0	30.2430638372025	33424.0	573.0	-17.469512195121954	1266779.0	38659.027099609375	-6.189024390243903	-6244.0	203.0	190.3658536585366	3727.4725274725274	2544.0	-1216.0	2.909090909090909	2100.0	9.894736842105262	98.1223152583182	4785744.0	5.023923444976076	-4136.0	
1242.0	6.043478260869565	1697.0	10.989130434782608	1820.0	4.706521739130435	156.0	-0.2338830584707646	0.22788605697151423	532.0	19931.640625	-0.7976011994002998	152.0	30.2430638372025	33424.0	575.0	-17.53048780487805	1267099.0	38668.792724609375	-12.01219512195122	-6098.0	394.0	185.91463414634148	3709.89010989011	2532.0	-1176.0	2.813397129186603	2024.0	9.980861244019138	98.1223152583182	4785744.0	4.842105263157895	-4172.0	
1232.0	5.967391304347826	1704.0	11.097826086956522	1827.0	4.630434782608695	158.0	-0.2368815592203898	0.2368815592203898	530.0	19941.40625	-0.7946026986506747	158.0	30.2430638372025	33424.0	597.0	-18.201219512195124	1267419.0	38678.558349609375	-18.414634146341466	-5834.0	604.0	177.8658536585366	3728.937728937729	2545.0	-1160.0	2.77511961722488	1912.0	10.153110047846889	98.1219911235312	4785776.0	4.574162679425837	-4244.0	
1222.0	5.543478260869565	1743.0	11.206521739130434	1828.0	4.619565217391305	155.0	-0.23238380809595202	0.24587706146926536	527.0	19951.171875	-0.7901049475262368	164.0	30.2430638372025	33424.0	570.0	-17.378048780487806	1267739.0	38688.323974609375	-25.426829268292686	-5494.0	834.0	167.50000000000003	3743.5897435897436	2555.0	-1124.0	2.688995215311005	1772.0	10.258373205741627	98.1219911235312	4785776.0	4.239234449760765	-4288.0	
1206.0	5.239130434782608	1771.0	11.380434782608695	1839.0	4.5	159.0	-0.2383808095952024	0.2563718140929535	536.0	19960.9375	-0.8035982008995503	171.0	30.2430638372025	33424.0	503.0	-15.335365853658537	1268059.0	38698.089599609375	-30.57926829268293	-5058.0	1003.0	154.20731707317074	3728.937728937729	2545.0	-1100.0	2.631578947368421	1616.0	10.373205741626794	98.1219911235312	4785776.0	3.866028708133971	-4336.0	
1189.0	4.782608695652174	1813.0	11.565217391304348	1847.0	4.413043478260869	148.0	-0.22188905547226387	0.2623688155922039	518.0	19970.703125	-0.7766116941529235	175.0	30.2430638372025	33424.0	502.0	-15.30487804878049	1268379.0	38707.855224609375	-36.3719512195122	-4475.0	1193.0	136.4329268292683	3720.1465201465203	2539.0	-1060.0	2.5358851674641145	1432.0	10.62200956937799	98.1219911235312	4785776.0	3.4258373205741623	-4440.0	
1175.0	4.5	1839.0	11.717391304347826	1858.0	4.293478260869565	153.0	-0.22938530734632684	0.26686656671664166	522.0	19980.46875	-0.7826086956521738	178.0	30.2430638372025	33424.0	518.0	-15.79268292682927	1268699.0	38717.620849609375	-41.12804878048781	-3861.0	1349.0	117.71341463414635	3708.4249084249086	2531.0	-1028.0	2.4593301435406696	1268.0	10.861244019138756	98.1219911235312	4785776.0	3.0334928229665072	-4540.0	
1137.0	4.260869565217392	1861.0	12.130434782608695	1850.0	4.380434782608695	158.0	-0.2368815592203898	0.2788605697151424	528.0	19990.234375	-0.7916041979010494	186.0	30.2430638372025	33424.0	496.0	-15.121951219512196	1269019.0	38727.386474609375	-46.3109756097561	-3075.0	1519.0	93.75000000000001	3737.7289377289376	2551.0	-1004.0	2.401913875598086	1204.0	11.110047846889952	98.12118078672223	4785856.0	2.880382775119617	-4644.0	
1099.0	3.9891304347826084	1886.0	12.543478260869565	1846.0	4.423913043478261	155.0	-0.23238380809595202	0.28785607196401797	521.0	20000.0	-0.7811094452773613	192.0	30.2430638372025	33424.0	467.0	-14.237804878048781	1269339.0	38737.152099609375	-53.47560975609757	-2198.0	1754.0	67.01219512195122	3734.798534798535	2549.0	-1068.0	2.555023923444976	1076.0	11.636363636363637	98.12118078672223	4785856.0	2.574162679425837	-4864.0	
1077.0	3.6630434782608696	1916.0	12.782608695652174	1848.0	4.4021739130434785	162.0	-0.24287856071964017	0.29385307346326833	519.0	20009.765625	-0.7781109445277361	196.0	30.2430638372025	33424.0	418.0	-12.743902439024392	1269659.0	38746.917724609375	-60.1829268292683	-1235.0	1974.0	37.65243902439025	3711.3553113553116	2533.0	-1088.0	2.602870813397129	944.0	11.933014354066986	98.12118078672223	4785856.0	2.2583732057416266	-4988.0	
1064.0	3.5543478260869565	1926.0	12.92391304347826	1850.0	4.380434782608695	159.0	-0.2383808095952024	0.29385307346326833	516.0	20019.53125	-0.7736131934032984	196.0	30.2430638372025	33424.0	301.0	-9.176829268292684	1269979.0	38756.683349609375	-66.25	-148.0	2173.0	4.51219512195122	3723.0769230769233	2541.0	-1076.0	2.574162679425837	840.0	12.191387559808613	98.12118078672223	4785856.0	2.0095693779904304	-5096.0	
1049.0	3.2717391304347827	1952.0	13.08695652173913	1842.0	4.467391304347826	159.0	-0.2383808095952024	0.29685157421289354	514.0	20029.296875	-0.7706146926536731	198.0	30.2430638372025	33424.0	152.0	-4.634146341463415	1270299.0	38766.448974609375	-73.32317073170732	1001.0	2405.0	-30.51829268292683	3743.5897435897436	2555.0	-1064.0	2.5454545454545454	756.0	12.373205741626794	98.12118078672223	4785856.0	1.8086124401913874	-5172.0	
1046.0	3.043478260869565	1973.0	13.119565217391305	1858.0	4.293478260869565	164.0	-0.24587706146926536	0.3058470764617691	516.0	20039.0625	-0.7736131934032984	204.0	30.2430638372025	33424.0	16.0	-0.48780487804878053	1270619.0	38776.214599609375	-79.69512195121952	2210.0	2614.0	-67.37804878048782	3721.611721611722	2540.0	-1024.0	2.449760765550239	696.0	12.363636363636363	98.12215319092017	4785760.0	1.6650717703349283	-5168.0	
1056.0	3.1304347826086953	1965.0	13.01086956521739	1870.0	4.163043478260869	165.0	-0.24737631184407796	0.2908545727136432	513.0	20048.828125	-0.7691154422788605	194.0	30.2430638372025	33424.0	-136.0	4.146341463414634	1270939.0	38785.980224609375	-84.63414634146342	3474.0	2776.0	-105.91463414634147	3689.37728937729	2518.0	-992.0	2.373205741626794	664.0	12.287081339712918	98.12215319092017	4785760.0	1.588516746411483	-5136.0	
1074.0	3.141304347826087	1964.0	12.815217391304348	1893.0	3.9130434782608696	168.0	-0.2518740629685157	0.29235382308845576	506.0	20058.59375	-0.7586206896551724	195.0	30.2430638372025	33424.0	-363.0	11.067073170731708	1271259.0	38795.745849609375	-87.89634146341464	4697.0	2883.0	-143.20121951219514	3689.37728937729	2518.0	-888.0	2.124401913875598	688.0	12.076555023923445	98.12215319092017	4785760.0	1.645933014354067	-5048.0	
1097.0	3.4565217391304346	1935.0	12.565217391304348	1903.0	3.8043478260869565	180.0	-0.2698650674662669	0.280359820089955	499.0	20068.359375	-0.7481259370314842	187.0	30.2430638372025	33424.0	-564.0	17.195121951219512	1271579.0	38805.511474609375	-90.60975609756099	5747.0	2972.0	-175.21341463414635	3723.0769230769233	2541.0	-832.0	1.9904306220095693	784.0	11.760765550239235	98.12215319092017	4785760.0	1.875598086124402	-4916.0	
1130.0	3.9239130434782608	1892.0	12.206521739130434	1910.0	3.7282608695652173	180.0	-0.2698650674662669	0.272863568215892	495.0	20078.125	-0.7421289355322339	182.0	30.2430638372025	33424.0	-790.0	24.085365853658537	1271899.0	38815.277099609375	-91.95121951219512	6530.0	3016.0	-199.08536585365854	3730.4029304029305	2546.0	-764.0	1.8277511961722488	992.0	11.358851674641148	98.12215319092017	4785760.0	2.373205741626794	-4748.0	
1170.0	4.304347826086956	1857.0	11.771739130434783	1911.0	3.717391304347826	180.0	-0.2698650674662669	0.2623688155922039	497.0	20087.890625	-0.7451274362818591	175.0	30.2430638372025	33424.0	-1051.0	32.04268292682927	1272219.0	38825.042724609375	-91.4939024390244	7140.0	3001.0	-217.68292682926833	3708.4249084249086	2531.0	-792.0	1.894736842105263	1208.0	10.851674641148325	98.12247732572526	4785728.0	2.889952153110048	-4536.0	
1216.0	4.75	1816.0	11.271739130434783	1883.0	4.021739130434782	188.0	-0.2818590704647676	0.25487256371814093	490.0	20097.65625	-0.7346326836581709	170.0	30.2430638372025	33424.0	-1316.0	40.1219512195122	1272539.0	38834.808349609375	-91.25000000000001	7503.0	2993.0	-228.75000000000003	3717.2161172161173	2537.0	-900.0	2.15311004784689	1348.0	10.354066985645932	98.12247732572526	4785728.0	3.2248803827751193	-4328.0	
1260.0	4.9021739130434785	1802.0	10.793478260869565	1870.0	4.163043478260869	192.0	-0.28785607196401797	0.22938530734632684	494.0	20107.421875	-0.7406296851574212	153.0	30.2430638372025	33424.0	-1621.0	49.420731707317074	1272859.0	38844.573974609375	-90.03048780487806	7681.0	2953.0	-234.1768292682927	3696.703296703297	2523.0	-968.0	2.3157894736842106	1456.0	9.779904306220095	98.12247732572526	4785728.0	3.4832535885167464	-4088.0	
1306.0	5.076086956521739	1786.0	10.293478260869565	1865.0	4.217391304347826	184.0	-0.27586206896551724	0.22338830584707645	486.0	20117.1875	-0.7286356821589205	149.0	30.2430638372025	33424.0	-1937.0	59.054878048780495	1273179.0	38854.339599609375	-89.87804878048782	7799.0	2948.0	-237.77439024390247	3709.89010989011	2532.0	-1028.0	2.4593301435406696	1536.0	9.07177033492823	98.12247732572526	4785728.0	3.6746411483253585	-3792.0	
1366.0	4.967391304347826	1796.0	9.641304347826086	1862.0	4.25	196.0	-0.29385307346326833	0.19490254872563717	486.0	20126.953125	-0.7286356821589205	130.0	30.2430638372025	33424.0	-2098.0	63.963414634146346	1273499.0	38864.105224609375	-81.64634146341464	7784.0	2678.0	-237.31707317073173	3727.4725274725274	2544.0	-1020.0	2.4401913875598087	1492.0	8.344497607655502	98.12247732572526	4785728.0	3.5693779904306218	-3488.0	
1417.0	5.076086956521739	1786.0	9.08695652173913	1866.0	4.206521739130435	194.0	-0.2908545727136432	0.1874062968515742	483.0	20136.71875	-0.7241379310344828	125.0	30.2430638372025	33424.0	-2302.0	70.1829268292683	1273819.0	38873.870849609375	-75.45731707317074	7639.0	2475.0	-232.89634146341464	3714.285714285714	2535.0	-988.0	2.3636363636363638	1504.0	8.047846889952153	98.12134285406593	4785840.0	3.5980861244019136	-3364.0	
1439.0	5.206521739130435	1774.0	8.847826086956522	1866.0	4.206521739130435	196.0	-0.29385307346326833	0.17091454272863568	475.0	20146.484375	-0.712143928035982	114.0	30.2430638372025	33424.0	-2521.0	76.85975609756099	1274139.0	38883.636474609375	-69.0548780487805	7339.0	2265.0	-223.75000000000003	3724.542124542125	2542.0	-972.0	2.325358851674641	1584.0	7.598086124401914	98.12134285406593	4785840.0	3.789473684210526	-3176.0	
1469.0	5.478260869565217	1749.0	8.521739130434783	1864.0	4.228260869565217	194.0	-0.2908545727136432	0.15292353823088456	475.0	20156.25	-0.712143928035982	102.0	30.2430638372025	33424.0	-2695.0	82.16463414634147	1274459.0	38893.402099609375	-61.09756097560976	6839.0	2004.0	-208.50609756097563	3736.2637362637365	2550.0	-968.0	2.3157894736842106	1664.0	7.2727272727272725	98.12134285406593	4785840.0	3.9808612440191387	-3040.0	
1487.0	5.6521739130434785	1733.0	8.326086956521738	1866.0	4.206521739130435	193.0	-0.2893553223388306	0.13043478260869565	474.0	20166.015625	-0.7106446776611693	87.0	30.2430638372025	33424.0	-2872.0	87.5609756097561	1274779.0	38903.167724609375	-53.75000000000001	6144.0	1763.0	-187.31707317073173	3712.820512820513	2534.0	-992.0	2.373205741626794	1772.0	6.966507177033493	98.12134285406593	4785840.0	4.239234449760765	-2912.0	
1497.0	5.760869565217392	1723.0	8.217391304347826	1864.0	4.228260869565217	190.0	-0.2848575712143928	0.12293853073463268	468.0	20175.78125	-0.7016491754122939	82.0	30.2430638372025	33424.0	-3014.0	91.89024390243904	1275099.0	38912.933349609375	-45.88414634146342	5298.0	1505.0	-161.52439024390245	3715.7509157509157	2536.0	-992.0	2.373205741626794	1888.0	6.803827751196172	98.12134285406593	4785840.0	4.516746411483253	-2844.0	
1519.0	5.891304347826087	1711.0	7.978260869565217	1867.0	4.195652173913043	200.0	-0.29985007496251875	0.10194902548725637	470.0	20185.546875	-0.704647676161919	68.0	30.2430638372025	33424.0	-3017.0	91.98170731707317	1275419.0	38922.698974609375	-36.3719512195122	4372.0	1193.0	-133.2926829268293	3714.285714285714	2535.0	-984.0	2.354066985645933	1928.0	6.5933014354066986	98.12020838285031	4785952.0	4.6124401913875595	-2756.0	
1520.0	5.869565217391304	1713.0	7.967391304347826	1865.0	4.217391304347826	193.0	-0.2893553223388306	0.09745127436281859	463.0	20195.3125	-0.6941529235382309	65.0	30.2430638372025	33424.0	-2931.0	89.35975609756099	1275739.0	38932.464599609375	-26.189024390243905	3411.0	859.0	-103.9939024390244	3720.1465201465203	2539.0	-992.0	2.373205741626794	1936.0	6.516746411483253	98.12020838285031	4785952.0	4.631578947368421	-2724.0	
1500.0	5.858695652173913	1714.0	8.184782608695652	1856.0	4.315217391304348	195.0	-0.29235382308845576	0.08695652173913043	467.0	20205.078125	-0.7001499250374812	58.0	30.2430638372025	33424.0	-2893.0	88.20121951219512	1276059.0	38942.230224609375	-18.75	2422.0	615.0	-73.84146341463415	3715.7509157509157	2536.0	-1028.0	2.4593301435406696	1956.0	6.650717703349282	98.12020838285031	4785952.0	4.679425837320574	-2780.0	
1500.0	5.9021739130434785	1710.0	8.184782608695652	1858.0	4.293478260869565	196.0	-0.29385307346326833	0.0704647676161919	463.0	20214.84375	-0.6941529235382309	47.0	30.2430638372025	33424.0	-2787.0	84.96951219512196	1276379.0	38951.995849609375	-11.402439024390246	1469.0	374.0	-44.78658536585366	3702.5641025641025	2527.0	-1048.0	2.5071770334928227	1964.0	6.794258373205741	98.12020838285031	4785952.0	4.698564593301435	-2840.0	
1483.0	5.8478260869565215	1715.0	8.369565217391305	1853.0	4.3478260869565215	190.0	-0.2848575712143928	0.0704647676161919	459.0	20224.609375	-0.6881559220389805	47.0	30.2430638372025	33424.0	-2620.0	79.87804878048782	1276699.0	38961.761474609375	-5.000000000000001	564.0	164.0	-17.195121951219512	3721.611721611722	2540.0	-1040.0	2.488038277511962	1932.0	6.956937799043062	98.12020838285031	4785952.0	4.62200956937799	-2908.0	
1475.0	5.739130434782608	1725.0	8.456521739130434	1858.0	4.293478260869565	195.0	-0.29235382308845576	0.06446776611694152	464.0	20234.375	-0.6956521739130435	43.0	30.2430638372025	33424.0	-2417.0	73.68902439024392	1277019.0	38971.527099609375	0.30487804878048785	-196.0	-10.0	5.975609756097562	3740.6593406593406	2553.0	-1016.0	2.430622009569378	1872.0	7.119617224880383	98.12085665206203	4785888.0	4.4784688995215305	-2976.0	
1466.0	5.423913043478261	1754.0	8.554347826086957	1873.0	4.130434782608695	192.0	-0.28785607196401797	0.06446776611694152	460.0	20244.140625	-0.689655172413793	43.0	30.2430638372025	33424.0	-2195.0	66.92073170731707	1277339.0	38981.292724609375	5.884146341463415	-775.0	-193.0	23.628048780487806	3711.3553113553116	2533.0	-968.0	2.3157894736842106	1748.0	7.23444976076555	98.12085665206203	4785888.0	4.181818181818182	-3024.0	
1460.0	5.271739130434782	1768.0	8.619565217391305	1869.0	4.173913043478261	193.0	-0.2893553223388306	0.05847076461769115	456.0	20253.90625	-0.6836581709145427	39.0	30.2430638372025	33424.0	-1980.0	60.365853658536594	1277659.0	38991.058349609375	8.658536585365855	-1298.0	-284.0	39.57317073170732	3745.054945054945	2556.0	-972.0	2.325358851674641	1620.0	7.435406698564593	98.12085665206203	4785888.0	3.875598086124402	-3108.0	
1446.0	4.945652173913043	1798.0	8.771739130434783	1872.0	4.141304347826087	196.0	-0.29385307346326833	0.05847076461769115	460.0	20263.671875	-0.689655172413793	39.0	30.2430638372025	33424.0	-1811.0	55.213414634146346	1277979.0	39000.823974609375	10.701219512195124	-1677.0	-351.0	51.12804878048781	3705.4945054945056	2529.0	-956.0	2.2870813397129184	1528.0	7.502392344497608	98.12085665206203	4785888.0	3.6555023923444976	-3136.0	
1416.0	4.826086956521739	1809.0	9.097826086956522	1869.0	4.173913043478261	190.0	-0.2848575712143928	0.05847076461769115	449.0	20273.4375	-0.6731634182908546	39.0	30.2430638372025	33424.0	-1583.0	48.26219512195122	1278299.0	39010.589599609375	14.939024390243905	-1846.0	-490.0	56.28048780487806	3706.959706959707	2530.0	-988.0	2.3636363636363638	1448.0	7.866028708133971	98.12085665206203	4785888.0	3.464114832535885	-3288.0	
1399.0	4.695652173913043	1821.0	9.282608695652174	1859.0	4.282608695652174	195.0	-0.29235382308845576	0.06746626686656672	462.0	20283.203125	-0.6926536731634183	45.0	30.2430638372025	33424.0	-1293.0	39.420731707317074	1278619.0	39020.355224609375	11.463414634146343	-2168.0	-376.0	66.09756097560977	3718.6813186813188	2538.0	-1004.0	2.401913875598086	1440.0	7.971291866028708	98.12085665206203	4785888.0	3.4449760765550237	-3332.0	
1412.0	4.576086956521739	1832.0	9.141304347826086	1847.0	4.413043478260869	193.0	-0.2893553223388306	0.06446776611694152	461.0	20292.96875	-0.6911544227886057	43.0	30.2430638372025	33424.0	-842.0	25.670731707317074	1278939.0	39030.120849609375	21.585365853658537	-2275.0	-708.0	69.35975609756098	3709.89010989011	2532.0	-1068.0	2.555023923444976	1392.0	7.913875598086124	98.12085665206203	4785888.0	3.3301435406698565	-3308.0	
1394.0	4.510869565217392	1838.0	9.33695652173913	1827.0	4.630434782608695	192.0	-0.28785607196401797	0.06746626686656672	454.0	20302.734375	-0.6806596701649176	45.0	30.2430638372025	33424.0	-630.0	19.207317073170735	1279259.0	39039.886474609375	23.384146341463417	-2443.0	-767.0	74.48170731707317	3721.611721611722	2540.0	-1140.0	2.727272727272727	1336.0	7.971291866028708	98.12085665206203	4785888.0	3.1961722488038276	-3332.0	
1387.0	4.391304347826087	1849.0	9.41304347826087	1814.0	4.771739130434782	193.0	-0.2893553223388306	0.07796101949025487	462.0	20312.5	-0.6926536731634183	52.0	30.2430638372025	33424.0	-366.0	11.158536585365855	1279579.0	39049.652099609375	24.451219512195124	-2570.0	-802.0	78.35365853658537	3696.703296703297	2523.0	-1216.0	2.909090909090909	1324.0	8.14354066985646	98.12085665206203	4785888.0	3.1674641148325358	-3404.0	
1376.0	4.293478260869565	1858.0	9.532608695652174	1798.0	4.945652173913043	193.0	-0.2893553223388306	0.07496251874062969	461.0	20322.265625	-0.6911544227886057	50.0	30.2430638372025	33424.0	-52.0	1.5853658536585367	1279899.0	39059.417724609375	30.121951219512198	-2516.0	-988.0	76.70731707317074	3715.7509157509157	2536.0	-1308.0	3.129186602870813	1256.0	8.210526315789473	98.12085665206203	4785888.0	3.004784688995215	-3432.0	
1365.0	4.195652173913043	1867.0	9.652173913043478	1785.0	5.08695652173913	191.0	-0.2863568215892054	0.08395802098950525	465.0	20332.03125	-0.697151424287856	56.0	30.2430638372025	33424.0	204.0	-6.219512195121951	1280219.0	39069.183349609375	34.11585365853659	-2558.0	-1119.0	77.98780487804879	3709.89010989011	2532.0	-1368.0	3.2727272727272725	1208.0	8.44976076555024	98.1331737946151	4784672.0	2.889952153110048	-3532.0	
1347.0	4.173913043478261	1869.0	9.847826086956522	1767.0	5.282608695652174	206.0	-0.3088455772113943	0.08995502248875561	470.0	20341.796875	-0.704647676161919	60.0	30.2430638372025	33424.0	411.0	-12.53048780487805	1280539.0	39078.948974609375	34.237804878048784	-2515.0	-1123.0	76.67682926829269	3728.937728937729	2545.0	-1436.0	3.4354066985645932	1168.0	8.660287081339712	98.1331737946151	4784672.0	2.7942583732057416	-3620.0	
1341.0	4.08695652173913	1877.0	9.91304347826087	1762.0	5.33695652173913	191.0	-0.2863568215892054	0.095952023988006	460.0	20351.5625	-0.689655172413793	64.0	30.2430638372025	33424.0	667.0	-20.335365853658537	1280859.0	39088.714599609375	37.01219512195122	-2418.0	-1214.0	73.71951219512196	3712.820512820513	2534.0	-1488.0	3.5598086124401913	1152.0	8.77511961722488	98.1331737946151	4784672.0	2.755980861244019	-3668.0	
1338.0	4.0978260869565215	1876.0	9.945652173913043	1756.0	5.4021739130434785	193.0	-0.2893553223388306	0.10194902548725637	473.0	20361.328125	-0.7091454272863568	68.0	30.2430638372025	33424.0	880.0	-26.82926829268293	1281179.0	39098.480224609375	40.79268292682927	-2351.0	-1338.0	71.67682926829269	3737.7289377289376	2551.0	-1520.0	3.6363636363636362	1140.0	8.77511961722488	98.1331737946151	4784672.0	2.727272727272727	-3668.0	
1334.0	4.130434782608695	1873.0	9.989130434782608	1745.0	5.521739130434782	196.0	-0.29385307346326833	0.10494752623688156	475.0	20371.09375	-0.712143928035982	70.0	30.2430638372025	33424.0	990.0	-30.182926829268297	1281499.0	39108.245849609375	43.170731707317074	-2314.0	-1416.0	70.54878048780489	3727.4725274725274	2544.0	-1560.0	3.7320574162679425	1152.0	8.851674641148325	98.1331737946151	4784672.0	2.755980861244019	-3700.0	
1328.0	4.184782608695652	1868.0	10.054347826086957	1731.0	5.673913043478261	195.0	-0.29235382308845576	0.11544227886056971	478.0	20380.859375	-0.7166416791604198	77.0	30.2430638372025	33424.0	1079.0	-32.896341463414636	1281819.0	39118.011474609375	43.9329268292683	-2327.0	-1441.0	70.94512195121952	3721.611721611722	2540.0	-1624.0	3.8851674641148324	1160.0	8.870813397129186	98.12977036841662	4785008.0	2.77511961722488	-3708.0	
1337.0	4.358695652173913	1852.0	9.956521739130434	1720.0	5.793478260869565	196.0	-0.29385307346326833	0.11244377811094453	474.0	20390.625	-0.7106446776611693	75.0	30.2430638372025	33424.0	1191.0	-36.3109756097561	1282139.0	39127.777099609375	46.676829268292686	-2354.0	-1531.0	71.76829268292684	3726.007326007326	2543.0	-1700.0	4.0669856459330145	1224.0	8.832535885167463	98.12977036841662	4785008.0	2.92822966507177	-3692.0	
1350.0	4.434782608695652	1845.0	9.815217391304348	1715.0	5.8478260869565215	194.0	-0.2908545727136432	0.12743628185907047	474.0	20400.390625	-0.7106446776611693	85.0	30.2430638372025	33424.0	1263.0	-38.50609756097561	1282459.0	39137.542724609375	49.29878048780488	-2396.0	-1617.0	73.04878048780489	3714.285714285714	2535.0	-1744.0	4.172248803827751	1256.0	8.708133971291865	98.12977036841662	4785008.0	3.004784688995215	-3640.0	
1350.0	4.489130434782608	1840.0	9.815217391304348	1704.0	5.967391304347826	197.0	-0.29535232383808097	0.12893553223388304	482.0	20410.15625	-0.7226386806596702	86.0	30.2430638372025	33424.0	1296.0	-39.51219512195122	1282779.0	39147.308349609375	52.50000000000001	-2496.0	-1722.0	76.09756097560977	3734.798534798535	2549.0	-1776.0	4.248803827751196	1308.0	8.669856459330143	98.12977036841662	4785008.0	3.129186602870813	-3624.0	
1351.0	4.576086956521739	1832.0	9.804347826086957	1698.0	6.032608695652174	197.0	-0.29535232383808097	0.12893553223388304	482.0	20419.921875	-0.7226386806596702	86.0	30.2430638372025	33424.0	1303.0	-39.72560975609756	1283099.0	39157.073974609375	54.207317073170735	-2613.0	-1778.0	79.66463414634147	3730.4029304029305	2546.0	-1788.0	4.277511961722488	1336.0	8.62200956937799	98.12977036841662	4785008.0	3.1961722488038276	-3604.0	
1350.0	4.58695652173913	1831.0	9.815217391304348	1690.0	6.119565217391304	190.0	-0.2848575712143928	0.14842578710644677	484.0	20429.6875	-0.7256371814092953	99.0	30.2430638372025	33424.0	1331.0	-40.57926829268293	1283419.0	39166.839599609375	55.243902439024396	-2732.0	-1812.0	83.29268292682927	3739.194139194139	2552.0	-1820.0	4.354066985645932	1360.0	8.62200956937799	98.1289600294342	4785088.0	3.253588516746411	-3604.0	
1355.0	4.478260869565217	1841.0	9.76086956521739	1684.0	6.184782608695652	190.0	-0.2848575712143928	0.14842578710644677	484.0	20439.453125	-0.7256371814092953	99.0	30.2430638372025	33424.0	1284.0	-39.146341463414636	1283739.0	39176.605224609375	55.15243902439025	-2864.0	-1809.0	87.31707317073172	3727.4725274725274	2544.0	-1840.0	4.401913875598086	1292.0	8.574162679425838	98.1289600294342	4785088.0	3.090909090909091	-3584.0	
1367.0	4.33695652173913	1854.0	9.630434782608695	1690.0	6.119565217391304	194.0	-0.2908545727136432	0.14842578710644677	491.0	20449.21875	-0.7361319340329835	99.0	30.2430638372025	33424.0	1194.0	-36.40243902439025	1284059.0	39186.370849609375	55.487804878048784	-2917.0	-1820.0	88.9329268292683	3711.3553113553116	2533.0	-1848.0	4.421052631578947	1248.0	8.526315789473683	98.1289600294342	4785088.0	2.985645933014354	-3564.0	
1364.0	4.228260869565217	1864.0	9.66304347826087	1694.0	6.076086956521739	190.0	-0.2848575712143928	0.14992503748125938	495.0	20458.984375	-0.7421289355322339	100.0	30.2430638372025	33424.0	1157.0	-35.274390243902445	1284379.0	39196.136474609375	55.701219512195124	-2920.0	-1827.0	89.02439024390245	3731.868131868132	2547.0	-1828.0	4.373205741626794	1188.0	8.459330143540669	98.1289600294342	4785088.0	2.8421052631578947	-3536.0	
1371.0	4.141304347826087	1872.0	9.58695652173913	1695.0	6.065217391304348	181.0	-0.27136431784107945	0.16041979010494753	491.0	20468.75	-0.7361319340329835	107.0	30.2430638372025	33424.0	1159.0	-35.33536585365854	1284699.0	39205.902099609375	55.274390243902445	-2873.0	-1813.0	87.59146341463415	3736.2637362637365	2550.0	-1788.0	4.277511961722488	1136.0	8.392344497607656	98.1289600294342	4785088.0	2.7177033492822966	-3508.0	
1374.0	4.0978260869565215	1876.0	9.554347826086957	1720.0	5.793478260869565	190.0	-0.2848575712143928	0.1664167916041979	497.0	20478.515625	-0.7451274362818591	111.0	30.2430638372025	33424.0	1103.0	-33.62804878048781	1285019.0	39215.667724609375	55.335365853658544	-2817.0	-1815.0	85.88414634146342	3726.007326007326	2543.0	-1728.0	4.133971291866029	1088.0	8.363636363636363	98.12604281097208	4785376.0	2.602870813397129	-3496.0	
1376.0	3.967391304347826	1888.0	9.532608695652174	1733.0	5.6521739130434785	184.0	-0.27586206896551724	0.17241379310344826	498.0	20488.28125	-0.7466266866566716	115.0	30.2430638372025	33424.0	1076.0	-32.80487804878049	1285339.0	39225.433349609375	55.57926829268293	-2741.0	-1823.0	83.56707317073172	3712.820512820513	2534.0	-1640.0	3.923444976076555	1044.0	8.363636363636363	98.12604281097208	4785376.0	2.4976076555023923	-3496.0	
1379.0	3.858695652173913	1898.0	9.5	1734.0	5.641304347826087	182.0	-0.272863568215892	0.1829085457271364	500.0	20498.046875	-0.7496251874062968	122.0	30.2430638372025	33424.0	1073.0	-32.713414634146346	1285659.0	39235.198974609375	55.82317073170732	-2648.0	-1831.0	80.73170731707317	3731.868131868132	2547.0	-1584.0	3.789473684210526	1016.0	8.287081339712918	98.12604281097208	4785376.0	2.430622009569378	-3464.0	
1385.0	3.8260869565217392	1901.0	9.434782608695652	1752.0	5.445652173913043	183.0	-0.27436281859070466	0.19490254872563717	503.0	20507.8125	-0.7541229385307346	130.0	30.2430638372025	33424.0	1057.0	-32.22560975609756	1285979.0	39244.964599609375	56.463414634146346	-2540.0	-1852.0	77.43902439024392	3712.820512820513	2534.0	-1544.0	3.69377990430622	1004.0	8.258373205741627	98.12604281097208	4785376.0	2.401913875598086	-3452.0	
1384.0	3.8369565217391304	1900.0	9.445652173913043	1759.0	5.369565217391304	180.0	-0.2698650674662669	0.1874062968515742	501.0	20517.578125	-0.7511244377811094	125.0	30.2430638372025	33424.0	1057.0	-32.22560975609756	1286299.0	39254.730224609375	56.676829268292686	-2430.0	-1859.0	74.08536585365854	3734.798534798535	2549.0	-1492.0	3.5693779904306218	984.0	8.239234449760765	98.12604281097208	4785376.0	2.354066985645933	-3444.0	
1384.0	3.8369565217391304	1900.0	9.445652173913043	1767.0	5.282608695652174	173.0	-0.2593703148425787	0.2098950524737631	506.0	20527.34375	-0.7586206896551724	140.0	30.2430638372025	33424.0	1079.0	-32.896341463414636	1286619.0	39264.495849609375	57.865853658536594	-2310.0	-1898.0	70.42682926829269	3731.868131868132	2547.0	-1472.0	3.5215311004784686	996.0	8.220095693779903	98.12652901384534	4785328.0	2.3827751196172247	-3436.0	
1383.0	3.9782608695652173	1887.0	9.456521739130434	1772.0	5.228260869565217	182.0	-0.272863568215892	0.20089955022488756	514.0	20537.109375	-0.7706146926536731	134.0	30.2430638372025	33424.0	1115.0	-33.993902439024396	1286939.0	39274.261474609375	58.62804878048781	-2229.0	-1923.0	67.95731707317074	3740.6593406593406	2553.0	-1432.0	3.4258373205741623	1032.0	8.220095693779903	98.12652901384534	4785328.0	2.4688995215311005	-3436.0	
1378.0	4.032608695652174	1882.0	9.51086956521739	1765.0	5.304347826086956	174.0	-0.2608695652173913	0.20689655172413793	510.0	20546.875	-0.7646176911544228	138.0	30.2430638372025	33424.0	1144.0	-34.87804878048781	1287259.0	39284.027099609375	60.00000000000001	-2159.0	-1968.0	65.82317073170732	3731.868131868132	2547.0	-1432.0	3.4258373205741623	1076.0	8.30622009569378	98.12652901384534	4785328.0	2.574162679425837	-3472.0	
1374.0	4.108695652173913	1875.0	9.554347826086957	1771.0	5.239130434782608	170.0	-0.25487256371814093	0.21139430284857572	507.0	20556.640625	-0.760119940029985	141.0	30.2430638372025	33424.0	1180.0	-35.97560975609756	1287579.0	39293.792724609375	61.615853658536594	-2091.0	-2021.0	63.75000000000001	3705.4945054945056	2529.0	-1480.0	3.54066985645933	1120.0	8.430622009569378	98.12652901384534	4785328.0	2.679425837320574	-3524.0	
1355.0	4.1521739130434785	1871.0	9.76086956521739	1757.0	5.391304347826087	169.0	-0.25337331334332835	0.22338830584707645	510.0	20566.40625	-0.7646176911544228	149.0	30.2430638372025	33424.0	1269.0	-38.68902439024391	1287899.0	39303.558349609375	62.46951219512196	-2041.0	-2049.0	62.22560975609757	3739.194139194139	2552.0	-1512.0	3.617224880382775	1160.0	8.555023923444976	98.12652901384534	4785328.0	2.77511961722488	-3576.0	
1343.0	4.304347826086956	1857.0	9.891304347826086	1746.0	5.510869565217392	171.0	-0.2563718140929535	0.22338830584707645	517.0	20576.171875	-0.775112443778111	149.0	30.2430638372025	33424.0	1268.0	-38.65853658536586	1288219.0	39313.323974609375	63.841463414634156	-2052.0	-2094.0	62.560975609756106	3731.868131868132	2547.0	-1564.0	3.741626794258373	1216.0	8.75598086124402	98.12620487858744	4785360.0	2.909090909090909	-3660.0	
1333.0	4.33695652173913	1854.0	10.0	1735.0	5.630434782608695	170.0	-0.25487256371814093	0.23238380809595202	521.0	20585.9375	-0.7811094452773613	155.0	30.2430638372025	33424.0	1369.0	-41.737804878048784	1288539.0	39323.089599609375	62.43902439024391	-1997.0	-2048.0	60.88414634146342	3733.3333333333335	2548.0	-1644.0	3.9330143540669855	1252.0	8.77511961722488	98.12620487858744	4785360.0	2.9952153110047846	-3668.0	
1331.0	4.532608695652174	1836.0	10.021739130434783	1720.0	5.793478260869565	160.0	-0.239880059970015	0.2383808095952024	516.0	20595.703125	-0.7736131934032984	159.0	30.2430638372025	33424.0	1402.0	-42.743902439024396	1288859.0	39332.855224609375	65.57926829268293	-2074.0	-2151.0	63.23170731707317	3708.4249084249086	2531.0	-1700.0	4.0669856459330145	1296.0	8.822966507177034	98.12620487858744	4785360.0	3.1004784688995213	-3688.0	
1329.0	4.706521739130435	1820.0	10.043478260869565	1704.0	5.967391304347826	166.0	-0.24887556221889054	0.24287856071964017	518.0	20605.46875	-0.7766116941529235	162.0	30.2430638372025	33424.0	1465.0	-44.66463414634147	1289179.0	39342.620849609375	64.87804878048782	-2118.0	-2128.0	64.57317073170732	3712.820512820513	2534.0	-1744.0	4.172248803827751	1376.0	8.889952153110048	98.12620487858744	4785360.0	3.291866028708134	-3716.0	
1312.0	4.815217391304348	1810.0	10.228260869565217	1688.0	6.141304347826087	155.0	-0.23238380809595202	0.25037481259370314	517.0	20615.234375	-0.775112443778111	167.0	30.2430638372025	33424.0	1535.0	-46.79878048780488	1289499.0	39352.386474609375	67.5	-2233.0	-2214.0	68.07926829268294	3740.6593406593406	2553.0	-1816.0	4.344497607655502	1436.0	9.062200956937799	98.12620487858744	4785360.0	3.4354066985645932	-3788.0	
1286.0	4.923913043478261	1800.0	10.51086956521739	1666.0	6.380434782608695	150.0	-0.22488755622188905	0.2653673163418291	532.0	20625.0	-0.7976011994002998	177.0	30.2430638372025	33424.0	1588.0	-48.41463414634147	1289819.0	39362.152099609375	68.62804878048782	-2343.0	-2251.0	71.4329268292683	3733.3333333333335	2548.0	-1920.0	4.5933014354066986	1488.0	9.339712918660286	98.12312559544411	4785664.0	3.5598086124401913	-3904.0	
1262.0	4.989130434782608	1794.0	10.771739130434783	1647.0	6.58695652173913	149.0	-0.22338830584707645	0.26836581709145424	527.0	20634.765625	-0.7901049475262368	179.0	30.2430638372025	33424.0	1626.0	-49.57317073170732	1290139.0	39371.917724609375	67.65243902439025	-2410.0	-2219.0	73.47560975609757	3724.542124542125	2542.0	-2020.0	4.832535885167464	1516.0	9.68421052631579	98.12312559544411	4785664.0	3.626794258373206	-4048.0	
1240.0	4.978260869565217	1795.0	11.01086956521739	1637.0	6.695652173913043	149.0	-0.22338830584707645	0.2623688155922039	534.0	20644.53125	-0.800599700149925	175.0	30.2430638372025	33424.0	1644.0	-50.1219512195122	1290459.0	39381.683349609375	66.3109756097561	-2430.0	-2175.0	74.08536585365854	3704.029304029304	2528.0	-2076.0	4.966507177033493	1524.0	9.961722488038276	98.12312559544411	4785664.0	3.6459330143540667	-4164.0	
1231.0	5.0	1793.0	11.108695652173912	1636.0	6.706521739130435	143.0	-0.2143928035982009	0.2773613193403298	533.0	20654.296875	-0.7991004497751124	185.0	30.2430638372025	33424.0	1626.0	-49.57317073170732	1290779.0	39391.448974609375	63.68902439024391	-2423.0	-2089.0	73.8719512195122	3723.0769230769233	2541.0	-2064.0	4.937799043062201	1540.0	10.114832535885167	98.12312559544411	4785664.0	3.6842105263157894	-4228.0	
1228.0	5.010869565217392	1792.0	11.141304347826086	1644.0	6.619565217391304	145.0	-0.21739130434782608	0.2833583208395802	536.0	20664.0625	-0.8035982008995503	189.0	30.2430638372025	33424.0	1609.0	-49.054878048780495	1291099.0	39401.214599609375	60.1219512195122	-2412.0	-1972.0	73.53658536585367	3728.937728937729	2545.0	-2032.0	4.861244019138756	1580.0	10.133971291866029	98.12312559544411	4785664.0	3.7799043062200957	-4236.0	
1238.0	5.141304347826087	1780.0	11.032608695652174	1654.0	6.510869565217391	141.0	-0.21139430284857572	0.2833583208395802	533.0	20673.828125	-0.7991004497751124	189.0	30.2430638372025	33424.0	1598.0	-48.71951219512196	1291419.0	39410.980224609375	58.04878048780488	-2422.0	-1904.0	73.84146341463415	3695.2380952380954	2522.0	-1988.0	4.755980861244019	1604.0	10.038277511961722	98.12847382615342	4785136.0	3.8373205741626792	-4196.0	
1243.0	5.260869565217392	1769.0	10.978260869565217	1657.0	6.478260869565217	129.0	-0.1934032983508246	0.2983508245877061	526.0	20683.59375	-0.7886056971514243	199.0	30.2430638372025	33424.0	1536.0	-46.82926829268293	1291739.0	39420.745849609375	55.487804878048784	-2480.0	-1820.0	75.60975609756099	3730.4029304029305	2546.0	-1964.0	4.698564593301435	1652.0	9.952153110047847	98.12847382615342	4785136.0	3.952153110047847	-4160.0	
1263.0	5.33695652173913	1762.0	10.76086956521739	1653.0	6.521739130434782	133.0	-0.19940029985007496	0.3028485757121439	535.0	20693.359375	-0.8020989505247376	202.0	30.2430638372025	33424.0	1425.0	-43.44512195121952	1292059.0	39430.511474609375	52.53048780487806	-2567.0	-1723.0	78.26219512195122	3734.798534798535	2549.0	-1972.0	4.717703349282297	1684.0	9.770334928229664	98.12847382615342	4785136.0	4.028708133971292	-4084.0	
1276.0	5.467391304347826	1750.0	10.619565217391305	1653.0	6.521739130434782	130.0	-0.19490254872563717	0.3118440779610195	540.0	20703.125	-0.8095952023988006	208.0	30.2430638372025	33424.0	1318.0	-40.1829268292683	1292379.0	39440.277099609375	50.335365853658544	-2676.0	-1651.0	81.58536585365854	3727.4725274725274	2544.0	-2000.0	4.784688995215311	1712.0	9.598086124401913	98.12847382615342	4785136.0	4.095693779904306	-4012.0	
1292.0	5.456521739130435	1751.0	10.445652173913043	1653.0	6.521739130434782	128.0	-0.191904047976012	0.3058470764617691	539.0	20712.890625	-0.808095952023988	204.0	30.2430638372025	33424.0	1199.0	-36.55487804878049	1292699.0	39450.042724609375	48.8719512195122	-2789.0	-1603.0	85.03048780487805	3711.3553113553116	2533.0	-2000.0	4.784688995215311	1736.0	9.38755980861244	98.12847382615342	4785136.0	4.15311004784689	-3924.0	
1307.0	5.521739130434782	1745.0	10.282608695652174	1648.0	6.576086956521739	113.0	-0.16941529235382308	0.3238380809595202	532.0	20722.65625	-0.7976011994002998	216.0	30.2430638372025	33424.0	1034.0	-31.52439024390244	1293019.0	39459.808349609375	47.743902439024396	-2919.0	-1566.0	88.9939024390244	3733.3333333333335	2548.0	-2016.0	4.822966507177033	1728.0	9.291866028708133	98.12539454060119	4785440.0	4.133971291866029	-3884.0	
1303.0	5.456521739130435	1751.0	10.326086956521738	1655.0	6.5	111.0	-0.1664167916041979	0.32533733133433285	547.0	20732.421875	-0.8200899550224887	217.0	30.2430638372025	33424.0	892.0	-27.195121951219516	1293339.0	39469.573974609375	44.32926829268293	-3001.0	-1454.0	91.4939024390244	3739.194139194139	2552.0	-1980.0	4.7368421052631575	1712.0	9.23444976076555	98.12539454060119	4785440.0	4.095693779904306	-3860.0	
1300.0	5.4021739130434785	1756.0	10.358695652173912	1658.0	6.467391304347826	115.0	-0.17241379310344826	0.3313343328335832	544.0	20742.1875	-0.815592203898051	221.0	30.2430638372025	33424.0	802.0	-24.451219512195124	1293659.0	39479.339599609375	41.98170731707317	-3137.0	-1377.0	95.64024390243904	3726.007326007326	2543.0	-1976.0	4.7272727272727275	1720.0	9.177033492822966	98.12539454060119	4785440.0	4.114832535885167	-3836.0	
1305.0	5.532608695652174	1744.0	10.304347826086957	1669.0	6.3478260869565215	107.0	-0.16041979010494753	0.34182908545727136	535.0	20751.953125	-0.8020989505247376	228.0	30.2430638372025	33424.0	614.0	-18.719512195121954	1293979.0	39489.105224609375	43.75000000000001	-3422.0	-1435.0	104.32926829268294	3736.2637362637365	2550.0	-1948.0	4.660287081339713	1720.0	9.186602870813397	98.12539454060119	4785440.0	4.114832535885167	-3840.0	
1310.0	5.826086956521739	1717.0	10.25	1673.0	6.304347826086956	107.0	-0.16041979010494753	0.3448275862068965	542.0	20761.71875	-0.8125937031484257	230.0	30.2430638372025	33424.0	322.0	-9.817073170731708	1294299.0	39498.870849609375	45.54878048780488	-3858.0	-1494.0	117.62195121951221	3705.4945054945056	2529.0	-1928.0	4.6124401913875595	1852.0	9.157894736842104	98.12539454060119	4785440.0	4.430622009569378	-3828.0	
1300.0	5.782608695652174	1721.0	10.358695652173912	1664.0	6.4021739130434785	104.0	-0.15592203898050974	0.34632683658170915	542.0	20771.484375	-0.8125937031484257	231.0	30.2430638372025	33424.0	153.0	-4.664634146341464	1294619.0	39508.636474609375	43.04878048780488	-4219.0	-1412.0	128.62804878048783	3731.868131868132	2547.0	-1912.0	4.574162679425837	1908.0	9.215311004784688	98.1247462703752	4785504.0	4.564593301435407	-3852.0	
1302.0	5.467391304347826	1750.0	10.33695652173913	1668.0	6.358695652173913	91.0	-0.136431784107946	0.35082458770614694	545.0	20781.25	-0.8170914542728636	234.0	30.2430638372025	33424.0	133.0	-4.0548780487804885	1294939.0	39518.402099609375	38.47560975609756	-4428.0	-1262.0	135.0	3731.868131868132	2547.0	-1928.0	4.6124401913875595	1768.0	9.24401913875598	98.1247462703752	4785504.0	4.229665071770334	-3864.0	
1311.0	5.260869565217392	1769.0	10.239130434782608	1674.0	6.293478260869565	93.0	-0.1394302848575712	0.34782608695652173	546.0	20791.015625	-0.8185907046476761	232.0	30.2430638372025	33424.0	-60.0	1.829268292682927	1295259.0	39528.167724609375	35.03048780487805	-4530.0	-1149.0	138.109756097561	3734.798534798535	2549.0	-1900.0	4.545454545454545	1632.0	9.167464114832535	98.1247462703752	4785504.0	3.9043062200956937	-3832.0	
1292.0	5.195652173913043	1775.0	10.445652173913043	1685.0	6.173913043478261	89.0	-0.13343328335832083	0.3538230884557721	545.0	20800.78125	-0.8170914542728636	236.0	30.2430638372025	33424.0	-232.0	7.073170731707318	1295579.0	39537.933349609375	33.8719512195122	-4625.0	-1111.0	141.00609756097563	3712.820512820513	2534.0	-1860.0	4.449760765550239	1588.0	9.224880382775119	98.1247462703752	4785504.0	3.799043062200957	-3856.0	
1268.0	5.315217391304348	1764.0	10.706521739130434	1684.0	6.184782608695652	85.0	-0.12743628185907047	0.3658170914542728	539.0	20810.546875	-0.808095952023988	244.0	30.2430638372025	33424.0	-308.0	9.390243902439025	1295899.0	39547.698974609375	31.52439024390244	-4764.0	-1034.0	145.2439024390244	3727.4725274725274	2544.0	-1820.0	4.354066985645932	1660.0	9.559808612440191	98.1247462703752	4785504.0	3.9712918660287078	-3996.0	
1229.0	5.391304347826087	1757.0	11.130434782608695	1683.0	6.195652173913043	81.0	-0.12143928035982009	0.36881559220389803	558.0	20820.3125	-0.8365817091454273	246.0	30.2430638372025	33424.0	-366.0	11.158536585365855	1296219.0	39557.464599609375	28.170731707317074	-5003.0	-924.0	152.53048780487805	3727.4725274725274	2544.0	-1852.0	4.430622009569378	1744.0	10.076555023923445	98.12442213531654	4785536.0	4.172248803827751	-4212.0	
1205.0	5.478260869565217	1749.0	11.391304347826086	1670.0	6.33695652173913	79.0	-0.1184407796101949	0.3658170914542728	552.0	20830.078125	-0.8275862068965517	244.0	30.2430638372025	33424.0	-502.0	15.30487804878049	1296539.0	39567.230224609375	19.939024390243905	-5252.0	-654.0	160.1219512195122	3739.194139194139	2552.0	-1908.0	4.564593301435407	1756.0	10.401913875598085	98.12442213531654	4785536.0	4.200956937799043	-4348.0	
1206.0	5.293478260869565	1766.0	11.380434782608695	1668.0	6.358695652173913	74.0	-0.11094452773613193	0.37181409295352325	548.0	20839.84375	-0.8215892053973013	248.0	30.2430638372025	33424.0	-640.0	19.512195121951223	1296859.0	39576.995849609375	12.378048780487806	-5404.0	-406.0	164.75609756097563	3714.285714285714	2535.0	-1940.0	4.641148325358851	1668.0	10.411483253588516	98.12442213531654	4785536.0	3.990430622009569	-4352.0	
1227.0	4.945652173913043	1798.0	11.152173913043478	1671.0	6.326086956521739	68.0	-0.10194902548725637	0.3613193403298351	549.0	20849.609375	-0.8230884557721139	241.0	30.2430638372025	33424.0	-743.0	22.652439024390247	1297179.0	39586.761474609375	5.5182926829268295	-5408.0	-181.0	164.87804878048783	3720.1465201465203	2539.0	-1896.0	4.535885167464115	1504.0	10.105263157894736	98.12442213531654	4785536.0	3.5980861244019136	-4224.0	
1260.0	4.543478260869565	1835.0	10.793478260869565	1675.0	6.282608695652174	67.0	-0.10044977511244378	0.3778110944527736	550.0	20859.375	-0.8245877061469266	252.0	30.2430638372025	33424.0	-806.0	24.573170731707318	1297499.0	39596.527099609375	-6.067073170731708	-5321.0	199.0	162.22560975609758	3746.5201465201467	2557.0	-1816.0	4.344497607655502	1332.0	9.741626794258373	98.12442213531654	4785536.0	3.186602870813397	-4072.0	
1278.0	4.326086956521739	1855.0	10.597826086956522	1719.0	5.804347826086956	65.0	-0.09745127436281859	0.38080959520239877	551.0	20869.140625	-0.8260869565217391	254.0	30.2430638372025	33424.0	-902.0	27.500000000000004	1297819.0	39606.292724609375	-7.621951219512196	-5225.0	250.0	159.2987804878049	3717.2161172161173	2537.0	-1696.0	4.057416267942584	1216.0	9.54066985645933	98.12247732572526	4785728.0	2.909090909090909	-3988.0	
1265.0	4.032608695652174	1882.0	10.739130434782608	1738.0	5.5978260869565215	62.0	-0.09295352323838081	0.3733133433283358	555.0	20878.90625	-0.8320839580209894	249.0	30.2430638372025	33424.0	-946.0	28.84146341463415	1298139.0	39616.058349609375	-8.99390243902439	-4877.0	295.0	148.68902439024393	3731.868131868132	2547.0	-1580.0	3.7799043062200957	1076.0	9.741626794258373	98.12247732572526	4785728.0	2.574162679425837	-4072.0	
1254.0	3.6630434782608696	1916.0	10.858695652173912	1765.0	5.304347826086956	56.0	-0.08395802098950525	0.37631184407796103	553.0	20888.671875	-0.8290854572713643	251.0	30.2430638372025	33424.0	-858.0	26.158536585365855	1298459.0	39625.823974609375	-24.115853658536587	-4318.0	791.0	131.64634146341464	3736.2637362637365	2550.0	-1436.0	3.4354066985645932	896.0	9.82775119617225	98.12247732572526	4785728.0	2.1435406698564594	-4108.0	
1250.0	3.4891304347826084	1932.0	10.902173913043478	1774.0	5.206521739130435	60.0	-0.08995502248875561	0.3823088455772114	560.0	20898.4375	-0.8395802098950524	255.0	30.2430638372025	33424.0	-970.0	29.573170731707318	1298779.0	39635.589599609375	-29.420731707317074	-3861.0	965.0	117.71341463414635	3727.4725274725274	2544.0	-1408.0	3.3684210526315788	796.0	9.82775119617225	98.12247732572526	4785728.0	1.9043062200956937	-4108.0	
1250.0	3.391304347826087	1941.0	10.902173913043478	1784.0	5.0978260869565215	55.0	-0.08245877061469264	0.383808095952024	558.0	20908.203125	-0.8365817091454273	256.0	30.2430638372025	33424.0	-1139.0	34.72560975609756	1299099.0	39645.355224609375	-38.41463414634147	-3287.0	1260.0	100.21341463414635	3715.7509157509157	2536.0	-1396.0	3.339712918660287	780.0	9.818181818181818	98.12247732572526	4785728.0	1.8660287081339713	-4104.0	
1258.0	3.25	1954.0	10.815217391304348	1799.0	4.934782608695652	55.0	-0.08245877061469264	0.3748125937031484	557.0	20917.96875	-0.8350824587706147	250.0	30.2430638372025	33424.0	-1129.0	34.420731707317074	1299419.0	39655.120849609375	-43.201219512195124	-2720.0	1417.0	82.92682926829269	3708.4249084249086	2531.0	-1340.0	3.2057416267942584	740.0	9.866028708133971	98.12215319092017	4785760.0	1.770334928229665	-4124.0	
1267.0	3.184782608695652	1960.0	10.717391304347826	1816.0	4.75	54.0	-0.08095952023988005	0.3823088455772114	558.0	20927.734375	-0.8365817091454273	255.0	30.2430638372025	33424.0	-1186.0	36.15853658536586	1299739.0	39664.886474609375	-48.201219512195124	-2081.0	1581.0	63.44512195121952	3746.5201465201467	2557.0	-1248.0	2.985645933014354	700.0	9.703349282296651	98.12215319092017	4785760.0	1.6746411483253587	-4056.0	
1278.0	3.2065217391304346	1958.0	10.597826086956522	1840.0	4.489130434782608	60.0	-0.08995502248875561	0.383808095952024	560.0	20937.5	-0.8395802098950524	256.0	30.2430638372025	33424.0	-1281.0	39.054878048780495	1300059.0	39674.652099609375	-54.146341463414636	-1492.0	1776.0	45.487804878048784	3733.3333333333335	2548.0	-1124.0	2.688995215311005	660.0	9.559808612440191	98.12215319092017	4785760.0	1.5789473684210527	-3996.0	
1306.0	3.402173913043478	1940.0	10.293478260869565	1856.0	4.315217391304348	60.0	-0.08995502248875561	0.3778110944527736	556.0	20947.265625	-0.833583208395802	252.0	30.2430638372025	33424.0	-1392.0	42.43902439024391	1300379.0	39684.417724609375	-56.951219512195124	-952.0	1868.0	29.02439024390244	3733.3333333333335	2548.0	-1036.0	2.478468899521531	752.0	9.272727272727272	98.12215319092017	4785760.0	1.7990430622009568	-3876.0	
1331.0	3.717391304347826	1911.0	10.021739130434783	1864.0	4.228260869565217	63.0	-0.0944527736131934	0.37631184407796103	556.0	20957.03125	-0.833583208395802	251.0	30.2430638372025	33424.0	-1458.0	44.451219512195124	1300699.0	39694.183349609375	-57.53048780487806	-586.0	1887.0	17.865853658536587	3728.937728937729	2545.0	-1012.0	2.4210526315789473	888.0	9.014354066985646	98.12215319092017	4785760.0	2.124401913875598	-3768.0	
1340.0	4.010869565217392	1884.0	9.92391304347826	1865.0	4.217391304347826	64.0	-0.095952023988006	0.36881559220389803	554.0	20966.796875	-0.8305847076461769	246.0	30.2430638372025	33424.0	-1501.0	45.76219512195122	1301019.0	39703.948974609375	-56.79878048780488	-345.0	1863.0	10.51829268292683	3726.007326007326	2543.0	-980.0	2.3444976076555024	1040.0	8.803827751196172	98.1218290561513	4785792.0	2.488038277511962	-3680.0	
1340.0	4.206521739130435	1866.0	9.92391304347826	1879.0	4.065217391304348	70.0	-0.10494752623688156	0.3613193403298351	557.0	20976.5625	-0.8350824587706147	241.0	30.2430638372025	33424.0	-1516.0	46.21951219512196	1301339.0	39713.714599609375	-53.41463414634147	-250.0	1752.0	7.621951219512196	3726.007326007326	2543.0	-956.0	2.2870813397129184	1172.0	8.76555023923445	98.1218290561513	4785792.0	2.803827751196172	-3664.0	
1329.0	4.489130434782608	1840.0	10.043478260869565	1887.0	3.9782608695652173	70.0	-0.10494752623688156	0.35532233883058467	559.0	20986.328125	-0.8380809595202399	237.0	30.2430638372025	33424.0	-1537.0	46.85975609756098	1301659.0	39723.480224609375	-49.32926829268293	-225.0	1618.0	6.859756097560976	3698.1684981684984	2524.0	-912.0	2.1818181818181817	1288.0	8.92822966507177	98.1218290561513	4785792.0	3.0813397129186604	-3732.0	
1298.0	4.706521739130435	1820.0	10.380434782608695	1897.0	3.869565217391304	71.0	-0.10644677661169415	0.3568215892053973	553.0	20996.09375	-0.8290854572713643	238.0	30.2430638372025	33424.0	-1553.0	47.34756097560976	1301979.0	39733.245849609375	-46.768292682926834	-226.0	1534.0	6.890243902439025	3726.007326007326	2543.0	-848.0	2.028708133971292	1376.0	9.253588516746412	98.1218290561513	4785792.0	3.291866028708134	-3868.0	
1280.0	4.826086956521739	1809.0	10.576086956521738	1903.0	3.8043478260869565	74.0	-0.11094452773613193	0.3613193403298351	564.0	21005.859375	-0.8455772113943029	241.0	30.2430638372025	33424.0	-1583.0	48.26219512195122	1302299.0	39743.011474609375	-45.0609756097561	-255.0	1478.0	7.77439024390244	3730.4029304029305	2546.0	-792.0	1.894736842105263	1444.0	9.55023923444976	98.1218290561513	4785792.0	3.4545454545454546	-3992.0	
1260.0	5.032608695652174	1790.0	10.793478260869565	1922.0	3.5978260869565215	77.0	-0.11544227886056971	0.34332833583208394	559.0	21015.625	-0.8380809595202399	229.0	30.2430638372025	33424.0	-1616.0	49.268292682926834	1302619.0	39752.777099609375	-43.56707317073171	-347.0	1429.0	10.579268292682928	3742.124542124542	2554.0	-720.0	1.7224880382775118	1528.0	9.770334928229664	98.12280146056658	4785696.0	3.6555023923444976	-4084.0	
1243.0	5.1521739130434785	1779.0	10.978260869565217	1930.0	3.510869565217391	76.0	-0.11394302848575712	0.3493253373313343	558.0	21025.390625	-0.8365817091454273	233.0	30.2430638372025	33424.0	-1629.0	49.66463414634147	1302939.0	39762.542724609375	-42.6829268292683	-514.0	1400.0	15.670731707317074	3715.7509157509157	2536.0	-676.0	1.6172248803827751	1608.0	9.923444976076555	98.12280146056658	4785696.0	3.8468899521531097	-4148.0	
1238.0	5.4021739130434785	1756.0	11.032608695652174	1943.0	3.369565217391304	75.0	-0.11244377811094453	0.3403298350824588	557.0	21035.15625	-0.8350824587706147	227.0	30.2430638372025	33424.0	-1656.0	50.487804878048784	1303259.0	39772.308349609375	-41.920731707317074	-713.0	1375.0	21.73780487804878	3728.937728937729	2545.0	-620.0	1.4832535885167464	1708.0	10.028708133971291	98.12280146056658	4785696.0	4.086124401913875	-4192.0	
1233.0	5.565217391304348	1741.0	11.08695652173913	1963.0	3.152173913043478	84.0	-0.12593703148425786	0.34332833583208394	562.0	21044.921875	-0.8425787106446776	229.0	30.2430638372025	33424.0	-1636.0	49.87804878048781	1303579.0	39782.073974609375	-39.054878048780495	-922.0	1281.0	28.10975609756098	3727.4725274725274	2544.0	-512.0	1.2248803827751196	1788.0	10.076555023923445	98.12280146056658	4785696.0	4.277511961722488	-4212.0	
1221.0	5.717391304347826	1727.0	11.217391304347826	1984.0	2.9239130434782608	79.0	-0.1184407796101949	0.33433283358320837	555.0	21054.6875	-0.8320839580209894	223.0	30.2430638372025	33424.0	-1575.0	48.018292682926834	1303899.0	39791.839599609375	-35.57926829268293	-1159.0	1167.0	35.33536585365854	3737.7289377289376	2551.0	-468.0	1.1196172248803826	1828.0	10.133971291866029	98.12280146056658	4785696.0	4.373205741626794	-4236.0	
1207.0	5.9021739130434785	1710.0	11.369565217391305	2004.0	2.7065217391304346	86.0	-0.12893553223388304	0.32533733133433285	555.0	21064.453125	-0.8320839580209894	217.0	30.2430638372025	33424.0	-1550.0	47.25609756097561	1304219.0	39801.605224609375	-33.38414634146342	-1427.0	1095.0	43.50609756097561	3715.7509157509157	2536.0	-380.0	0.9090909090909091	1896.0	10.267942583732056	98.1219911235312	4785776.0	4.535885167464115	-4292.0	
1197.0	5.891304347826087	1711.0	11.478260869565217	2007.0	2.6739130434782608	85.0	-0.12743628185907047	0.3313343328335832	562.0	21074.21875	-0.8425787106446776	221.0	30.2430638372025	33424.0	-1509.0	46.00609756097561	1304539.0	39811.370849609375	-32.34756097560976	-1735.0	1061.0	52.896341463414636	3715.7509157509157	2536.0	-316.0	0.7559808612440191	1960.0	10.497607655502392	98.1219911235312	4785776.0	4.688995215311005	-4388.0	
1197.0	6.010869565217392	1700.0	11.478260869565217	2012.0	2.619565217391304	89.0	-0.13343328335832083	0.3268365817091454	567.0	21083.984375	-0.8500749625187406	218.0	30.2430638372025	33424.0	-1466.0	44.69512195121952	1304859.0	39821.136474609375	-31.371951219512198	-2059.0	1029.0	62.774390243902445	3747.985347985348	2558.0	-288.0	0.6889952153110047	1976.0	10.516746411483254	98.1219911235312	4785776.0	4.7272727272727275	-4396.0	
1202.0	5.967391304347826	1704.0	11.42391304347826	2011.0	2.630434782608696	86.0	-0.12893553223388304	0.3238380809595202	565.0	21093.75	-0.8470764617691154	216.0	30.2430638372025	33424.0	-1431.0	43.62804878048781	1305179.0	39830.902099609375	-30.30487804878049	-2370.0	994.0	72.25609756097562	3745.054945054945	2556.0	-264.0	0.631578947368421	1968.0	10.4688995215311	98.1219911235312	4785776.0	4.708133971291866	-4376.0	
1222.0	5.891304347826087	1711.0	11.206521739130434	2024.0	2.4891304347826084	94.0	-0.1409295352323838	0.3193403298350824	566.0	21103.515625	-0.848575712143928	213.0	30.2430638372025	33424.0	-1406.0	42.86585365853659	1305499.0	39840.667724609375	-29.207317073170735	-2638.0	958.0	80.42682926829269	3736.2637362637365	2550.0	-220.0	0.5263157894736842	1944.0	10.248803827751196	98.1219911235312	4785776.0	4.650717703349282	-4284.0	
1228.0	5.739130434782608	1725.0	11.141304347826086	2035.0	2.369565217391304	91.0	-0.136431784107946	0.31634182908545727	564.0	21113.28125	-0.8455772113943029	211.0	30.2430638372025	33424.0	-1401.0	42.713414634146346	1305819.0	39850.433349609375	-27.500000000000004	-2894.0	902.0	88.23170731707317	3714.285714285714	2535.0	-196.0	0.4688995215311005	1844.0	10.086124401913874	98.1210187193876	4785872.0	4.411483253588517	-4216.0	
1238.0	5.532608695652174	1744.0	11.032608695652174	2042.0	2.293478260869565	94.0	-0.1409295352323838	0.32533733133433285	562.0	21123.046875	-0.8425787106446776	217.0	30.2430638372025	33424.0	-1408.0	42.926829268292686	1306139.0	39860.198974609375	-25.000000000000004	-3079.0	820.0	93.8719512195122	3720.1465201465203	2539.0	-140.0	0.33492822966507174	1800.0	10.028708133971291	98.1210187193876	4785872.0	4.30622009569378	-4192.0	
1229.0	5.33695652173913	1762.0	11.130434782608695	2050.0	2.2065217391304346	91.0	-0.136431784107946	0.32233883058470764	562.0	21132.8125	-0.8425787106446776	215.0	30.2430638372025	33424.0	-1384.0	42.19512195121952	1306459.0	39869.964599609375	-23.50609756097561	-3245.0	771.0	98.9329268292683	3724.542124542125	2542.0	-120.0	0.28708133971291866	1696.0	10.105263157894736	98.1210187193876	4785872.0	4.057416267942584	-4224.0	
1221.0	5.1521739130434785	1779.0	11.217391304347826	2059.0	2.108695652173913	95.0	-0.1424287856071964	0.3268365817091454	567.0	21142.578125	-0.8500749625187406	218.0	30.2430638372025	33424.0	-1352.0	41.21951219512196	1306779.0	39879.730224609375	-23.10975609756098	-3310.0	758.0	100.91463414634147	3699.6336996337	2525.0	-56.0	0.1339712918660287	1592.0	10.220095693779903	98.1210187193876	4785872.0	3.8086124401913874	-4272.0	
1219.0	5.010869565217392	1792.0	11.239130434782608	2061.0	2.0869565217391304	91.0	-0.136431784107946	0.31784107946026985	565.0	21152.34375	-0.8470764617691154	212.0	30.2430638372025	33424.0	-1319.0	40.213414634146346	1307099.0	39889.495849609375	-24.115853658536587	-3299.0	791.0	100.57926829268294	3723.0769230769233	2541.0	-56.0	0.1339712918660287	1516.0	10.229665071770334	98.1210187193876	4785872.0	3.626794258373206	-4276.0	
1240.0	4.891304347826087	1803.0	11.01086956521739	2057.0	2.130434782608696	95.0	-0.1424287856071964	0.3298350824587706	561.0	21162.109375	-0.841079460269865	220.0	30.2430638372025	33424.0	-1308.0	39.87804878048781	1307419.0	39899.261474609375	-24.695121951219516	-3245.0	810.0	98.9329268292683	3743.5897435897436	2555.0	-40.0	0.09569377990430622	1480.0	10.038277511961722	98.12118078672223	4785856.0	3.54066985645933	-4196.0	
1262.0	4.891304347826087	1803.0	10.771739130434783	2072.0	1.967391304347826	96.0	-0.14392803598200898	0.32083958020989506	562.0	21171.875	-0.8425787106446776	214.0	30.2430638372025	33424.0	-1286.0	39.207317073170735	1307739.0	39909.027099609375	-24.603658536585368	-3094.0	807.0	94.32926829268294	3740.6593406593406	2553.0	8.0	-0.019138755980861243	1448.0	9.789473684210526	98.12118078672223	4785856.0	3.464114832535885	-4092.0	
1283.0	4.913043478260869	1801.0	10.543478260869565	2091.0	1.7608695652173914	91.0	-0.136431784107946	0.31784107946026985	558.0	21181.640625	-0.8365817091454273	212.0	30.2430638372025	33424.0	-1261.0	38.44512195121951	1308059.0	39918.792724609375	-22.98780487804878	-2906.0	754.0	88.59756097560977	3702.5641025641025	2527.0	64.0	-0.15311004784688995	1464.0	9.55023923444976	98.12118078672223	4785856.0	3.5023923444976077	-3992.0	
1286.0	4.913043478260869	1801.0	10.51086956521739	2097.0	1.6956521739130435	93.0	-0.1394302848575712	0.3238380809595202	560.0	21191.40625	-0.8395802098950524	216.0	30.2430638372025	33424.0	-1237.0	37.713414634146346	1308379.0	39928.558349609375	-21.03658536585366	-2720.0	690.0	82.92682926829269	3737.7289377289376	2551.0	132.0	-0.3157894736842105	1476.0	9.416267942583731	98.12118078672223	4785856.0	3.5311004784688995	-3936.0	
1286.0	5.043478260869565	1789.0	10.51086956521739	2102.0	1.641304347826087	90.0	-0.13493253373313344	0.32083958020989506	561.0	21201.171875	-0.841079460269865	214.0	30.2430638372025	33424.0	-1210.0	36.890243902439025	1308699.0	39938.323974609375	-19.390243902439025	-2530.0	636.0	77.13414634146342	3728.937728937729	2545.0	152.0	-0.36363636363636365	1536.0	9.425837320574162	98.12118078672223	4785856.0	3.6746411483253585	-3940.0	
1276.0	5.163043478260869	1778.0	10.619565217391305	2106.0	1.5978260869565217	97.0	-0.1454272863568216	0.32533733133433285	561.0	21210.9375	-0.841079460269865	217.0	30.2430638372025	33424.0	-1166.0	35.54878048780488	1309019.0	39948.089599609375	-17.53048780487805	-2356.0	575.0	71.82926829268294	3727.4725274725274	2544.0	160.0	-0.3827751196172249	1564.0	9.464114832535884	98.12215319092017	4785760.0	3.741626794258373	-3956.0	
1274.0	5.3478260869565215	1761.0	10.641304347826086	2108.0	1.576086956521739	92.0	-0.13793103448275862	0.32533733133433285	560.0	21220.703125	-0.8395802098950524	217.0	30.2430638372025	33424.0	-1112.0	33.90243902439025	1309339.0	39957.855224609375	-16.158536585365855	-2170.0	530.0	66.15853658536587	3708.4249084249086	2531.0	176.0	-0.42105263157894735	1636.0	9.55023923444976	98.12215319092017	4785760.0	3.913875598086124	-3992.0	
1270.0	5.326086956521739	1763.0	10.684782608695652	2104.0	1.6195652173913042	94.0	-0.1409295352323838	0.3313343328335832	564.0	21230.46875	-0.8455772113943029	221.0	30.2430638372025	33424.0	-1064.0	32.43902439024391	1309659.0	39967.620849609375	-14.390243902439027	-1975.0	472.0	60.213414634146346	3704.029304029304	2528.0	152.0	-0.36363636363636365	1668.0	9.636363636363637	98.12215319092017	4785760.0	3.990430622009569	-4028.0	
1265.0	5.413043478260869	1755.0	10.739130434782608	2101.0	1.6521739130434783	98.0	-0.14692653673163417	0.3298350824587706	568.0	21240.234375	-0.8515742128935532	220.0	30.2430638372025	33424.0	-1030.0	31.402439024390247	1309979.0	39977.386474609375	-12.469512195121952	-1762.0	409.0	53.71951219512196	3747.985347985348	2558.0	156.0	-0.37320574162679426	1692.0	9.655502392344497	98.12215319092017	4785760.0	4.047846889952153	-4036.0	
1260.0	5.467391304347826	1750.0	10.793478260869565	2103.0	1.6304347826086956	99.0	-0.14842578710644677	0.3268365817091454	566.0	21250.0	-0.848575712143928	218.0	30.2430638372025	33424.0	-1081.0	32.957317073170735	1310299.0	39987.152099609375	-11.158536585365855	-1563.0	366.0	47.65243902439025	3695.2380952380954	2522.0	148.0	-0.354066985645933	1712.0	9.732057416267942	98.12215319092017	4785760.0	4.095693779904306	-4068.0	
1253.0	5.706521739130435	1728.0	10.869565217391305	2094.0	1.7282608695652173	100.0	-0.14992503748125938	0.3193403298350824	564.0	21259.765625	-0.8455772113943029	213.0	30.2430638372025	33424.0	-1174.0	35.79268292682927	1310619.0	39996.917724609375	-9.756097560975611	-1402.0	320.0	42.743902439024396	3734.798534798535	2549.0	136.0	-0.3253588516746411	1816.0	9.85645933014354	98.12150492141866	4785824.0	4.344497607655502	-4120.0	
1247.0	6.054347826086956	1696.0	10.934782608695652	2100.0	1.6630434782608696	99.0	-0.14842578710644677	0.3238380809595202	557.0	21269.53125	-0.8350824587706147	216.0	30.2430638372025	33424.0	-1143.0	34.84756097560976	1310939.0	40006.683349609375	-7.408536585365854	-1317.0	243.0	40.15243902439025	3706.959706959707	2530.0	120.0	-0.28708133971291866	1948.0	9.952153110047847	98.12150492141866	4785824.0	4.660287081339713	-4160.0	
1230.0	6.228260869565217	1680.0	11.119565217391305	2091.0	1.7608695652173914	95.0	-0.1424287856071964	0.31784107946026985	568.0	21279.296875	-0.8515742128935532	212.0	30.2430638372025	33424.0	-1162.0	35.426829268292686	1311259.0	40016.448974609375	-5.335365853658537	-1331.0	175.0	40.57926829268293	3699.6336996337	2525.0	132.0	-0.3157894736842105	2068.0	10.095693779904305	98.12150492141866	4785824.0	4.947368421052631	-4220.0	
1221.0	6.391304347826087	1665.0	11.217391304347826	2106.0	1.5978260869565217	91.0	-0.136431784107946	0.3148425787106447	574.0	21289.0625	-0.8605697151424287	210.0	30.2430638372025	33424.0	-1244.0	37.926829268292686	1311579.0	40026.214599609375	-2.5000000000000004	-1370.0	82.0	41.768292682926834	3718.6813186813188	2538.0	152.0	-0.36363636363636365	2112.0	10.210526315789473	98.12150492141866	4785824.0	5.052631578947368	-4268.0	
1210.0	6.369565217391304	1667.0	11.33695652173913	2101.0	1.6521739130434783	97.0	-0.1454272863568216	0.3193403298350824	568.0	21298.828125	-0.8515742128935532	213.0	30.2430638372025	33424.0	-1350.0	41.15853658536586	1311899.0	40035.980224609375	0.2134146341463415	-1377.0	-7.0	41.98170731707317	3731.868131868132	2547.0	156.0	-0.37320574162679426	2108.0	10.325358851674642	98.12150492141866	4785824.0	5.043062200956937	-4316.0	
1197.0	6.315217391304348	1672.0	11.478260869565217	2108.0	1.576086956521739	94.0	-0.1409295352323838	0.32083958020989506	566.0	21308.59375	-0.848575712143928	214.0	30.2430638372025	33424.0	-1498.0	45.670731707317074	1312219.0	40045.745849609375	2.5000000000000004	-1337.0	-82.0	40.76219512195122	3718.6813186813188	2538.0	160.0	-0.3827751196172249	2088.0	10.459330143540669	98.12004631557002	4785968.0	4.9952153110047846	-4372.0	
1191.0	6.33695652173913	1670.0	11.543478260869565	2102.0	1.641304347826087	93.0	-0.1394302848575712	0.32083958020989506	569.0	21318.359375	-0.8530734632683658	214.0	30.2430638372025	33424.0	-1701.0	51.85975609756098	1312539.0	40055.511474609375	4.969512195121951	-1248.0	-163.0	38.04878048780488	3721.611721611722	2540.0	144.0	-0.34449760765550236	2096.0	10.574162679425838	98.12004631557002	4785968.0	5.0143540669856455	-4420.0	
1190.0	6.456521739130435	1659.0	11.554347826086957	2093.0	1.7391304347826086	91.0	-0.136431784107946	0.3088455772113943	572.0	21328.125	-0.8575712143928036	206.0	30.2430638372025	33424.0	-1932.0	58.90243902439025	1312859.0	40065.277099609375	7.01219512195122	-1156.0	-230.0	35.243902439024396	3745.054945054945	2556.0	112.0	-0.2679425837320574	2108.0	10.593301435406698	98.12004631557002	4785968.0	5.043062200956937	-4428.0	
1194.0	6.434782608695652	1661.0	11.51086956521739	2095.0	1.717391304347826	91.0	-0.136431784107946	0.3118440779610195	574.0	21337.890625	-0.8605697151424287	208.0	30.2430638372025	33424.0	-2189.0	66.73780487804879	1313179.0	40075.042724609375	9.725609756097562	-1102.0	-319.0	33.59756097560976	3705.4945054945056	2529.0	72.0	-0.17224880382775118	2124.0	10.574162679425838	98.12004631557002	4785968.0	5.08133971291866	-4420.0	
1185.0	6.434782608695652	1661.0	11.608695652173912	2084.0	1.8369565217391304	97.0	-0.1454272863568216	0.3073463268365817	576.0	21347.65625	-0.8635682158920539	205.0	30.2430638372025	33424.0	-2439.0	74.35975609756099	1313499.0	40084.808349609375	13.414634146341465	-1092.0	-440.0	33.29268292682927	3740.6593406593406	2553.0	72.0	-0.17224880382775118	2128.0	10.679425837320574	98.12004631557002	4785968.0	5.090909090909091	-4464.0	
1174.0	6.413043478260869	1663.0	11.728260869565217	2084.0	1.8369565217391304	90.0	-0.13493253373313344	0.3193403298350824	571.0	21357.421875	-0.856071964017991	213.0	30.2430638372025	33424.0	-2691.0	82.04268292682927	1313819.0	40094.573974609375	17.103658536585368	-1112.0	-561.0	33.90243902439025	3727.4725274725274	2544.0	52.0	-0.12440191387559808	2128.0	10.822966507177034	98.1176153074524	4786208.0	5.090909090909091	-4524.0	
1160.0	6.315217391304348	1672.0	11.880434782608695	2082.0	1.858695652173913	93.0	-0.1394302848575712	0.30134932533733133	570.0	21367.1875	-0.8545727136431783	201.0	30.2430638372025	33424.0	-2942.0	89.69512195121952	1314139.0	40104.339599609375	20.365853658536587	-1140.0	-668.0	34.75609756097561	3721.611721611722	2540.0	48.0	-0.11483253588516745	2100.0	10.880382775119617	98.1176153074524	4786208.0	5.023923444976076	-4548.0	
1158.0	6.260869565217391	1677.0	11.902173913043478	2085.0	1.826086956521739	93.0	-0.1394302848575712	0.30134932533733133	570.0	21376.953125	-0.8545727136431783	201.0	30.2430638372025	33424.0	-3219.0	98.14024390243904	1314459.0	40114.105224609375	23.353658536585368	-1156.0	-766.0	35.243902439024396	3721.611721611722	2540.0	44.0	-0.10526315789473684	2048.0	11.004784688995215	98.1176153074524	4786208.0	4.899521531100478	-4600.0	
1162.0	5.978260869565217	1703.0	11.858695652173912	2077.0	1.9130434782608696	90.0	-0.13493253373313344	0.2893553223388306	575.0	21386.71875	-0.8620689655172413	193.0	30.2430638372025	33424.0	-3493.0	106.4939024390244	1314779.0	40123.870849609375	26.52439024390244	-1170.0	-870.0	35.670731707317074	3717.2161172161173	2537.0	12.0	-0.028708133971291863	1972.0	10.966507177033492	98.1176153074524	4786208.0	4.717703349282297	-4584.0	
1169.0	5.869565217391304	1713.0	11.782608695652174	2078.0	1.9021739130434783	90.0	-0.13493253373313344	0.2893553223388306	575.0	21396.484375	-0.8620689655172413	193.0	30.2430638372025	33424.0	-3743.0	114.1158536585366	1315099.0	40133.636474609375	30.426829268292686	-1207.0	-998.0	36.79878048780488	3728.937728937729	2545.0	20.0	-0.04784688995215311	1876.0	10.813397129186603	98.1176153074524	4786208.0	4.488038277511961	-4520.0	
