Shimmer_B055	Shimmer_B055	Shimmer_B055	Shimmer_B055	Shimmer_B055	Shimmer_B055	Shimmer_B055	Shimmer_B055	Shimmer_B055	Shimmer_B055	Shimmer_B055	Shimmer_B055	Shimmer_B055	Shimmer_B055	Shimmer_B055	Shimmer_B055	Shimmer_B055	Shimmer_B055	Shimmer_B055	Shimmer_B055	Shimmer_B055	Shimmer_B055	Shimmer_B055	Shimmer_B055	Shimmer_B055	Shimmer_B055	Shimmer_B055	Shimmer_B055	Shimmer_B055	Shimmer_B055	Shimmer_B055	Shimmer_B055	Shimmer_B055	
Accel_LN_X	Accel_LN_X	Accel_LN_Y	Accel_LN_Y	Accel_LN_Z	Accel_LN_Z	Mag_Z	Mag_Z	Mag_X	Mag_X	System_Timestamp_Plot_Zeroed	Mag_Y	Mag_Y	Temperature_BMP280	Temperature_BMP280	Gyro_Z	Gyro_Z	Timestamp	Timestamp	Gyro_X	Gyro_X	Gyro_Y	Gyro_Y	Battery	Battery	Accel_WR_Z	Accel_WR_Z	Accel_WR_Y	Accel_WR_Y	Pressure_BMP280	Pressure_BMP280	Accel_WR_X	Accel_WR_X	
UNCAL	CAL	UNCAL	CAL	CAL	UNCAL	UNCAL	CAL	CAL	UNCAL	CAL	CAL	UNCAL	CAL	UNCAL	CAL	UNCAL	UNCAL	CAL	UNCAL	CAL	UNCAL	CAL	UNCAL	CAL	UNCAL	CAL	CAL	UNCAL	UNCAL	CAL	CAL	UNCAL	
no_units	m/(s^2)	no_units	m/(s^2)	m/(s^2)	no_units	no_units	local_flux	local_flux	no_units	ms	local_flux	no_units	Degrees Celsius	no_units	deg/s	no_units	Ticks	ms	no_units	deg/s	no_units	deg/s	no_units	mV	no_units	m/(s^2)	m/(s^2)	no_units	no_units	kPa	m/(s^2)	no_units	
2794.0	7.956521739130435	1521.0	-5.880434782608695	2.043478260869565	2065.0	-114.0	0.17091454272863568	0.034482758620689655	-12.0	9.765625	0.017991004497751123	23.0	26.982159406418212	32768.0	167.5609756097561	-5496.0	6676582.0	203753.11279296875	-1995.0	10.000000000000002	-328.0	60.82317073170732	2659.0	3895.970695970696	64.0	-0.15311004784688995	-9.110047846889952	2796.0	0.0	146.19119890832485	6.688995215311005	3808.0	
2811.0	7.967391304347826	1520.0	-6.065217391304348	2.0760869565217392	2062.0	-108.0	0.1619190404797601	0.05847076461769115	-15.0	19.53125	0.022488755622188904	39.0	26.982159406418212	32768.0	169.32926829268294	-5554.0	6676902.0	203762.87841796875	-2148.0	4.634146341463415	-152.0	65.48780487804879	2659.0	3895.970695970696	24.0	-0.057416267942583726	-9.38755980861244	2780.0	4770320.0	97.72793737755843	6.650717703349282	3924.0	
2837.0	7.869565217391304	1529.0	-6.3478260869565215	2.0978260869565215	2060.0	-105.0	0.15742128935532235	0.07346326836581708	-24.0	29.296875	0.035982008995502246	49.0	26.982159406418212	32768.0	167.10365853658539	-5481.0	6677222.0	203772.64404296875	-2268.0	1.0365853658536586	-34.0	69.14634146341464	2650.0	3882.7838827838827	0.0	0.0	-9.732057416267942	2760.0	4770320.0	97.72793737755843	6.602870813397129	4068.0	
2845.0	7.695652173913043	1545.0	-6.434782608695652	2.25	2046.0	-106.0	0.15892053973013492	0.08245877061469264	-34.0	39.0625	0.050974512743628186	55.0	26.982159406418212	32768.0	166.9817073170732	-5477.0	6677542.0	203782.40966796875	-2448.0	-3.932926829268293	129.0	74.63414634146342	2641.0	3869.5970695970695	-52.0	0.12440191387559808	-9.904306220095693	2680.0	4770320.0	97.72793737755843	6.411483253588517	4140.0	
2860.0	7.5978260869565215	1554.0	-6.5978260869565215	2.4565217391304346	2027.0	-101.0	0.15142428785607195	0.0914542728635682	-35.0	48.828125	0.05247376311844078	61.0	26.982159406418212	32768.0	167.16463414634148	-5483.0	6677862.0	203792.17529296875	-2559.0	-9.390243902439025	308.0	78.01829268292684	2650.0	3882.7838827838827	-132.0	0.3157894736842105	-10.038277511961722	2628.0	4770320.0	97.72793737755843	6.287081339712919	4196.0	
2875.0	7.456521739130435	1567.0	-6.760869565217391	2.4891304347826084	2024.0	-101.0	0.15142428785607195	0.0914542728635682	-35.0	58.59375	0.05247376311844078	61.0	26.982159406418212	32768.0	166.76829268292684	-5470.0	6678182.0	203801.94091796875	-2585.0	-14.878048780487806	488.0	78.8109756097561	2640.0	3868.131868131868	-184.0	0.4401913875598086	-10.220095693779903	2584.0	4770320.0	97.72793737755843	6.181818181818182	4272.0	
2894.0	7.4021739130434785	1572.0	-6.967391304347826	2.5978260869565215	2014.0	-102.0	0.15292353823088456	0.10644677661169415	-41.0	68.359375	0.06146926536731634	71.0	26.982159406418212	32768.0	166.12804878048783	-5449.0	6678502.0	203811.70654296875	-2591.0	-19.75609756097561	648.0	78.9939024390244	2651.0	3884.2490842490843	-208.0	0.49760765550239233	-10.440191387559809	2540.0	4771584.0	97.71520156852331	6.0765550239234445	4364.0	
2909.0	7.260869565217391	1585.0	-7.130434782608695	2.5978260869565215	2014.0	-102.0	0.15292353823088456	0.10644677661169415	-41.0	78.125	0.06146926536731634	71.0	26.982159406418212	32768.0	165.00000000000003	-5412.0	6678822.0	203821.47216796875	-2568.0	-23.902439024390247	784.0	78.29268292682927	2623.0	3843.223443223443	-248.0	0.5933014354066986	-10.669856459330143	2496.0	4771584.0	97.71520156852331	5.971291866028708	4460.0	
2930.0	7.206521739130435	1590.0	-7.358695652173913	2.6630434782608696	2008.0	-105.0	0.15742128935532235	0.13043478260869565	-39.0	87.890625	0.05847076461769115	87.0	26.982159406418212	32768.0	162.71341463414635	-5337.0	6679142.0	203831.23779296875	-2499.0	-26.920731707317074	883.0	76.18902439024392	2654.0	3888.644688644689	-272.0	0.6507177033492823	-10.803827751196172	2452.0	4771584.0	97.71520156852331	5.866028708133971	4516.0	
2934.0	7.141304347826087	1596.0	-7.4021739130434785	2.641304347826087	2010.0	-110.0	0.1649175412293853	0.1409295352323838	-42.0	97.65625	0.06296851574212893	94.0	26.982159406418212	32768.0	160.09146341463415	-5251.0	6679462.0	203841.00341796875	-2436.0	-30.030487804878053	985.0	74.26829268292684	2649.0	3881.3186813186812	-268.0	0.6411483253588517	-10.976076555023923	2384.0	4771584.0	97.71520156852331	5.70334928229665	4588.0	
2938.0	6.956521739130435	1613.0	-7.445652173913043	2.6630434782608696	2008.0	-104.0	0.15592203898050974	0.15592203898050974	-40.0	107.421875	0.05997001499250375	104.0	26.982159406418212	32768.0	155.97560975609758	-5116.0	6679782.0	203850.76904296875	-2345.0	-32.34756097560976	1061.0	71.4939024390244	2631.0	3854.945054945055	-272.0	0.6507177033492823	-10.995215311004785	2356.0	4771584.0	97.71520156852331	5.636363636363636	4596.0	
2958.0	6.978260869565217	1611.0	-7.663043478260869	2.717391304347826	2003.0	-102.0	0.15292353823088456	0.1634182908545727	-53.0	117.1875	0.07946026986506746	109.0	26.982159406418212	32768.0	151.52439024390245	-4970.0	6680102.0	203860.53466796875	-2238.0	-34.57317073170732	1134.0	68.23170731707317	2651.0	3884.2490842490843	-280.0	0.6698564593301435	-11.052631578947368	2332.0	4772528.0	97.70569005142953	5.578947368421052	4620.0	
2945.0	6.83695652173913	1624.0	-7.521739130434782	2.6630434782608696	2008.0	-110.0	0.1649175412293853	0.17091454272863568	-55.0	126.953125	0.08245877061469264	114.0	26.982159406418212	32768.0	146.03658536585368	-4790.0	6680422.0	203870.30029296875	-2100.0	-35.60975609756098	1168.0	64.02439024390245	2647.0	3878.388278388278	-280.0	0.6698564593301435	-11.110047846889952	2312.0	4772528.0	97.70569005142953	5.5311004784688995	4644.0	
2935.0	6.760869565217391	1631.0	-7.413043478260869	2.684782608695652	2006.0	-107.0	0.16041979010494753	0.19040479760119938	-45.0	136.71875	0.06746626686656672	127.0	26.982159406418212	32768.0	143.26219512195124	-4699.0	6680742.0	203880.06591796875	-1992.0	-36.463414634146346	1196.0	60.73170731707317	2651.0	3884.2490842490843	-268.0	0.6411483253588517	-11.081339712918659	2260.0	4772528.0	97.70569005142953	5.4066985645933014	4632.0	
2948.0	6.684782608695652	1638.0	-7.554347826086956	2.684782608695652	2006.0	-103.0	0.15442278860569714	0.20389805097451275	-48.0	146.484375	0.07196401799100449	136.0	26.982159406418212	32768.0	135.0	-4428.0	6681062.0	203889.83154296875	-1771.0	-35.518292682926834	1165.0	53.993902439024396	2647.0	3878.388278388278	-276.0	0.6602870813397129	-11.23444976076555	2260.0	4772528.0	97.70569005142953	5.4066985645933014	4696.0	
2967.0	6.5978260869565215	1646.0	-7.760869565217391	2.5652173913043477	2017.0	-113.0	0.16941529235382308	0.2143928035982009	-50.0	156.25	0.07496251874062969	143.0	26.982159406418212	32768.0	125.45731707317074	-4115.0	6681382.0	203899.59716796875	-1601.0	-33.44512195121951	1097.0	48.8109756097561	2640.0	3868.131868131868	-252.0	0.6028708133971291	-11.349282296650717	2208.0	4772528.0	97.70569005142953	5.282296650717703	4744.0	
2963.0	6.510869565217391	1654.0	-7.717391304347826	2.543478260869565	2019.0	-108.0	0.1619190404797601	0.22038980509745126	-53.0	166.015625	0.07946026986506746	147.0	26.982159406418212	32768.0	118.14024390243904	-3875.0	6681702.0	203909.36279296875	-1423.0	-30.884146341463417	1013.0	43.38414634146342	2656.0	3891.5750915750914	-244.0	0.5837320574162679	-11.311004784688995	2168.0	4773280.0	97.69811310251278	5.186602870813397	4728.0	
2962.0	6.434782608695652	1661.0	-7.706521739130435	2.532608695652174	2020.0	-114.0	0.17091454272863568	0.22788605697151423	-50.0	175.78125	0.07496251874062969	152.0	26.982159406418212	32768.0	110.15243902439025	-3613.0	6682022.0	203919.12841796875	-1181.0	-28.170731707317074	924.0	36.00609756097561	2658.0	3894.5054945054944	-228.0	0.5454545454545454	-11.339712918660286	2108.0	4773280.0	97.69811310251278	5.043062200956937	4740.0	
2960.0	6.260869565217391	1677.0	-7.684782608695652	2.4130434782608696	2031.0	-114.0	0.17091454272863568	0.24887556221889054	-53.0	185.546875	0.07946026986506746	166.0	26.982159406418212	32768.0	100.97560975609757	-3312.0	6682342.0	203928.89404296875	-940.0	-23.475609756097562	770.0	28.658536585365855	2649.0	3881.3186813186812	-184.0	0.4401913875598086	-11.205741626794257	2052.0	4773280.0	97.69811310251278	4.909090909090909	4684.0	
2958.0	6.130434782608695	1689.0	-7.663043478260869	2.3369565217391304	2038.0	-116.0	0.17391304347826086	0.2383808095952024	-49.0	195.3125	0.07346326836581708	159.0	26.982159406418212	32768.0	90.91463414634147	-2982.0	6682662.0	203938.65966796875	-668.0	-18.871951219512198	619.0	20.365853658536587	2640.0	3868.131868131868	-152.0	0.36363636363636365	-11.138755980861244	1988.0	4773280.0	97.69811310251278	4.755980861244019	4656.0	
2940.0	5.934782608695652	1707.0	-7.467391304347826	2.3152173913043477	2040.0	-124.0	0.18590704647676162	0.2593703148425787	-52.0	205.078125	0.07796101949025487	173.0	26.982159406418212	32768.0	80.88414634146342	-2653.0	6682982.0	203948.42529296875	-394.0	-13.567073170731708	445.0	12.01219512195122	2633.0	3857.875457875458	-132.0	0.3157894736842105	-11.004784688995215	1940.0	4773280.0	97.69811310251278	4.641148325358851	4600.0	
2928.0	5.771739130434782	1722.0	-7.33695652173913	2.3260869565217392	2039.0	-122.0	0.1829085457271364	0.2563718140929535	-60.0	214.84375	0.08995502248875561	171.0	26.982159406418212	32768.0	70.45731707317074	-2311.0	6683302.0	203958.19091796875	-86.0	-8.079268292682928	265.0	2.6219512195121952	2647.0	3878.388278388278	-132.0	0.3157894736842105	-10.851674641148325	1876.0	4773376.0	97.69714583386347	4.488038277511961	4536.0	
2908.0	5.858695652173913	1714.0	-7.119565217391304	2.2717391304347827	2044.0	-121.0	0.18140929535232383	0.26836581709145424	-48.0	224.609375	0.07196401799100449	179.0	26.982159406418212	32768.0	60.335365853658544	-1979.0	6683622.0	203967.95654296875	239.0	-2.9268292682926833	96.0	-7.286585365853659	2652.0	3885.714285714286	-136.0	0.3253588516746411	-10.698564593301436	1884.0	4773376.0	97.69714583386347	4.507177033492823	4472.0	
2902.0	5.8478260869565215	1715.0	-7.054347826086956	2.3260869565217392	2039.0	-116.0	0.17391304347826086	0.27436281859070466	-47.0	234.375	0.0704647676161919	183.0	26.982159406418212	32768.0	50.85365853658537	-1668.0	6683942.0	203977.72216796875	543.0	1.8902439024390245	-62.0	-16.554878048780488	2626.0	3847.6190476190477	-152.0	0.36363636363636365	-10.497607655502392	1900.0	4773376.0	97.69714583386347	4.545454545454545	4388.0	
2898.0	5.934782608695652	1707.0	-7.010869565217391	2.4891304347826084	2024.0	-119.0	0.17841079460269865	0.27136431784107945	-50.0	244.140625	0.07496251874062969	181.0	26.982159406418212	32768.0	42.43902439024391	-1392.0	6684262.0	203987.48779296875	797.0	5.548780487804879	-182.0	-24.29878048780488	2656.0	3891.5750915750914	-204.0	0.4880382775119617	-10.325358851674642	1932.0	4773376.0	97.69714583386347	4.62200956937799	4316.0	
2879.0	6.065217391304348	1695.0	-6.804347826086956	2.5543478260869565	2018.0	-119.0	0.17841079460269865	0.28785607196401797	-50.0	253.90625	0.07496251874062969	192.0	26.982159406418212	32768.0	34.69512195121951	-1138.0	6684582.0	203997.25341796875	1009.0	8.719512195121952	-286.0	-30.762195121951223	2647.0	3878.388278388278	-244.0	0.5837320574162679	-10.267942583732056	1964.0	4773376.0	97.69714583386347	4.698564593301435	4292.0	
2877.0	6.119565217391304	1690.0	-6.782608695652174	2.5217391304347827	2021.0	-118.0	0.17691154422788605	0.2908545727136432	-49.0	263.671875	0.07346326836581708	194.0	26.982159406418212	32768.0	27.469512195121954	-901.0	6684902.0	204007.01904296875	1152.0	12.042682926829269	-395.0	-35.1219512195122	2638.0	3865.2014652014655	-240.0	0.5741626794258373	-10.114832535885167	1976.0	4773728.0	97.69359918490998	4.7272727272727275	4228.0	
2845.0	6.119565217391304	1690.0	-6.434782608695652	2.652173913043478	2009.0	-122.0	0.1829085457271364	0.29235382308845576	-44.0	273.4375	0.06596701649175413	195.0	26.982159406418212	32768.0	20.121951219512198	-660.0	6685222.0	204016.78466796875	1249.0	14.237804878048781	-467.0	-38.07926829268293	2644.0	3873.992673992674	-276.0	0.6602870813397129	-9.875598086124402	1996.0	4773728.0	97.69359918490998	4.77511961722488	4128.0	
2838.0	6.1521739130434785	1687.0	-6.358695652173913	2.630434782608696	2011.0	-116.0	0.17391304347826086	0.2893553223388306	-46.0	283.203125	0.06896551724137931	193.0	26.982159406418212	32768.0	14.176829268292684	-465.0	6685542.0	204026.55029296875	1318.0	16.097560975609756	-528.0	-40.1829268292683	2623.0	3843.223443223443	-296.0	0.708133971291866	-9.626794258373206	2008.0	4773728.0	97.69359918490998	4.803827751196172	4024.0	
2798.0	6.119565217391304	1690.0	-5.923913043478261	2.717391304347826	2003.0	-121.0	0.18140929535232383	0.30134932533733133	-57.0	292.96875	0.08545727136431784	201.0	26.982159406418212	32768.0	8.353658536585368	-274.0	6685862.0	204036.31591796875	1316.0	16.920731707317074	-555.0	-40.1219512195122	2646.0	3876.923076923077	-296.0	0.708133971291866	-9.38755980861244	2004.0	4773728.0	97.69359918490998	4.794258373205741	3924.0	
2790.0	6.141304347826087	1688.0	-5.83695652173913	2.760869565217391	1999.0	-113.0	0.16941529235382308	0.2983508245877061	-48.0	302.734375	0.07196401799100449	199.0	26.982159406418212	32768.0	3.4451219512195124	-113.0	6686182.0	204046.08154296875	1260.0	17.225609756097562	-565.0	-38.41463414634147	2648.0	3879.8534798534797	-312.0	0.7464114832535885	-9.205741626794259	2004.0	4773728.0	97.69359918490998	4.794258373205741	3848.0	
2793.0	6.163043478260869	1686.0	-5.869565217391304	2.75	2000.0	-106.0	0.15892053973013492	0.30134932533733133	-52.0	312.5	0.07796101949025487	201.0	26.982159406418212	32768.0	-0.9451219512195123	31.0	6686502.0	204055.84716796875	1187.0	17.621951219512198	-578.0	-36.18902439024391	2644.0	3873.992673992674	-316.0	0.7559808612440191	-9.119617224880383	2028.0	4774128.0	97.68956890727421	4.851674641148326	3812.0	
2792.0	6.358695652173913	1668.0	-5.858695652173913	2.760869565217391	1999.0	-111.0	0.1664167916041979	0.3028485757121439	-48.0	322.265625	0.07196401799100449	202.0	26.982159406418212	32768.0	-4.817073170731708	158.0	6686822.0	204065.61279296875	1052.0	17.164634146341466	-563.0	-32.07317073170732	2643.0	3872.5274725274726	-344.0	0.8229665071770335	-9.110047846889952	2048.0	4774128.0	97.68956890727421	4.899521531100478	3808.0	
2792.0	6.33695652173913	1670.0	-5.858695652173913	2.8260869565217392	1993.0	-114.0	0.17091454272863568	0.29985007496251875	-56.0	332.03125	0.08395802098950525	200.0	26.982159406418212	32768.0	-7.896341463414635	259.0	6687142.0	204075.37841796875	891.0	17.103658536585368	-561.0	-27.164634146341466	2647.0	3878.388278388278	-336.0	0.8038277511961722	-9.062200956937799	2056.0	4774128.0	97.68956890727421	4.918660287081339	3788.0	
2791.0	6.358695652173913	1668.0	-5.8478260869565215	2.793478260869565	1996.0	-110.0	0.1649175412293853	0.3028485757121439	-52.0	341.796875	0.07796101949025487	202.0	26.982159406418212	32768.0	-10.640243902439025	349.0	6687462.0	204085.14404296875	690.0	16.79878048780488	-551.0	-21.03658536585366	2647.0	3878.388278388278	-348.0	0.8325358851674641	-9.07177033492823	2052.0	4774128.0	97.68956890727421	4.909090909090909	3792.0	
2798.0	6.315217391304348	1672.0	-5.923913043478261	2.869565217391304	1989.0	-108.0	0.1619190404797601	0.30134932533733133	-54.0	351.5625	0.08095952023988005	201.0	26.982159406418212	32768.0	-13.353658536585368	438.0	6687782.0	204094.90966796875	488.0	16.34146341463415	-536.0	-14.878048780487806	2644.0	3873.992673992674	-352.0	0.8421052631578947	-9.081339712918659	2052.0	4774128.0	97.68956890727421	4.909090909090909	3796.0	
2792.0	6.239130434782608	1679.0	-5.858695652173913	2.9565217391304346	1981.0	-111.0	0.1664167916041979	0.30134932533733133	-57.0	361.328125	0.08545727136431784	201.0	26.982159406418212	32768.0	-15.670731707317074	514.0	6688102.0	204104.67529296875	283.0	15.945121951219514	-523.0	-8.628048780487806	2649.0	3881.3186813186812	-368.0	0.8803827751196172	-9.177033492822966	2040.0	4774576.0	97.68505500297287	4.880382775119617	3836.0	
2799.0	6.141304347826087	1688.0	-5.934782608695652	2.880434782608696	1988.0	-116.0	0.17391304347826086	0.29985007496251875	-53.0	371.09375	0.07946026986506746	200.0	26.982159406418212	32768.0	-17.896341463414636	587.0	6688422.0	204114.44091796875	124.0	16.06707317073171	-527.0	-3.780487804878049	2644.0	3873.992673992674	-368.0	0.8803827751196172	-9.253588516746412	2008.0	4774576.0	97.68505500297287	4.803827751196172	3868.0	
2800.0	6.054347826086956	1696.0	-5.945652173913043	2.858695652173913	1990.0	-103.0	0.15442278860569714	0.30134932533733133	-55.0	380.859375	0.08245877061469264	201.0	26.982159406418212	32768.0	-21.219512195121954	696.0	6688742.0	204124.20654296875	30.0	16.707317073170735	-548.0	-0.9146341463414634	2654.0	3888.644688644689	-368.0	0.8803827751196172	-9.349282296650717	1940.0	4774576.0	97.68505500297287	4.641148325358851	3908.0	
2807.0	5.83695652173913	1716.0	-6.021739130434782	2.869565217391304	1989.0	-104.0	0.15592203898050974	0.2908545727136432	-55.0	390.625	0.08245877061469264	194.0	26.982159406418212	32768.0	-24.542682926829272	805.0	6689062.0	204133.97216796875	-8.0	17.103658536585368	-561.0	0.24390243902439027	2650.0	3882.7838827838827	-356.0	0.8516746411483254	-9.38755980861244	1840.0	4774576.0	97.68505500297287	4.401913875598086	3924.0	
2820.0	5.6521739130434785	1733.0	-6.163043478260869	2.869565217391304	1989.0	-102.0	0.15292353823088456	0.2908545727136432	-49.0	400.390625	0.07346326836581708	194.0	26.982159406418212	32768.0	-28.323170731707318	929.0	6689382.0	204143.73779296875	0.0	17.134146341463417	-562.0	0.0	2647.0	3878.388278388278	-336.0	0.8038277511961722	-9.39712918660287	1780.0	4774576.0	97.68505500297287	4.258373205741627	3928.0	
2821.0	5.58695652173913	1739.0	-6.173913043478261	2.782608695652174	1997.0	-102.0	0.15292353823088456	0.29235382308845576	-50.0	410.15625	0.07496251874062969	195.0	26.982159406418212	32768.0	-33.140243902439025	1087.0	6689702.0	204153.50341796875	45.0	17.80487804878049	-584.0	-1.3719512195121952	2653.0	3887.1794871794873	-324.0	0.7751196172248803	-9.444976076555024	1732.0	4774816.0	97.68263684284494	4.143540669856459	3948.0	
2809.0	5.4021739130434785	1756.0	-6.043478260869565	2.8369565217391304	1992.0	-104.0	0.15592203898050974	0.29235382308845576	-51.0	419.921875	0.07646176911544228	195.0	26.982159406418212	32768.0	-37.987804878048784	1246.0	6690022.0	204163.26904296875	106.0	18.75	-615.0	-3.231707317073171	2651.0	3884.2490842490843	-304.0	0.7272727272727273	-9.435406698564593	1684.0	4774816.0	97.68263684284494	4.028708133971292	3944.0	
2818.0	5.315217391304348	1764.0	-6.141304347826087	2.7391304347826084	2001.0	-102.0	0.15292353823088456	0.2833583208395802	-64.0	429.6875	0.095952023988006	189.0	26.982159406418212	32768.0	-43.23170731707317	1418.0	6690342.0	204173.03466796875	215.0	20.000000000000004	-656.0	-6.5548780487804885	2648.0	3879.8534798534797	-308.0	0.7368421052631579	-9.454545454545455	1640.0	4774816.0	97.68263684284494	3.923444976076555	3952.0	
2822.0	5.271739130434782	1768.0	-6.184782608695652	2.7391304347826084	2001.0	-98.0	0.14692653673163417	0.2893553223388306	-52.0	439.453125	0.07796101949025487	193.0	26.982159406418212	32768.0	-48.68902439024391	1597.0	6690662.0	204182.80029296875	321.0	20.396341463414636	-669.0	-9.786585365853659	2648.0	3879.8534798534797	-328.0	0.784688995215311	-9.483253588516746	1616.0	4774816.0	97.68263684284494	3.866028708133971	3964.0	
2816.0	5.195652173913043	1775.0	-6.119565217391304	2.7282608695652173	2002.0	-97.0	0.1454272863568216	0.2788605697151424	-54.0	449.21875	0.08095952023988005	186.0	26.982159406418212	32768.0	-54.146341463414636	1776.0	6690982.0	204192.56591796875	435.0	21.52439024390244	-706.0	-13.26219512195122	2649.0	3881.3186813186812	-316.0	0.7559808612440191	-9.578947368421053	1584.0	4774816.0	97.68263684284494	3.789473684210526	4004.0	
2823.0	5.173913043478261	1777.0	-6.195652173913043	2.75	2000.0	-100.0	0.14992503748125938	0.2698650674662669	-55.0	458.984375	0.08245877061469264	180.0	26.982159406418212	32768.0	-59.35975609756098	1947.0	6691302.0	204202.33154296875	510.0	22.31707317073171	-732.0	-15.54878048780488	2653.0	3887.1794871794873	-316.0	0.7559808612440191	-9.626794258373206	1564.0	4774992.0	97.68086352669955	3.741626794258373	4024.0	
2834.0	5.130434782608695	1781.0	-6.315217391304348	2.760869565217391	1999.0	-97.0	0.1454272863568216	0.2638680659670165	-59.0	468.75	0.08845577211394302	176.0	26.982159406418212	32768.0	-64.66463414634147	2121.0	6691622.0	204212.09716796875	559.0	22.835365853658537	-749.0	-17.04268292682927	2642.0	3871.062271062271	-324.0	0.7751196172248803	-9.665071770334928	1568.0	4774992.0	97.68086352669955	3.751196172248804	4040.0	
2841.0	5.228260869565217	1772.0	-6.391304347826087	2.793478260869565	1996.0	-99.0	0.14842578710644677	0.2638680659670165	-55.0	478.515625	0.08245877061469264	176.0	26.982159406418212	32768.0	-69.45121951219512	2278.0	6691942.0	204221.86279296875	599.0	23.445121951219516	-769.0	-18.262195121951223	2659.0	3895.970695970696	-332.0	0.7942583732057416	-9.751196172248804	1564.0	4774992.0	97.68086352669955	3.741626794258373	4076.0	
2842.0	5.206521739130435	1774.0	-6.4021739130434785	2.8043478260869565	1995.0	-97.0	0.1454272863568216	0.2638680659670165	-55.0	488.28125	0.08245877061469264	176.0	26.982159406418212	32768.0	-73.35365853658537	2406.0	6692262.0	204231.62841796875	588.0	23.658536585365855	-776.0	-17.926829268292686	2652.0	3885.714285714286	-336.0	0.8038277511961722	-9.779904306220095	1564.0	4774992.0	97.68086352669955	3.741626794258373	4088.0	
2854.0	5.130434782608695	1781.0	-6.532608695652174	2.8369565217391304	1992.0	-97.0	0.1454272863568216	0.24587706146926536	-52.0	498.046875	0.07796101949025487	164.0	26.982159406418212	32768.0	-76.82926829268294	2520.0	6692582.0	204241.39404296875	550.0	23.445121951219516	-769.0	-16.76829268292683	2641.0	3869.5970695970695	-348.0	0.8325358851674641	-9.904306220095693	1564.0	4774992.0	97.68086352669955	3.741626794258373	4140.0	
2865.0	5.130434782608695	1781.0	-6.6521739130434785	2.8369565217391304	1992.0	-90.0	0.13493253373313344	0.2563718140929535	-58.0	507.8125	0.08695652173913043	171.0	26.982159406418212	32768.0	-80.45731707317074	2639.0	6692902.0	204251.15966796875	519.0	23.201219512195124	-761.0	-15.823170731707318	2638.0	3865.2014652014655	-368.0	0.8803827751196172	-10.0	1548.0	4775056.0	97.68021868473377	3.7033492822966507	4180.0	
2871.0	5.043478260869565	1789.0	-6.717391304347826	2.869565217391304	1989.0	-88.0	0.13193403298350825	0.239880059970015	-51.0	517.578125	0.07646176911544228	160.0	26.982159406418212	32768.0	-83.44512195121952	2737.0	6693222.0	204260.92529296875	483.0	22.34756097560976	-733.0	-14.725609756097562	2641.0	3869.5970695970695	-376.0	0.8995215311004784	-10.114832535885167	1496.0	4775056.0	97.68021868473377	3.5789473684210527	4228.0	
2876.0	4.967391304347826	1796.0	-6.771739130434782	2.902173913043478	1986.0	-90.0	0.13493253373313344	0.2353823088455772	-57.0	527.34375	0.08545727136431784	157.0	26.982159406418212	32768.0	-86.34146341463415	2832.0	6693542.0	204270.69091796875	433.0	21.951219512195124	-720.0	-13.201219512195124	2646.0	3876.923076923077	-372.0	0.8899521531100478	-10.220095693779903	1476.0	4775056.0	97.68021868473377	3.5311004784688995	4272.0	
2885.0	5.0	1793.0	-6.869565217391304	2.934782608695652	1983.0	-92.0	0.13793103448275862	0.23238380809595202	-50.0	537.109375	0.07496251874062969	155.0	26.982159406418212	32768.0	-88.26219512195122	2895.0	6693862.0	204280.45654296875	380.0	20.79268292682927	-682.0	-11.585365853658537	2648.0	3879.8534798534797	-376.0	0.8995215311004784	-10.296650717703349	1468.0	4775056.0	97.68021868473377	3.511961722488038	4304.0	
2885.0	4.989130434782608	1794.0	-6.869565217391304	2.9782608695652173	1979.0	-83.0	0.12443778110944527	0.21889055472263869	-50.0	546.875	0.07496251874062969	146.0	26.982159406418212	32768.0	-89.96951219512196	2951.0	6694182.0	204290.22216796875	314.0	20.152439024390247	-661.0	-9.573170731707318	2653.0	3887.1794871794873	-408.0	0.9760765550239234	-10.354066985645932	1464.0	4775056.0	97.68021868473377	3.5023923444976077	4328.0	
2898.0	4.978260869565217	1795.0	-7.010869565217391	3.119565217391304	1966.0	-91.0	0.136431784107946	0.2143928035982009	-57.0	556.640625	0.08545727136431784	143.0	26.982159406418212	32768.0	-91.21951219512196	2992.0	6694502.0	204299.98779296875	218.0	18.8109756097561	-617.0	-6.646341463414635	2648.0	3879.8534798534797	-452.0	1.0813397129186602	-10.373205741626794	1476.0	4775312.0	97.6776393183047	3.5311004784688995	4336.0	
2895.0	4.978260869565217	1795.0	-6.978260869565217	3.3043478260869565	1949.0	-91.0	0.136431784107946	0.21139430284857572	-55.0	566.40625	0.08245877061469264	141.0	26.982159406418212	32768.0	-91.3109756097561	2995.0	6694822.0	204309.75341796875	105.0	17.04268292682927	-559.0	-3.2012195121951224	2655.0	3890.10989010989	-496.0	1.186602870813397	-10.373205741626794	1456.0	4775312.0	97.6776393183047	3.4832535885167464	4336.0	
2913.0	5.021739130434782	1791.0	-7.173913043478261	3.3152173913043477	1948.0	-85.0	0.12743628185907047	0.20239880059970014	-59.0	576.171875	0.08845577211394302	135.0	26.982159406418212	32768.0	-91.52439024390245	3002.0	6695142.0	204319.51904296875	-43.0	15.091463414634148	-495.0	1.3109756097560976	2642.0	3871.062271062271	-560.0	1.339712918660287	-10.421052631578947	1464.0	4775312.0	97.6776393183047	3.5023923444976077	4356.0	
2892.0	5.054347826086956	1788.0	-6.945652173913043	3.4782608695652173	1933.0	-78.0	0.1169415292353823	0.1829085457271364	-52.0	585.9375	0.07796101949025487	122.0	26.982159406418212	32768.0	-91.15853658536587	2990.0	6695462.0	204329.28466796875	-191.0	13.506097560975611	-443.0	5.823170731707318	2658.0	3894.5054945054944	-620.0	1.4832535885167464	-10.401913875598085	1460.0	4775312.0	97.6776393183047	3.492822966507177	4348.0	
2900.0	4.967391304347826	1796.0	-7.032608695652174	3.510869565217391	1930.0	-81.0	0.12143928035982009	0.18140929535232383	-54.0	595.703125	0.08095952023988005	121.0	26.982159406418212	32768.0	-90.2439024390244	2960.0	6695782.0	204339.05029296875	-368.0	11.676829268292684	-383.0	11.219512195121952	2634.0	3859.3406593406594	-648.0	1.5502392344497606	-10.363636363636363	1460.0	4775312.0	97.6776393183047	3.492822966507177	4332.0	
2872.0	4.923913043478261	1800.0	-6.728260869565217	3.5543478260869565	1926.0	-83.0	0.12443778110944527	0.16941529235382308	-59.0	605.46875	0.08845577211394302	113.0	26.982159406418212	32768.0	-89.1158536585366	2923.0	6696102.0	204348.81591796875	-538.0	10.365853658536587	-340.0	16.402439024390244	2641.0	3869.5970695970695	-676.0	1.6172248803827751	-10.277511961722487	1432.0	4775360.0	97.67715568735473	3.4258373205741623	4296.0	
2868.0	4.826086956521739	1809.0	-6.684782608695652	3.619565217391304	1920.0	-87.0	0.13043478260869565	0.16041979010494753	-45.0	615.234375	0.06746626686656672	107.0	26.982159406418212	32768.0	-87.19512195121952	2860.0	6696422.0	204358.58154296875	-718.0	8.99390243902439	-295.0	21.890243902439025	2650.0	3882.7838827838827	-676.0	1.6172248803827751	-10.17224880382775	1396.0	4775360.0	97.67715568735473	3.339712918660287	4252.0	
2874.0	4.782608695652174	1813.0	-6.75	3.641304347826087	1918.0	-77.0	0.11544227886056971	0.15892053973013492	-44.0	625.0	0.06596701649175413	106.0	26.982159406418212	32768.0	-85.09146341463415	2791.0	6696742.0	204368.34716796875	-880.0	8.201219512195122	-269.0	26.82926829268293	2635.0	3860.805860805861	-704.0	1.6842105263157894	-10.133971291866029	1372.0	4775360.0	97.67715568735473	3.2822966507177034	4236.0	
2856.0	4.728260869565217	1818.0	-6.554347826086956	3.6956521739130435	1913.0	-79.0	0.1184407796101949	0.14392803598200898	-46.0	634.765625	0.06896551724137931	96.0	26.982159406418212	32768.0	-82.16463414634147	2695.0	6697062.0	204378.11279296875	-1046.0	7.5304878048780495	-247.0	31.89024390243903	2654.0	3888.644688644689	-724.0	1.7320574162679425	-10.086124401913874	1352.0	4775360.0	97.67715568735473	3.2344497607655502	4216.0	
2860.0	4.684782608695652	1822.0	-6.5978260869565215	3.782608695652174	1905.0	-78.0	0.1169415292353823	0.14692653673163417	-51.0	644.53125	0.07646176911544228	98.0	26.982159406418212	32768.0	-79.63414634146342	2612.0	6697382.0	204387.87841796875	-1215.0	6.829268292682928	-224.0	37.04268292682927	2652.0	3885.714285714286	-724.0	1.7320574162679425	-10.047846889952153	1300.0	4775360.0	97.67715568735473	3.110047846889952	4200.0	
2857.0	4.641304347826087	1826.0	-6.565217391304348	3.8152173913043477	1902.0	-77.0	0.11544227886056971	0.13043478260869565	-45.0	654.296875	0.06746626686656672	87.0	26.982159406418212	32768.0	-76.34146341463415	2504.0	6697702.0	204397.64404296875	-1365.0	6.463414634146342	-212.0	41.61585365853659	2652.0	3885.714285714286	-776.0	1.8564593301435406	-9.913875598086124	1284.0	4775456.0	97.67618842569675	3.0717703349282295	4144.0	
2844.0	4.554347826086956	1834.0	-6.423913043478261	3.902173913043478	1894.0	-78.0	0.1169415292353823	0.13793103448275862	-47.0	664.0625	0.0704647676161919	92.0	26.982159406418212	32768.0	-72.5	2378.0	6698022.0	204407.40966796875	-1504.0	5.548780487804879	-182.0	45.85365853658537	2646.0	3876.923076923077	-824.0	1.971291866028708	-9.789473684210526	1252.0	4775456.0	97.67618842569675	2.9952153110047846	4092.0	
2844.0	4.423913043478261	1846.0	-6.423913043478261	3.934782608695652	1891.0	-75.0	0.11244377811094453	0.1199400299850075	-46.0	673.828125	0.06896551724137931	80.0	26.982159406418212	32768.0	-68.41463414634147	2244.0	6698342.0	204417.17529296875	-1618.0	5.182926829268293	-170.0	49.32926829268293	2642.0	3871.062271062271	-832.0	1.9904306220095693	-9.760765550239235	1192.0	4775456.0	97.67618842569675	2.851674641148325	4080.0	
2833.0	4.304347826086956	1857.0	-6.304347826086956	3.9565217391304346	1889.0	-71.0	0.10644677661169415	0.12143928035982009	-42.0	683.59375	0.06296851574212893	81.0	26.982159406418212	32768.0	-63.71951219512196	2090.0	6698662.0	204426.94091796875	-1710.0	5.121951219512195	-168.0	52.13414634146342	2644.0	3873.992673992674	-852.0	2.0382775119617222	-9.68421052631579	1144.0	4775456.0	97.67618842569675	2.736842105263158	4048.0	
2827.0	4.282608695652174	1859.0	-6.239130434782608	4.0	1885.0	-73.0	0.10944527736131934	0.10644677661169415	-40.0	693.359375	0.05997001499250375	71.0	26.982159406418212	32768.0	-58.9329268292683	1933.0	6698982.0	204436.70654296875	-1765.0	5.091463414634147	-167.0	53.8109756097561	2658.0	3894.5054945054944	-880.0	2.1052631578947367	-9.559808612440191	1096.0	4775456.0	97.67618842569675	2.6220095693779903	3996.0	
2827.0	4.141304347826087	1872.0	-6.239130434782608	3.967391304347826	1888.0	-69.0	0.10344827586206896	0.10494752623688156	-48.0	703.125	0.07196401799100449	70.0	26.982159406418212	32768.0	-53.26219512195122	1747.0	6699302.0	204446.47216796875	-1783.0	5.2439024390243905	-172.0	54.35975609756098	2627.0	3849.084249084249	-876.0	2.0956937799043063	-9.502392344497608	1056.0	4775552.0	97.67522116436145	2.526315789473684	3972.0	
2822.0	4.032608695652174	1882.0	-6.184782608695652	4.054347826086956	1880.0	-67.0	0.10044977511244378	0.10194902548725637	-37.0	712.890625	0.05547226386806597	68.0	26.982159406418212	32768.0	-47.957317073170735	1573.0	6699622.0	204456.23779296875	-1760.0	5.701219512195123	-187.0	53.65853658536586	2655.0	3890.10989010989	-860.0	2.0574162679425836	-9.425837320574162	996.0	4775552.0	97.67522116436145	2.3827751196172247	3940.0	
2812.0	3.967391304347826	1888.0	-6.076086956521739	3.967391304347826	1888.0	-67.0	0.10044977511244378	0.09295352323838081	-38.0	722.65625	0.05697151424287856	62.0	26.982159406418212	32768.0	-41.554878048780495	1363.0	6699942.0	204466.00341796875	-1690.0	6.920731707317074	-227.0	51.524390243902445	2654.0	3888.644688644689	-856.0	2.047846889952153	-9.37799043062201	964.0	4775552.0	97.67522116436145	2.3062200956937797	3920.0	
2811.0	3.8260869565217392	1901.0	-6.065217391304348	3.8804347826086953	1896.0	-69.0	0.10344827586206896	0.0944527736131934	-37.0	732.421875	0.05547226386806597	63.0	26.982159406418212	32768.0	-35.518292682926834	1165.0	6700262.0	204475.76904296875	-1573.0	8.201219512195122	-269.0	47.957317073170735	2635.0	3860.805860805861	-844.0	2.0191387559808613	-9.253588516746412	908.0	4775552.0	97.67522116436145	2.172248803827751	3868.0	
2782.0	3.652173913043478	1917.0	-5.75	3.891304347826087	1895.0	-61.0	0.0914542728635682	0.08545727136431784	-40.0	742.1875	0.05997001499250375	57.0	26.982159406418212	32768.0	-29.32926829268293	962.0	6700582.0	204485.53466796875	-1421.0	9.542682926829269	-313.0	43.32317073170732	2654.0	3888.644688644689	-824.0	1.971291866028708	-9.09090909090909	840.0	4775552.0	97.67522116436145	2.0095693779904304	3800.0	
2777.0	3.5652173913043477	1925.0	-5.695652173913043	3.8478260869565215	1899.0	-65.0	0.09745127436281859	0.08845577211394302	-34.0	751.953125	0.050974512743628186	59.0	26.982159406418212	32768.0	-23.170731707317074	760.0	6700902.0	204495.30029296875	-1217.0	11.128048780487806	-365.0	37.10365853658537	2647.0	3878.388278388278	-816.0	1.9521531100478469	-8.937799043062201	784.0	4775584.0	97.67489874398805	1.875598086124402	3736.0	
2773.0	3.4891304347826084	1932.0	-5.6521739130434785	3.8260869565217392	1901.0	-60.0	0.08995502248875561	0.07796101949025487	-36.0	761.71875	0.05397301349325337	52.0	26.982159406418212	32768.0	-17.04268292682927	559.0	6701222.0	204505.06591796875	-978.0	12.469512195121952	-409.0	29.81707317073171	2642.0	3871.062271062271	-808.0	1.9330143540669855	-8.851674641148325	752.0	4775584.0	97.67489874398805	1.7990430622009568	3700.0	
2754.0	3.402173913043478	1940.0	-5.445652173913043	3.8478260869565215	1899.0	-62.0	0.09295352323838081	0.08545727136431784	-41.0	771.484375	0.06146926536731634	57.0	26.982159406418212	32768.0	-10.579268292682928	347.0	6701542.0	204514.83154296875	-726.0	14.237804878048781	-467.0	22.134146341463417	2649.0	3881.3186813186812	-812.0	1.9425837320574162	-8.75598086124402	732.0	4775584.0	97.67489874398805	1.7511961722488039	3660.0	
2757.0	3.3478260869565215	1945.0	-5.478260869565217	3.793478260869565	1904.0	-64.0	0.095952023988006	0.08845577211394302	-38.0	781.25	0.05697151424287856	59.0	26.982159406418212	32768.0	-4.207317073170732	138.0	6701862.0	204524.59716796875	-450.0	15.579268292682928	-511.0	13.719512195121952	2642.0	3871.062271062271	-800.0	1.9138755980861244	-8.698564593301436	712.0	4775584.0	97.67489874398805	1.7033492822966507	3636.0	
2757.0	3.391304347826087	1941.0	-5.478260869565217	3.782608695652174	1905.0	-59.0	0.08845577211394302	0.08095952023988005	-40.0	791.015625	0.05997001499250375	54.0	26.982159406418212	32768.0	1.8597560975609757	-61.0	6702182.0	204534.36279296875	-176.0	17.347560975609756	-569.0	5.365853658536586	2665.0	3904.7619047619046	-776.0	1.8564593301435406	-8.688995215311005	704.0	4775584.0	97.67489874398805	1.6842105263157894	3632.0	
2749.0	3.369565217391304	1943.0	-5.391304347826087	3.9239130434782608	1892.0	-59.0	0.08845577211394302	0.07796101949025487	-47.0	800.78125	0.0704647676161919	52.0	26.982159406418212	32768.0	8.109756097560977	-266.0	6702502.0	204544.12841796875	79.0	18.262195121951223	-599.0	-2.408536585365854	2662.0	3900.3663003663005	-792.0	1.894736842105263	-8.583732057416267	716.0	4775792.0	97.67280301243488	1.7129186602870812	3588.0	
2749.0	3.4456521739130435	1936.0	-5.391304347826087	3.8043478260869565	1903.0	-57.0	0.08545727136431784	0.07646176911544228	-35.0	810.546875	0.05247376311844078	51.0	26.982159406418212	32768.0	14.146341463414636	-464.0	6702822.0	204553.89404296875	327.0	18.56707317073171	-609.0	-9.969512195121952	2647.0	3878.388278388278	-800.0	1.9138755980861244	-8.507177033492823	744.0	4775792.0	97.67280301243488	1.7799043062200957	3556.0	
2746.0	3.608695652173913	1921.0	-5.358695652173913	3.8260869565217392	1901.0	-56.0	0.08395802098950525	0.08245877061469264	-35.0	820.3125	0.05247376311844078	55.0	26.982159406418212	32768.0	20.48780487804878	-672.0	6703142.0	204563.65966796875	523.0	18.445121951219512	-605.0	-15.945121951219514	2636.0	3862.2710622710624	-804.0	1.9234449760765548	-8.507177033492823	792.0	4775792.0	97.67280301243488	1.894736842105263	3556.0	
2731.0	3.7282608695652173	1910.0	-5.195652173913043	3.9456521739130435	1890.0	-58.0	0.08695652173913043	0.08395802098950525	-38.0	830.078125	0.05697151424287856	56.0	26.982159406418212	32768.0	26.85975609756098	-881.0	6703462.0	204573.42529296875	641.0	17.621951219512198	-578.0	-19.54268292682927	2655.0	3890.10989010989	-840.0	2.0095693779904304	-8.535885167464114	884.0	4775792.0	97.67280301243488	2.114832535885167	3568.0	
2748.0	3.9130434782608696	1893.0	-5.380434782608695	3.8260869565217392	1901.0	-54.0	0.08095952023988005	0.07646176911544228	-33.0	839.84375	0.04947526236881559	51.0	26.982159406418212	32768.0	32.896341463414636	-1079.0	6703782.0	204583.19091796875	723.0	16.981707317073173	-557.0	-22.04268292682927	2641.0	3869.5970695970695	-828.0	1.9808612440191387	-8.545454545454545	948.0	4775792.0	97.67280301243488	2.2679425837320575	3572.0	
2748.0	4.021739130434782	1883.0	-5.380434782608695	3.902173913043478	1894.0	-57.0	0.08545727136431784	0.0914542728635682	-28.0	849.609375	0.041979010494752625	61.0	26.982159406418212	32768.0	39.420731707317074	-1293.0	6704102.0	204592.95654296875	759.0	16.34146341463415	-536.0	-23.140243902439025	2654.0	3888.644688644689	-836.0	2.0	-8.631578947368421	992.0	4775648.0	97.67425390334881	2.373205741626794	3608.0	
2759.0	4.076086956521739	1878.0	-5.5	3.8478260869565215	1899.0	-56.0	0.08395802098950525	0.08695652173913043	-47.0	859.375	0.0704647676161919	58.0	26.982159406418212	32768.0	44.96951219512196	-1475.0	6704422.0	204602.72216796875	779.0	15.213414634146343	-499.0	-23.750000000000004	2625.0	3846.153846153846	-832.0	1.9904306220095693	-8.650717703349281	1028.0	4775648.0	97.67425390334881	2.4593301435406696	3616.0	
2755.0	4.141304347826087	1872.0	-5.456521739130435	3.8369565217391304	1900.0	-53.0	0.07946026986506746	0.10344827586206896	-44.0	869.140625	0.06596701649175413	69.0	26.982159406418212	32768.0	50.64024390243903	-1661.0	6704742.0	204612.48779296875	804.0	14.29878048780488	-469.0	-24.512195121951223	2645.0	3875.4578754578756	-828.0	1.9808612440191387	-8.660287081339712	1048.0	4775648.0	97.67425390334881	2.5071770334928227	3620.0	
2763.0	4.195652173913043	1867.0	-5.543478260869565	3.9130434782608696	1893.0	-55.0	0.08245877061469264	0.10644677661169415	-46.0	878.90625	0.06896551724137931	71.0	26.982159406418212	32768.0	56.18902439024391	-1843.0	6705062.0	204622.25341796875	800.0	13.384146341463415	-439.0	-24.39024390243903	2654.0	3888.644688644689	-788.0	1.8851674641148324	-8.708133971291865	1084.0	4775648.0	97.67425390334881	2.5933014354066986	3640.0	
2770.0	4.239130434782608	1863.0	-5.619565217391304	3.75	1908.0	-53.0	0.07946026986506746	0.10194902548725637	-48.0	888.671875	0.07196401799100449	68.0	26.982159406418212	32768.0	61.493902439024396	-2017.0	6705382.0	204632.01904296875	801.0	12.469512195121952	-409.0	-24.420731707317074	2635.0	3860.805860805861	-772.0	1.84688995215311	-8.813397129186603	1112.0	4775648.0	97.67425390334881	2.660287081339713	3684.0	
2779.0	4.282608695652174	1859.0	-5.717391304347826	3.869565217391304	1897.0	-53.0	0.07946026986506746	0.10194902548725637	-48.0	898.4375	0.07196401799100449	68.0	26.982159406418212	32768.0	66.70731707317074	-2188.0	6705702.0	204641.78466796875	802.0	11.371951219512196	-373.0	-24.451219512195124	2656.0	3891.5750915750914	-780.0	1.8660287081339713	-8.851674641148325	1124.0	4775904.0	97.67167454222603	2.688995215311005	3700.0	
2787.0	4.304347826086956	1857.0	-5.804347826086956	3.75	1908.0	-53.0	0.07946026986506746	0.11544227886056971	-42.0	908.203125	0.06296851574212893	77.0	26.982159406418212	32768.0	71.40243902439025	-2342.0	6706022.0	204651.55029296875	803.0	9.786585365853659	-321.0	-24.481707317073173	2628.0	3850.5494505494507	-776.0	1.8564593301435406	-8.947368421052632	1128.0	4775904.0	97.67167454222603	2.6985645933014353	3740.0	
2786.0	4.3478260869565215	1853.0	-5.793478260869565	3.8152173913043477	1902.0	-53.0	0.07946026986506746	0.11544227886056971	-42.0	917.96875	0.06296851574212893	77.0	26.982159406418212	32768.0	75.64024390243902	-2481.0	6706342.0	204661.31591796875	813.0	8.475609756097562	-278.0	-24.78658536585366	2639.0	3866.6666666666665	-772.0	1.84688995215311	-9.043062200956937	1156.0	4775904.0	97.67167454222603	2.7655502392344498	3780.0	
2788.0	4.445652173913043	1844.0	-5.815217391304348	3.782608695652174	1905.0	-55.0	0.08245877061469264	0.12743628185907047	-50.0	927.734375	0.07496251874062969	85.0	26.982159406418212	32768.0	79.90853658536587	-2621.0	6706662.0	204671.08154296875	801.0	7.073170731707318	-232.0	-24.420731707317074	2635.0	3860.805860805861	-780.0	1.8660287081339713	-9.10047846889952	1164.0	4775904.0	97.67167454222603	2.784688995215311	3804.0	
2799.0	4.445652173913043	1844.0	-5.934782608695652	3.869565217391304	1897.0	-58.0	0.08695652173913043	0.1394302848575712	-51.0	937.5	0.07646176911544228	93.0	26.982159406418212	32768.0	83.9939024390244	-2755.0	6706982.0	204680.84716796875	809.0	5.27439024390244	-173.0	-24.664634146341466	2638.0	3865.2014652014655	-804.0	1.9234449760765548	-9.186602870813397	1196.0	4775904.0	97.67167454222603	2.861244019138756	3840.0	
2796.0	4.510869565217392	1838.0	-5.9021739130434785	3.8804347826086953	1896.0	-57.0	0.08545727136431784	0.1409295352323838	-48.0	947.265625	0.07196401799100449	94.0	26.982159406418212	32768.0	87.6829268292683	-2876.0	6707302.0	204690.61279296875	804.0	3.353658536585366	-110.0	-24.512195121951223	2648.0	3879.8534798534797	-832.0	1.9904306220095693	-9.330143540669857	1224.0	4775824.0	97.67248059233039	2.92822966507177	3900.0	
2815.0	4.521739130434782	1837.0	-6.108695652173913	4.054347826086956	1880.0	-56.0	0.08395802098950525	0.14842578710644677	-53.0	957.03125	0.07946026986506746	99.0	26.982159406418212	32768.0	90.54878048780489	-2970.0	6707622.0	204700.37841796875	802.0	1.9512195121951221	-64.0	-24.451219512195124	2655.0	3890.10989010989	-816.0	1.9521531100478469	-9.435406698564593	1260.0	4775824.0	97.67248059233039	3.014354066985646	3944.0	
2821.0	4.576086956521739	1832.0	-6.173913043478261	3.891304347826087	1895.0	-57.0	0.08545727136431784	0.15892053973013492	-60.0	966.796875	0.08995502248875561	106.0	26.982159406418212	32768.0	93.01829268292684	-3051.0	6707942.0	204710.14404296875	787.0	0.7317073170731708	-24.0	-23.993902439024392	2646.0	3876.923076923077	-816.0	1.9521531100478469	-9.531100478468899	1280.0	4775824.0	97.67248059233039	3.062200956937799	3984.0	
2830.0	4.641304347826087	1826.0	-6.271739130434782	3.8804347826086953	1896.0	-49.0	0.07346326836581708	0.1619190404797601	-57.0	976.5625	0.08545727136431784	108.0	26.982159406418212	32768.0	95.03048780487806	-3117.0	6708262.0	204719.90966796875	792.0	-0.4573170731707317	15.0	-24.146341463414636	2643.0	3872.5274725274726	-808.0	1.9330143540669855	-9.607655502392344	1292.0	4775824.0	97.67248059233039	3.090909090909091	4016.0	
2834.0	4.619565217391305	1828.0	-6.315217391304348	3.858695652173913	1898.0	-57.0	0.08545727136431784	0.1679160419790105	-58.0	986.328125	0.08695652173913043	112.0	26.982159406418212	32768.0	96.40243902439025	-3162.0	6708582.0	204729.67529296875	807.0	-1.1585365853658538	38.0	-24.603658536585368	2630.0	3853.479853479854	-800.0	1.9138755980861244	-9.703349282296651	1300.0	4775824.0	97.67248059233039	3.110047846889952	4056.0	
2845.0	4.673913043478261	1823.0	-6.434782608695652	3.760869565217391	1907.0	-59.0	0.08845577211394302	0.17691154422788605	-57.0	996.09375	0.08545727136431784	118.0	26.982159406418212	32768.0	96.67682926829269	-3171.0	6708902.0	204739.44091796875	822.0	-1.981707317073171	65.0	-25.0609756097561	2641.0	3869.5970695970695	-788.0	1.8851674641148324	-9.779904306220095	1312.0	4776064.0	97.6700624426895	3.138755980861244	4088.0	
2850.0	4.728260869565217	1818.0	-6.489130434782608	3.6630434782608696	1916.0	-56.0	0.08395802098950525	0.20239880059970014	-60.0	1005.859375	0.08995502248875561	135.0	26.982159406418212	32768.0	96.40243902439025	-3162.0	6709222.0	204749.20654296875	878.0	-2.2865853658536586	75.0	-26.76829268292683	2633.0	3857.875457875458	-752.0	1.7990430622009568	-9.837320574162678	1308.0	4776064.0	97.6700624426895	3.129186602870813	4112.0	
2860.0	4.684782608695652	1822.0	-6.5978260869565215	3.6739130434782608	1915.0	-53.0	0.07946026986506746	0.19640179910044978	-60.0	1015.625	0.08995502248875561	131.0	26.982159406418212	32768.0	95.48780487804879	-3132.0	6709542.0	204758.97216796875	911.0	-2.0121951219512195	66.0	-27.77439024390244	2622.0	3841.758241758242	-740.0	1.770334928229665	-9.923444976076555	1324.0	4776064.0	97.6700624426895	3.1674641148325358	4148.0	
2854.0	4.673913043478261	1823.0	-6.532608695652174	3.7065217391304346	1912.0	-54.0	0.08095952023988005	0.20089955022488756	-57.0	1025.390625	0.08545727136431784	134.0	26.982159406418212	32768.0	94.32926829268294	-3094.0	6709862.0	204768.73779296875	967.0	-2.164634146341464	71.0	-29.481707317073173	2639.0	3866.6666666666665	-740.0	1.770334928229665	-9.894736842105262	1324.0	4776064.0	97.6700624426895	3.1674641148325358	4136.0	
2862.0	4.728260869565217	1818.0	-6.619565217391304	3.8152173913043477	1902.0	-59.0	0.08845577211394302	0.2098950524737631	-61.0	1035.15625	0.0914542728635682	140.0	26.982159406418212	32768.0	92.34756097560977	-3029.0	6710182.0	204778.50341796875	1009.0	-1.981707317073171	65.0	-30.762195121951223	2655.0	3890.10989010989	-728.0	1.7416267942583732	-9.990430622009569	1356.0	4776064.0	97.6700624426895	3.2440191387559807	4176.0	
2863.0	4.75	1816.0	-6.630434782608695	3.6739130434782608	1915.0	-57.0	0.08545727136431784	0.22188905547226387	-57.0	1044.921875	0.08545727136431784	148.0	26.982159406418212	32768.0	90.42682926829269	-2966.0	6710502.0	204788.26904296875	1054.0	-1.829268292682927	60.0	-32.13414634146342	2635.0	3860.805860805861	-748.0	1.7894736842105263	-9.971291866028707	1352.0	4776016.0	97.67054607245633	3.2344497607655502	4168.0	
2864.0	4.793478260869565	1812.0	-6.641304347826087	3.717391304347826	1911.0	-59.0	0.08845577211394302	0.22638680659670163	-62.0	1054.6875	0.09295352323838081	151.0	26.982159406418212	32768.0	87.98780487804879	-2886.0	6710822.0	204798.03466796875	1093.0	-1.7987804878048783	59.0	-33.32317073170732	2619.0	3837.3626373626375	-740.0	1.770334928229665	-10.01913875598086	1384.0	4776016.0	97.67054607245633	3.311004784688995	4188.0	
2865.0	4.815217391304348	1810.0	-6.6521739130434785	3.7282608695652173	1910.0	-58.0	0.08695652173913043	0.24287856071964017	-64.0	1064.453125	0.095952023988006	162.0	26.982159406418212	32768.0	85.21341463414635	-2795.0	6711142.0	204807.80029296875	1123.0	-1.7987804878048783	59.0	-34.237804878048784	2620.0	3838.827838827839	-756.0	1.8086124401913874	-9.980861244019138	1412.0	4776016.0	97.67054607245633	3.3779904306220097	4172.0	
2860.0	4.945652173913043	1798.0	-6.5978260869565215	3.782608695652174	1905.0	-62.0	0.09295352323838081	0.25037481259370314	-62.0	1074.21875	0.09295352323838081	167.0	26.982159406418212	32768.0	82.28658536585367	-2699.0	6711462.0	204817.56591796875	1139.0	-2.0426829268292686	67.0	-34.72560975609756	2642.0	3871.062271062271	-756.0	1.8086124401913874	-9.961722488038276	1448.0	4776016.0	97.67054607245633	3.464114832535885	4164.0	
2856.0	5.043478260869565	1789.0	-6.554347826086956	3.7282608695652173	1910.0	-58.0	0.08695652173913043	0.24587706146926536	-70.0	1083.984375	0.10494752623688156	164.0	26.982159406418212	32768.0	79.66463414634147	-2613.0	6711782.0	204827.33154296875	1164.0	-1.981707317073171	65.0	-35.487804878048784	2640.0	3868.131868131868	-780.0	1.8660287081339713	-9.942583732057416	1468.0	4776016.0	97.67054607245633	3.511961722488038	4156.0	
2851.0	5.0	1793.0	-6.5	3.8043478260869565	1903.0	-58.0	0.08695652173913043	0.2623688155922039	-60.0	1093.75	0.08995502248875561	175.0	26.982159406418212	32768.0	76.4939024390244	-2509.0	6712102.0	204837.09716796875	1156.0	-1.9512195121951221	64.0	-35.243902439024396	2635.0	3860.805860805861	-772.0	1.84688995215311	-9.933014354066986	1488.0	4776064.0	97.6700624426895	3.5598086124401913	4152.0	
2844.0	5.076086956521739	1786.0	-6.423913043478261	3.8152173913043477	1902.0	-63.0	0.0944527736131934	0.2638680659670165	-62.0	1103.515625	0.09295352323838081	176.0	26.982159406418212	32768.0	73.59756097560977	-2414.0	6712422.0	204846.86279296875	1152.0	-1.676829268292683	55.0	-35.1219512195122	2650.0	3882.7838827838827	-780.0	1.8660287081339713	-9.904306220095693	1504.0	4776064.0	97.6700624426895	3.5980861244019136	4140.0	
2851.0	5.076086956521739	1786.0	-6.5	3.9565217391304346	1889.0	-57.0	0.08545727136431784	0.27136431784107945	-68.0	1113.28125	0.10194902548725637	181.0	26.982159406418212	32768.0	70.15243902439025	-2301.0	6712742.0	204856.62841796875	1143.0	-1.981707317073171	65.0	-34.84756097560976	2652.0	3885.714285714286	-780.0	1.8660287081339713	-9.875598086124402	1500.0	4776064.0	97.6700624426895	3.588516746411483	4128.0	
2845.0	5.065217391304348	1787.0	-6.434782608695652	3.858695652173913	1898.0	-59.0	0.08845577211394302	0.2773613193403298	-59.0	1123.046875	0.08845577211394302	185.0	26.982159406418212	32768.0	67.13414634146342	-2202.0	6713062.0	204866.39404296875	1128.0	-1.707317073170732	56.0	-34.390243902439025	2635.0	3860.805860805861	-792.0	1.894736842105263	-9.789473684210526	1520.0	4776064.0	97.6700624426895	3.6363636363636362	4092.0	
2834.0	5.163043478260869	1778.0	-6.315217391304348	3.793478260869565	1904.0	-59.0	0.08845577211394302	0.29235382308845576	-59.0	1132.8125	0.08845577211394302	195.0	26.982159406418212	32768.0	63.17073170731708	-2072.0	6713382.0	204876.15966796875	1116.0	-1.4329268292682928	47.0	-34.024390243902445	2636.0	3862.2710622710624	-808.0	1.9330143540669855	-9.760765550239235	1540.0	4776064.0	97.6700624426895	3.6842105263157894	4080.0	
2837.0	5.119565217391304	1782.0	-6.3478260869565215	3.9130434782608696	1893.0	-62.0	0.09295352323838081	0.28785607196401797	-66.0	1142.578125	0.09895052473763118	192.0	26.982159406418212	32768.0	59.42073170731708	-1949.0	6713702.0	204885.92529296875	1084.0	-1.0365853658536586	34.0	-33.04878048780488	2636.0	3862.2710622710624	-820.0	1.9617224880382775	-9.645933014354066	1552.0	4775808.0	97.67264180237818	3.712918660287081	4032.0	
2835.0	5.184782608695652	1776.0	-6.326086956521739	3.9130434782608696	1893.0	-62.0	0.09295352323838081	0.30134932533733133	-63.0	1152.34375	0.0944527736131934	201.0	26.982159406418212	32768.0	55.274390243902445	-1813.0	6714022.0	204895.69091796875	1086.0	-1.3109756097560976	43.0	-33.109756097560975	2635.0	3860.805860805861	-844.0	2.0191387559808613	-9.674641148325358	1552.0	4775808.0	97.67264180237818	3.712918660287081	4044.0	
2839.0	5.141304347826087	1780.0	-6.369565217391304	3.9239130434782608	1892.0	-59.0	0.08845577211394302	0.3058470764617691	-64.0	1162.109375	0.095952023988006	204.0	26.982159406418212	32768.0	51.4329268292683	-1687.0	6714342.0	204905.45654296875	1082.0	-0.9756097560975611	32.0	-32.987804878048784	2628.0	3850.5494505494507	-844.0	2.0191387559808613	-9.69377990430622	1560.0	4775808.0	97.67264180237818	3.7320574162679425	4052.0	
2839.0	5.119565217391304	1782.0	-6.369565217391304	3.9239130434782608	1892.0	-53.0	0.07946026986506746	0.3148425787106447	-55.0	1171.875	0.08245877061469264	210.0	26.982159406418212	32768.0	46.768292682926834	-1534.0	6714662.0	204915.22216796875	1078.0	0.0	0.0	-32.86585365853659	2629.0	3852.0146520146523	-864.0	2.0669856459330145	-9.674641148325358	1548.0	4775808.0	97.67264180237818	3.7033492822966507	4044.0	
2827.0	5.0978260869565215	1784.0	-6.239130434782608	3.967391304347826	1888.0	-55.0	0.08245877061469264	0.3148425787106447	-62.0	1181.640625	0.09295352323838081	210.0	26.982159406418212	32768.0	41.98170731707317	-1377.0	6714982.0	204924.98779296875	1091.0	0.426829268292683	-14.0	-33.26219512195122	2641.0	3869.5970695970695	-876.0	2.0956937799043063	-9.636363636363637	1540.0	4775808.0	97.67264180237818	3.6842105263157894	4028.0	
2824.0	5.065217391304348	1787.0	-6.206521739130435	4.032608695652174	1882.0	-62.0	0.09295352323838081	0.31334332833583206	-60.0	1191.40625	0.08995502248875561	209.0	26.982159406418212	32768.0	36.79878048780488	-1207.0	6715302.0	204934.75341796875	1129.0	1.6463414634146343	-54.0	-34.420731707317074	2653.0	3887.1794871794873	-852.0	2.0382775119617222	-9.559808612440191	1524.0	4776240.0	97.66828913423457	3.6459330143540667	3996.0	
2815.0	5.010869565217392	1792.0	-6.108695652173913	3.9130434782608696	1893.0	-60.0	0.08995502248875561	0.31784107946026985	-67.0	1201.171875	0.10044977511244378	212.0	26.982159406418212	32768.0	31.85975609756098	-1045.0	6715622.0	204944.51904296875	1174.0	3.0182926829268295	-99.0	-35.79268292682927	2636.0	3862.2710622710624	-840.0	2.0095693779904304	-9.454545454545455	1508.0	4776240.0	97.66828913423457	3.6076555023923444	3952.0	
2813.0	4.967391304347826	1796.0	-6.08695652173913	4.043478260869565	1881.0	-55.0	0.08245877061469264	0.328335832083958	-60.0	1210.9375	0.08995502248875561	219.0	26.982159406418212	32768.0	26.463414634146343	-868.0	6715942.0	204954.28466796875	1214.0	4.359756097560976	-143.0	-37.01219512195122	2647.0	3878.388278388278	-844.0	2.0191387559808613	-9.37799043062201	1500.0	4776240.0	97.66828913423457	3.588516746411483	3920.0	
2814.0	4.945652173913043	1798.0	-6.0978260869565215	3.9239130434782608	1892.0	-56.0	0.08395802098950525	0.32533733133433285	-59.0	1220.703125	0.08845577211394302	217.0	26.982159406418212	32768.0	21.03658536585366	-690.0	6716262.0	204964.05029296875	1270.0	5.884146341463415	-193.0	-38.71951219512196	2624.0	3844.6886446886447	-840.0	2.0095693779904304	-9.349282296650717	1476.0	4776240.0	97.66828913423457	3.5311004784688995	3908.0	
2808.0	4.956521739130435	1797.0	-6.032608695652174	3.902173913043478	1894.0	-55.0	0.08245877061469264	0.3268365817091454	-61.0	1230.46875	0.0914542728635682	218.0	26.982159406418212	32768.0	15.609756097560977	-512.0	6716582.0	204973.81591796875	1333.0	7.103658536585367	-233.0	-40.640243902439025	2641.0	3869.5970695970695	-836.0	2.0	-9.358851674641148	1464.0	4776240.0	97.66828913423457	3.5023923444976077	3912.0	
2794.0	4.8478260869565215	1807.0	-5.880434782608695	3.934782608695652	1891.0	-56.0	0.08395802098950525	0.3298350824587706	-52.0	1240.234375	0.07796101949025487	220.0	32.74847792741493	33928.0	10.51829268292683	-345.0	6716902.0	204983.58154296875	1372.0	8.628048780487806	-283.0	-41.82926829268293	2642.0	3871.062271062271	-820.0	1.9617224880382775	-9.301435406698564	1468.0	4776240.0	98.64233739338738	3.511961722488038	3888.0	
2799.0	4.945652173913043	1798.0	-5.934782608695652	3.902173913043478	1894.0	-55.0	0.08245877061469264	0.3268365817091454	-57.0	1250.0	0.08545727136431784	218.0	32.74847792741493	33928.0	5.76219512195122	-189.0	6717222.0	204993.34716796875	1379.0	9.817073170731708	-322.0	-42.04268292682927	2632.0	3856.4102564102564	-832.0	1.9904306220095693	-9.24401913875598	1484.0	4776240.0	98.64233739338738	3.5502392344497604	3864.0	
2791.0	5.08695652173913	1785.0	-5.8478260869565215	3.9239130434782608	1892.0	-49.0	0.07346326836581708	0.3328335832083958	-59.0	1259.765625	0.08845577211394302	222.0	32.74847792741493	33928.0	1.6463414634146343	-54.0	6717542.0	205003.11279296875	1362.0	10.579268292682928	-347.0	-41.524390243902445	2652.0	3885.714285714286	-832.0	1.9904306220095693	-9.157894736842104	1492.0	4776240.0	98.64233739338738	3.5693779904306218	3828.0	
2789.0	5.054347826086956	1788.0	-5.826086956521739	4.163043478260869	1870.0	-54.0	0.08095952023988005	0.328335832083958	-64.0	1269.53125	0.095952023988006	219.0	32.74847792741493	33928.0	-2.25609756097561	74.0	6717862.0	205012.87841796875	1317.0	10.853658536585368	-356.0	-40.15243902439025	2651.0	3884.2490842490843	-880.0	2.1052631578947367	-9.10047846889952	1516.0	4776240.0	98.64233739338738	3.626794258373206	3804.0	
2786.0	5.054347826086956	1788.0	-5.793478260869565	4.0978260869565215	1876.0	-51.0	0.07646176911544228	0.3298350824587706	-65.0	1279.296875	0.09745127436281859	220.0	32.74847792741493	33928.0	-5.640243902439025	185.0	6718182.0	205022.64404296875	1258.0	10.670731707317074	-350.0	-38.35365853658537	2639.0	3866.6666666666665	-908.0	2.172248803827751	-9.10047846889952	1520.0	4776240.0	98.64233739338738	3.6363636363636362	3804.0	
2783.0	5.076086956521739	1786.0	-5.760869565217392	4.1521739130434785	1871.0	-51.0	0.07646176911544228	0.33433283358320837	-59.0	1289.0625	0.08845577211394302	223.0	32.74847792741493	33928.0	-8.353658536585368	274.0	6718502.0	205032.40966796875	1174.0	10.30487804878049	-338.0	-35.79268292682927	2648.0	3879.8534798534797	-924.0	2.2105263157894735	-9.09090909090909	1540.0	4774912.0	98.65584457162626	3.6842105263157894	3800.0	
2789.0	5.08695652173913	1785.0	-5.826086956521739	4.108695652173913	1875.0	-47.0	0.0704647676161919	0.33883058470764615	-62.0	1298.828125	0.09295352323838081	226.0	32.74847792741493	33928.0	-10.76219512195122	353.0	6718822.0	205042.17529296875	1088.0	9.634146341463415	-316.0	-33.170731707317074	2637.0	3863.736263736264	-924.0	2.2105263157894735	-9.052631578947368	1520.0	4774912.0	98.65584457162626	3.6363636363636362	3784.0	
2783.0	5.065217391304348	1787.0	-5.760869565217392	4.021739130434782	1883.0	-45.0	0.06746626686656672	0.328335832083958	-61.0	1308.59375	0.0914542728635682	219.0	32.74847792741493	33928.0	-13.109756097560977	430.0	6719142.0	205051.94091796875	999.0	8.932926829268293	-293.0	-30.457317073170735	2631.0	3854.945054945055	-908.0	2.172248803827751	-9.023923444976075	1512.0	4774912.0	98.65584457162626	3.617224880382775	3772.0	
2783.0	5.010869565217392	1792.0	-5.760869565217392	4.141304347826087	1872.0	-46.0	0.06896551724137931	0.3313343328335832	-62.0	1318.359375	0.09295352323838081	221.0	32.74847792741493	33928.0	-15.79268292682927	518.0	6719462.0	205061.70654296875	911.0	8.536585365853659	-280.0	-27.77439024390244	2653.0	3887.1794871794873	-924.0	2.2105263157894735	-9.014354066985646	1476.0	4774912.0	98.65584457162626	3.5311004784688995	3768.0	
2789.0	5.0	1793.0	-5.826086956521739	4.0978260869565215	1876.0	-48.0	0.07196401799100449	0.3328335832083958	-64.0	1328.125	0.095952023988006	222.0	32.74847792741493	33928.0	-17.835365853658537	585.0	6719782.0	205071.47216796875	817.0	7.560975609756098	-248.0	-24.908536585365855	2627.0	3849.084249084249	-948.0	2.2679425837320575	-9.033492822966506	1452.0	4774912.0	98.65584457162626	3.4736842105263155	3776.0	
2786.0	4.934782608695652	1799.0	-5.793478260869565	4.25	1862.0	-49.0	0.07346326836581708	0.32533733133433285	-59.0	1337.890625	0.08845577211394302	217.0	32.74847792741493	33928.0	-20.335365853658537	667.0	6720102.0	205081.23779296875	734.0	6.798780487804879	-223.0	-22.378048780487806	2641.0	3869.5970695970695	-972.0	2.325358851674641	-9.043062200956937	1452.0	4775184.0	98.65307803602296	3.4736842105263155	3780.0	
2797.0	4.869565217391305	1805.0	-5.913043478260869	4.33695652173913	1854.0	-47.0	0.0704647676161919	0.3238380809595202	-60.0	1347.65625	0.08995502248875561	216.0	32.74847792741493	33928.0	-22.439024390243905	736.0	6720422.0	205091.00341796875	666.0	6.036585365853659	-198.0	-20.30487804878049	2650.0	3882.7838827838827	-980.0	2.3444976076555024	-9.119617224880383	1420.0	4775184.0	98.65307803602296	3.3971291866028706	3812.0	
2795.0	4.815217391304348	1810.0	-5.891304347826087	4.282608695652174	1859.0	-52.0	0.07796101949025487	0.3193403298350824	-62.0	1357.421875	0.09295352323838081	213.0	32.74847792741493	33928.0	-24.939024390243905	818.0	6720742.0	205100.76904296875	612.0	5.884146341463415	-193.0	-18.658536585365855	2633.0	3857.875457875458	-1000.0	2.3923444976076556	-9.215311004784688	1408.0	4775184.0	98.65307803602296	3.3684210526315788	3852.0	
2798.0	4.75	1816.0	-5.923913043478261	4.391304347826087	1849.0	-43.0	0.06446776611694152	0.31784107946026985	-61.0	1367.1875	0.0914542728635682	212.0	32.74847792741493	33928.0	-26.737804878048784	877.0	6721062.0	205110.53466796875	566.0	5.640243902439025	-185.0	-17.25609756097561	2652.0	3885.714285714286	-1008.0	2.4114832535885165	-9.272727272727272	1396.0	4775184.0	98.65307803602296	3.339712918660287	3876.0	
2805.0	4.717391304347826	1819.0	-6.0	4.326086956521739	1855.0	-42.0	0.06296851574212893	0.32233883058470764	-65.0	1376.953125	0.09745127436281859	215.0	32.74847792741493	33928.0	-28.53658536585366	936.0	6721382.0	205120.30029296875	510.0	5.579268292682928	-183.0	-15.54878048780488	2627.0	3849.084249084249	-992.0	2.373205741626794	-9.263157894736842	1376.0	4775184.0	98.65307803602296	3.291866028708134	3872.0	
2805.0	4.728260869565217	1818.0	-6.0	4.380434782608695	1850.0	-50.0	0.07496251874062969	0.32233883058470764	-57.0	1386.71875	0.08545727136431784	215.0	32.74847792741493	33928.0	-30.365853658536587	996.0	6721702.0	205130.06591796875	453.0	5.640243902439025	-185.0	-13.810975609756099	2643.0	3872.5274725274726	-1020.0	2.4401913875598087	-9.291866028708133	1340.0	4775344.0	98.65145066337088	3.2057416267942584	3884.0	
2811.0	4.771739130434782	1814.0	-6.065217391304348	4.326086956521739	1855.0	-44.0	0.06596701649175413	0.3193403298350824	-57.0	1396.484375	0.08545727136431784	213.0	32.74847792741493	33928.0	-32.37804878048781	1062.0	6722022.0	205139.83154296875	417.0	5.457317073170732	-179.0	-12.713414634146343	2639.0	3866.6666666666665	-1036.0	2.478468899521531	-9.339712918660286	1344.0	4775344.0	98.65145066337088	3.215311004784689	3904.0	
2814.0	4.663043478260869	1824.0	-6.0978260869565215	4.369565217391305	1851.0	-45.0	0.06746626686656672	0.31634182908545727	-66.0	1406.25	0.09895052473763118	211.0	32.74847792741493	33928.0	-33.75	1107.0	6722342.0	205149.59716796875	361.0	5.701219512195123	-187.0	-11.006097560975611	2638.0	3865.2014652014655	-1032.0	2.4688995215311005	-9.39712918660287	1328.0	4775344.0	98.65145066337088	3.177033492822966	3928.0	
2812.0	4.728260869565217	1818.0	-6.076086956521739	4.380434782608695	1850.0	-45.0	0.06746626686656672	0.3073463268365817	-63.0	1416.015625	0.0944527736131934	205.0	32.74847792741493	33928.0	-35.426829268292686	1162.0	6722662.0	205159.36279296875	287.0	5.701219512195123	-187.0	-8.75	2644.0	3873.992673992674	-1052.0	2.5167464114832536	-9.416267942583731	1328.0	4775344.0	98.65145066337088	3.177033492822966	3936.0	
2811.0	4.684782608695652	1822.0	-6.065217391304348	4.467391304347826	1842.0	-38.0	0.05697151424287856	0.3058470764617691	-64.0	1425.78125	0.095952023988006	204.0	32.74847792741493	33928.0	-36.61585365853659	1201.0	6722982.0	205169.12841796875	233.0	6.00609756097561	-197.0	-7.103658536585367	2657.0	3893.040293040293	-1056.0	2.526315789473684	-9.444976076555024	1320.0	4775344.0	98.65145066337088	3.1578947368421053	3948.0	
2815.0	4.619565217391305	1828.0	-6.108695652173913	4.489130434782608	1840.0	-42.0	0.06296851574212893	0.3028485757121439	-57.0	1435.546875	0.08545727136431784	202.0	32.74847792741493	33928.0	-37.713414634146346	1237.0	6723302.0	205178.89404296875	158.0	5.365853658536586	-176.0	-4.817073170731708	2651.0	3884.2490842490843	-1072.0	2.5645933014354068	-9.435406698564593	1308.0	4775648.0	98.64835865784667	3.129186602870813	3944.0	
2821.0	4.619565217391305	1828.0	-6.173913043478261	4.445652173913043	1844.0	-43.0	0.06446776611694152	0.2983508245877061	-59.0	1445.3125	0.08845577211394302	199.0	32.74847792741493	33928.0	-38.59756097560976	1266.0	6723622.0	205188.65966796875	85.0	5.365853658536586	-176.0	-2.5914634146341466	2634.0	3859.3406593406594	-1084.0	2.5933014354066986	-9.502392344497608	1300.0	4775648.0	98.64835865784667	3.110047846889952	3972.0	
2830.0	4.565217391304348	1833.0	-6.271739130434782	4.445652173913043	1844.0	-44.0	0.06596701649175413	0.30134932533733133	-60.0	1455.078125	0.08995502248875561	201.0	32.74847792741493	33928.0	-39.51219512195122	1296.0	6723942.0	205198.42529296875	17.0	5.152439024390245	-169.0	-0.5182926829268293	2642.0	3871.062271062271	-1080.0	2.5837320574162677	-9.521531100478468	1280.0	4775648.0	98.64835865784667	3.062200956937799	3980.0	
2828.0	4.532608695652174	1836.0	-6.25	4.4021739130434785	1848.0	-41.0	0.06146926536731634	0.29685157421289354	-56.0	1464.84375	0.08395802098950525	198.0	32.74847792741493	33928.0	-40.213414634146346	1319.0	6724262.0	205208.19091796875	-48.0	5.0304878048780495	-165.0	1.4634146341463417	2637.0	3863.736263736264	-1080.0	2.5837320574162677	-9.598086124401913	1248.0	4775648.0	98.64835865784667	2.985645933014354	4012.0	
2835.0	4.467391304347826	1842.0	-6.326086956521739	4.445652173913043	1844.0	-41.0	0.06146926536731634	0.2893553223388306	-60.0	1474.609375	0.08995502248875561	193.0	32.74847792741493	33928.0	-40.73170731707317	1336.0	6724582.0	205217.95654296875	-110.0	4.817073170731708	-158.0	3.353658536585366	2625.0	3846.153846153846	-1084.0	2.5933014354066986	-9.626794258373206	1236.0	4775648.0	98.64835865784667	2.956937799043062	4024.0	
2839.0	4.456521739130435	1843.0	-6.369565217391304	4.391304347826087	1849.0	-45.0	0.06746626686656672	0.28785607196401797	-68.0	1484.375	0.10194902548725637	192.0	32.74847792741493	33928.0	-41.15853658536586	1350.0	6724902.0	205227.72216796875	-163.0	4.695121951219512	-154.0	4.969512195121951	2624.0	3844.6886446886447	-1060.0	2.5358851674641145	-9.645933014354066	1212.0	4775728.0	98.64754497273006	2.8995215311004783	4032.0	
2832.0	4.445652173913043	1844.0	-6.293478260869565	4.413043478260869	1847.0	-39.0	0.05847076461769115	0.29385307346326833	-67.0	1494.140625	0.10044977511244378	196.0	32.74847792741493	33928.0	-41.28048780487805	1354.0	6725222.0	205237.48779296875	-220.0	4.786585365853659	-157.0	6.707317073170732	2638.0	3865.2014652014655	-1060.0	2.5358851674641145	-9.626794258373206	1208.0	4775728.0	98.64754497273006	2.889952153110048	4024.0	
2835.0	4.369565217391305	1851.0	-6.326086956521739	4.467391304347826	1842.0	-48.0	0.07196401799100449	0.27586206896551724	-66.0	1503.90625	0.09895052473763118	184.0	32.74847792741493	33928.0	-41.40243902439025	1358.0	6725542.0	205247.25341796875	-273.0	5.152439024390245	-169.0	8.323170731707318	2650.0	3882.7838827838827	-1060.0	2.5358851674641145	-9.665071770334928	1188.0	4775728.0	98.64754497273006	2.8421052631578947	4040.0	
2831.0	4.304347826086956	1857.0	-6.282608695652174	4.391304347826087	1849.0	-38.0	0.05697151424287856	0.2698650674662669	-62.0	1513.671875	0.09295352323838081	180.0	32.74847792741493	33928.0	-41.09756097560976	1348.0	6725862.0	205257.01904296875	-318.0	5.365853658536586	-176.0	9.695121951219512	2632.0	3856.4102564102564	-1032.0	2.4688995215311005	-9.665071770334928	1172.0	4775728.0	98.64754497273006	2.803827751196172	4040.0	
2833.0	4.260869565217392	1861.0	-6.304347826086956	4.391304347826087	1849.0	-42.0	0.06296851574212893	0.272863568215892	-63.0	1523.4375	0.0944527736131934	182.0	32.74847792741493	33928.0	-40.85365853658537	1340.0	6726182.0	205266.78466796875	-350.0	5.884146341463415	-193.0	10.670731707317074	2627.0	3849.084249084249	-1052.0	2.5167464114832536	-9.636363636363637	1148.0	4775728.0	98.64754497273006	2.7464114832535884	4028.0	
2828.0	4.184782608695652	1868.0	-6.25	4.391304347826087	1849.0	-40.0	0.05997001499250375	0.27586206896551724	-62.0	1533.203125	0.09295352323838081	184.0	32.74847792741493	33928.0	-40.518292682926834	1329.0	6726502.0	205276.55029296875	-363.0	6.097560975609757	-200.0	11.067073170731708	2635.0	3860.805860805861	-1056.0	2.526315789473684	-9.607655502392344	1120.0	4776032.0	98.64445297136807	2.679425837320574	4016.0	
2827.0	4.206521739130435	1866.0	-6.239130434782608	4.4021739130434785	1848.0	-40.0	0.05997001499250375	0.2623688155922039	-70.0	1542.96875	0.10494752623688156	175.0	32.74847792741493	33928.0	-40.0609756097561	1314.0	6726822.0	205286.31591796875	-368.0	6.158536585365854	-202.0	11.219512195121952	2646.0	3876.923076923077	-1048.0	2.5071770334928227	-9.588516746411482	1092.0	4776032.0	98.64445297136807	2.61244019138756	4008.0	
2824.0	4.239130434782608	1863.0	-6.206521739130435	4.315217391304348	1856.0	-32.0	0.047976011994003	0.2608695652173913	-64.0	1552.734375	0.095952023988006	174.0	32.74847792741493	33928.0	-39.207317073170735	1286.0	6727142.0	205296.08154296875	-368.0	6.2804878048780495	-206.0	11.219512195121952	2636.0	3862.2710622710624	-1048.0	2.5071770334928227	-9.531100478468899	1080.0	4776032.0	98.64445297136807	2.5837320574162677	3984.0	
2819.0	4.076086956521739	1878.0	-6.1521739130434785	4.391304347826087	1849.0	-36.0	0.05397301349325337	0.2593703148425787	-59.0	1562.5	0.08845577211394302	173.0	32.74847792741493	33928.0	-38.44512195121951	1261.0	6727462.0	205305.84716796875	-361.0	6.158536585365854	-202.0	11.006097560975611	2633.0	3857.875457875458	-1028.0	2.4593301435406696	-9.473684210526315	1084.0	4776032.0	98.64445297136807	2.5933014354066986	3960.0	
2816.0	4.108695652173913	1875.0	-6.119565217391304	4.380434782608695	1850.0	-40.0	0.05997001499250375	0.2518740629685157	-64.0	1572.265625	0.095952023988006	168.0	32.74847792741493	33928.0	-37.6829268292683	1236.0	6727782.0	205315.61279296875	-348.0	6.158536585365854	-202.0	10.609756097560977	2651.0	3884.2490842490843	-1036.0	2.478468899521531	-9.473684210526315	1056.0	4776032.0	98.64445297136807	2.526315789473684	3960.0	
2820.0	4.141304347826087	1872.0	-6.163043478260869	4.33695652173913	1854.0	-35.0	0.05247376311844078	0.25487256371814093	-64.0	1582.03125	0.095952023988006	170.0	32.74847792741493	33928.0	-36.18902439024391	1187.0	6728102.0	205325.37841796875	-345.0	5.914634146341464	-194.0	10.51829268292683	2655.0	3890.10989010989	-1008.0	2.4114832535885165	-9.416267942583731	1052.0	4775952.0	98.64526665561755	2.5167464114832536	3936.0	
2816.0	4.0978260869565215	1876.0	-6.119565217391304	4.33695652173913	1854.0	-32.0	0.047976011994003	0.24587706146926536	-59.0	1591.796875	0.08845577211394302	164.0	32.74847792741493	33928.0	-34.72560975609756	1139.0	6728422.0	205335.14404296875	-336.0	5.7926829268292686	-190.0	10.24390243902439	2639.0	3866.6666666666665	-1032.0	2.4688995215311005	-9.39712918660287	1044.0	4775952.0	98.64526665561755	2.4976076555023923	3928.0	
2803.0	4.021739130434782	1883.0	-5.978260869565217	4.4021739130434785	1848.0	-36.0	0.05397301349325337	0.24587706146926536	-62.0	1601.5625	0.09295352323838081	164.0	32.74847792741493	33928.0	-33.07926829268293	1085.0	6728742.0	205344.90966796875	-336.0	5.182926829268293	-170.0	10.24390243902439	2652.0	3885.714285714286	-1032.0	2.4688995215311005	-9.349282296650717	1048.0	4775952.0	98.64526665561755	2.5071770334928227	3908.0	
2816.0	4.08695652173913	1877.0	-6.119565217391304	4.358695652173913	1852.0	-41.0	0.06146926536731634	0.24437781109445278	-63.0	1611.328125	0.0944527736131934	163.0	32.74847792741493	33928.0	-30.914634146341466	1014.0	6729062.0	205354.67529296875	-338.0	4.634146341463415	-152.0	10.30487804878049	2630.0	3853.479853479854	-1028.0	2.4593301435406696	-9.339712918660286	1040.0	4775952.0	98.64526665561755	2.488038277511962	3904.0	
2808.0	4.0978260869565215	1876.0	-6.032608695652174	4.304347826086956	1857.0	-39.0	0.05847076461769115	0.239880059970015	-62.0	1621.09375	0.09295352323838081	160.0	32.74847792741493	33928.0	-28.963414634146343	950.0	6729382.0	205364.44091796875	-328.0	4.481707317073171	-147.0	10.000000000000002	2639.0	3866.6666666666665	-1040.0	2.488038277511962	-9.339712918660286	1048.0	4775952.0	98.64526665561755	2.5071770334928227	3904.0	
2811.0	4.195652173913043	1867.0	-6.065217391304348	4.25	1862.0	-36.0	0.05397301349325337	0.2368815592203898	-67.0	1630.859375	0.10044977511244378	158.0	32.74847792741493	33928.0	-26.737804878048784	877.0	6729702.0	205374.20654296875	-338.0	3.9939024390243905	-131.0	10.30487804878049	2630.0	3853.479853479854	-1020.0	2.4401913875598087	-9.320574162679426	1036.0	4776064.0	98.64412749773219	2.478468899521531	3896.0	
2810.0	4.032608695652174	1882.0	-6.054347826086956	4.239130434782608	1863.0	-36.0	0.05397301349325337	0.23088455772113942	-72.0	1640.625	0.10794602698650674	154.0	32.74847792741493	33928.0	-24.542682926829272	805.0	6730022.0	205383.97216796875	-327.0	3.7195121951219514	-122.0	9.969512195121952	2621.0	3840.2930402930406	-1020.0	2.4401913875598087	-9.301435406698564	1032.0	4776064.0	98.64412749773219	2.4688995215311005	3888.0	
2804.0	4.021739130434782	1883.0	-5.989130434782608	4.282608695652174	1859.0	-37.0	0.05547226386806597	0.22938530734632684	-60.0	1650.390625	0.08995502248875561	153.0	32.74847792741493	33928.0	-22.31707317073171	732.0	6730342.0	205393.73779296875	-301.0	3.8414634146341466	-126.0	9.176829268292684	2639.0	3866.6666666666665	-1008.0	2.4114832535885165	-9.24401913875598	1028.0	4776064.0	98.64412749773219	2.4593301435406696	3864.0	
2801.0	4.0	1885.0	-5.956521739130435	4.315217391304348	1856.0	-40.0	0.05997001499250375	0.23238380809595202	-62.0	1660.15625	0.09295352323838081	155.0	32.74847792741493	33928.0	-20.182926829268293	662.0	6730662.0	205403.50341796875	-290.0	3.932926829268293	-129.0	8.841463414634147	2646.0	3876.923076923077	-984.0	2.354066985645933	-9.253588516746412	1004.0	4776064.0	98.64412749773219	2.401913875598086	3868.0	
2797.0	3.9456521739130435	1890.0	-5.913043478260869	4.239130434782608	1863.0	-35.0	0.05247376311844078	0.22338830584707645	-68.0	1669.921875	0.10194902548725637	149.0	32.74847792741493	33928.0	-18.04878048780488	592.0	6730982.0	205413.26904296875	-264.0	3.5670731707317076	-117.0	8.048780487804878	2635.0	3860.805860805861	-984.0	2.354066985645933	-9.196172248803828	984.0	4776064.0	98.64412749773219	2.354066985645933	3844.0	
2788.0	3.891304347826087	1895.0	-5.815217391304348	4.33695652173913	1854.0	-35.0	0.05247376311844078	0.22188905547226387	-61.0	1679.6875	0.0914542728635682	148.0	32.74847792741493	33928.0	-16.128048780487806	529.0	6731302.0	205423.03466796875	-235.0	3.0487804878048785	-100.0	7.164634146341464	2657.0	3893.040293040293	-968.0	2.3157894736842106	-9.157894736842104	980.0	4775824.0	98.64656855089135	2.3444976076555024	3828.0	
2794.0	3.9130434782608696	1893.0	-5.880434782608695	4.239130434782608	1863.0	-32.0	0.047976011994003	0.22038980509745126	-67.0	1689.453125	0.10044977511244378	147.0	32.74847792741493	33928.0	-14.02439024390244	460.0	6731622.0	205432.80029296875	-193.0	2.8658536585365857	-94.0	5.884146341463415	2632.0	3856.4102564102564	-964.0	2.3062200956937797	-9.10047846889952	992.0	4775824.0	98.64656855089135	2.373205741626794	3804.0	
2792.0	3.9782608695652173	1887.0	-5.858695652173913	4.206521739130435	1866.0	-33.0	0.04947526236881559	0.21889055472263869	-63.0	1699.21875	0.0944527736131934	146.0	32.74847792741493	33928.0	-11.737804878048781	385.0	6731942.0	205442.56591796875	-167.0	2.073170731707317	-68.0	5.091463414634147	2634.0	3859.3406593406594	-960.0	2.2966507177033493	-9.09090909090909	996.0	4775824.0	98.64656855089135	2.3827751196172247	3800.0	
2780.0	4.010869565217392	1884.0	-5.728260869565217	4.228260869565217	1864.0	-32.0	0.047976011994003	0.2353823088455772	-68.0	1708.984375	0.10194902548725637	157.0	32.74847792741493	33928.0	-9.878048780487806	324.0	6732262.0	205452.33154296875	-138.0	1.4634146341463417	-48.0	4.207317073170732	2645.0	3875.4578754578756	-964.0	2.3062200956937797	-9.052631578947368	1008.0	4775824.0	98.64656855089135	2.4114832535885165	3784.0	
2778.0	3.9565217391304346	1889.0	-5.706521739130435	4.228260869565217	1864.0	-31.0	0.046476761619190406	0.22188905547226387	-69.0	1718.75	0.10344827586206896	148.0	32.74847792741493	33928.0	-7.77439024390244	255.0	6732582.0	205462.09716796875	-124.0	0.6402439024390244	-21.0	3.780487804878049	2636.0	3862.2710622710624	-952.0	2.277511961722488	-9.033492822966506	1008.0	4775824.0	98.64656855089135	2.4114832535885165	3776.0	
2783.0	4.0978260869565215	1876.0	-5.760869565217392	4.1521739130434785	1871.0	-38.0	0.05697151424287856	0.22788605697151423	-64.0	1728.515625	0.095952023988006	152.0	32.74847792741493	33928.0	-5.853658536585367	192.0	6732902.0	205471.86279296875	-114.0	-0.06097560975609757	2.0	3.4756097560975614	2647.0	3878.388278388278	-960.0	2.2966507177033493	-8.985645933014354	1012.0	4776080.0	98.64396476092793	2.4210526315789473	3756.0	
2782.0	4.010869565217392	1884.0	-5.75	4.239130434782608	1863.0	-27.0	0.04047976011994003	0.21889055472263869	-63.0	1738.28125	0.0944527736131934	146.0	32.74847792741493	33928.0	-3.658536585365854	120.0	6733222.0	205481.62841796875	-104.0	-0.8841463414634148	29.0	3.1707317073170733	2645.0	3875.4578754578756	-940.0	2.248803827751196	-8.966507177033492	1016.0	4776080.0	98.64396476092793	2.430622009569378	3748.0	
2775.0	4.065217391304348	1879.0	-5.673913043478261	4.141304347826087	1872.0	-27.0	0.04047976011994003	0.21889055472263869	-63.0	1748.046875	0.0944527736131934	146.0	32.74847792741493	33928.0	-1.4634146341463417	48.0	6733542.0	205491.39404296875	-101.0	-1.7987804878048783	59.0	3.079268292682927	2634.0	3859.3406593406594	-948.0	2.2679425837320575	-8.92822966507177	1036.0	4776080.0	98.64396476092793	2.478468899521531	3732.0	
2763.0	4.010869565217392	1884.0	-5.543478260869565	4.173913043478261	1869.0	-33.0	0.04947526236881559	0.22038980509745126	-60.0	1757.8125	0.08995502248875561	147.0	32.74847792741493	33928.0	0.4573170731707317	-15.0	6733862.0	205501.15966796875	-100.0	-2.804878048780488	92.0	3.0487804878048785	2641.0	3869.5970695970695	-932.0	2.229665071770335	-8.861244019138756	1036.0	4776080.0	98.64396476092793	2.478468899521531	3704.0	
2775.0	4.0978260869565215	1876.0	-5.673913043478261	4.163043478260869	1870.0	-33.0	0.04947526236881559	0.22038980509745126	-60.0	1767.578125	0.08995502248875561	147.0	32.74847792741493	33928.0	2.7439024390243905	-90.0	6734182.0	205510.92529296875	-84.0	-3.810975609756098	125.0	2.5609756097560976	2636.0	3862.2710622710624	-932.0	2.229665071770335	-8.861244019138756	1056.0	4776080.0	98.64396476092793	2.526315789473684	3704.0	
2771.0	4.0978260869565215	1876.0	-5.630434782608695	4.119565217391305	1874.0	-36.0	0.05397301349325337	0.21889055472263869	-67.0	1777.34375	0.10044977511244378	146.0	32.74847792741493	33928.0	4.664634146341464	-153.0	6734502.0	205520.69091796875	-71.0	-4.908536585365854	161.0	2.164634146341464	2640.0	3868.131868131868	-932.0	2.229665071770335	-8.889952153110048	1056.0	4776000.0	98.64477844504049	2.526315789473684	3716.0	
2776.0	4.239130434782608	1863.0	-5.684782608695652	4.032608695652174	1882.0	-35.0	0.05247376311844078	0.22788605697151423	-67.0	1787.109375	0.10044977511244378	152.0	32.74847792741493	33928.0	6.707317073170732	-220.0	6734822.0	205530.45654296875	-82.0	-5.701219512195123	187.0	2.5000000000000004	2627.0	3849.084249084249	-920.0	2.200956937799043	-8.880382775119617	1060.0	4776000.0	98.64477844504049	2.5358851674641145	3712.0	
2777.0	4.1521739130434785	1871.0	-5.695652173913043	4.043478260869565	1881.0	-35.0	0.05247376311844078	0.22188905547226387	-61.0	1796.875	0.0914542728635682	148.0	32.74847792741493	33928.0	7.957317073170732	-261.0	6735142.0	205540.22216796875	-58.0	-6.737804878048781	221.0	1.7682926829268295	2626.0	3847.6190476190477	-920.0	2.200956937799043	-8.861244019138756	1064.0	4776000.0	98.64477844504049	2.5454545454545454	3704.0	
2763.0	4.0978260869565215	1876.0	-5.543478260869565	4.173913043478261	1869.0	-38.0	0.05697151424287856	0.22038980509745126	-59.0	1806.640625	0.08845577211394302	147.0	32.74847792741493	33928.0	9.847560975609756	-323.0	6735462.0	205549.98779296875	-44.0	-7.652439024390245	251.0	1.3414634146341464	2650.0	3882.7838827838827	-920.0	2.200956937799043	-8.813397129186603	1064.0	4776000.0	98.64477844504049	2.5454545454545454	3684.0	
2768.0	4.163043478260869	1870.0	-5.5978260869565215	4.163043478260869	1870.0	-31.0	0.046476761619190406	0.21889055472263869	-63.0	1816.40625	0.0944527736131934	146.0	32.74847792741493	33928.0	11.55487804878049	-379.0	6735782.0	205559.75341796875	-35.0	-8.810975609756099	289.0	1.0670731707317074	2642.0	3871.062271062271	-920.0	2.200956937799043	-8.842105263157894	1088.0	4776000.0	98.64477844504049	2.602870813397129	3696.0	
2764.0	4.163043478260869	1870.0	-5.554347826086956	4.163043478260869	1870.0	-37.0	0.05547226386806597	0.2143928035982009	-59.0	1826.171875	0.08845577211394302	143.0	32.74847792741493	33928.0	13.29268292682927	-436.0	6736102.0	205569.51904296875	-43.0	-9.542682926829269	313.0	1.3109756097560976	2639.0	3866.6666666666665	-916.0	2.1913875598086126	-8.803827751196172	1100.0	4776000.0	98.64477844504049	2.631578947368421	3680.0	
2754.0	4.1521739130434785	1871.0	-5.445652173913043	4.25	1862.0	-36.0	0.05397301349325337	0.21889055472263869	-60.0	1835.9375	0.08995502248875561	146.0	32.74847792741493	33928.0	14.390243902439027	-472.0	6736422.0	205579.28466796875	-28.0	-10.335365853658537	339.0	0.853658536585366	2652.0	3885.714285714286	-932.0	2.229665071770335	-8.794258373205741	1112.0	4776000.0	98.64477844504049	2.660287081339713	3676.0	
2761.0	4.195652173913043	1867.0	-5.521739130434782	4.130434782608695	1873.0	-35.0	0.05247376311844078	0.22338830584707645	-63.0	1845.703125	0.0944527736131934	149.0	32.74847792741493	33928.0	15.731707317073171	-516.0	6736742.0	205589.05029296875	-28.0	-11.097560975609758	364.0	0.853658536585366	2625.0	3846.153846153846	-928.0	2.2200956937799043	-8.727272727272727	1128.0	4776000.0	98.64477844504049	2.6985645933014353	3648.0	
2758.0	4.293478260869565	1858.0	-5.489130434782608	4.163043478260869	1870.0	-40.0	0.05997001499250375	0.22788605697151423	-64.0	1855.46875	0.095952023988006	152.0	32.74847792741493	33928.0	16.707317073170735	-548.0	6737062.0	205598.81591796875	-25.0	-11.79878048780488	387.0	0.7621951219512196	2641.0	3869.5970695970695	-928.0	2.2200956937799043	-8.688995215311005	1132.0	4776000.0	98.64477844504049	2.7081339712918657	3632.0	
2759.0	4.3478260869565215	1853.0	-5.5	4.076086956521739	1878.0	-39.0	0.05847076461769115	0.2338830584707646	-66.0	1865.234375	0.09895052473763118	156.0	32.74847792741493	33928.0	17.25609756097561	-566.0	6737382.0	205608.58154296875	-8.0	-12.439024390243903	408.0	0.24390243902439027	2640.0	3868.131868131868	-924.0	2.2105263157894735	-8.679425837320574	1132.0	4776000.0	98.64477844504049	2.7081339712918657	3628.0	
2760.0	4.239130434782608	1863.0	-5.510869565217392	4.0978260869565215	1876.0	-44.0	0.06596701649175413	0.23238380809595202	-64.0	1875.0	0.095952023988006	155.0	32.74847792741493	33928.0	17.59146341463415	-577.0	6737702.0	205618.34716796875	-4.0	-12.591463414634147	413.0	0.12195121951219513	2635.0	3860.805860805861	-908.0	2.172248803827751	-8.698564593301436	1132.0	4776128.0	98.64347655056993	2.7081339712918657	3636.0	
2762.0	4.25	1862.0	-5.532608695652174	4.228260869565217	1864.0	-39.0	0.05847076461769115	0.2353823088455772	-64.0	1884.765625	0.095952023988006	157.0	32.74847792741493	33928.0	17.835365853658537	-585.0	6738022.0	205628.11279296875	23.0	-13.231707317073171	434.0	-0.701219512195122	2651.0	3884.2490842490843	-908.0	2.172248803827751	-8.698564593301436	1124.0	4776128.0	98.64347655056993	2.688995215311005	3636.0	
2767.0	4.293478260869565	1858.0	-5.58695652173913	4.130434782608695	1873.0	-42.0	0.06296851574212893	0.2338830584707646	-65.0	1894.53125	0.09745127436281859	156.0	32.74847792741493	33928.0	18.10975609756098	-594.0	6738342.0	205637.87841796875	53.0	-13.323170731707318	437.0	-1.6158536585365855	2638.0	3865.2014652014655	-912.0	2.1818181818181817	-8.727272727272727	1152.0	4776128.0	98.64347655056993	2.755980861244019	3648.0	
2766.0	4.33695652173913	1854.0	-5.576086956521739	4.065217391304348	1879.0	-43.0	0.06446776611694152	0.239880059970015	-64.0	1904.296875	0.095952023988006	160.0	32.74847792741493	33928.0	18.414634146341466	-604.0	6738662.0	205647.64404296875	80.0	-13.536585365853659	444.0	-2.439024390243903	2635.0	3860.805860805861	-920.0	2.200956937799043	-8.803827751196172	1156.0	4776128.0	98.64347655056993	2.7655502392344498	3680.0	
2761.0	4.293478260869565	1858.0	-5.521739130434782	4.1521739130434785	1871.0	-40.0	0.05997001499250375	0.23088455772113942	-62.0	1914.0625	0.09295352323838081	154.0	32.74847792741493	33928.0	18.719512195121954	-614.0	6738982.0	205657.40966796875	84.0	-14.02439024390244	460.0	-2.5609756097560976	2643.0	3872.5274725274726	-916.0	2.1913875598086126	-8.880382775119617	1180.0	4776128.0	98.64347655056993	2.8229665071770333	3712.0	
2779.0	4.4021739130434785	1848.0	-5.717391304347826	4.130434782608695	1873.0	-47.0	0.0704647676161919	0.24887556221889054	-65.0	1923.828125	0.09745127436281859	166.0	32.74847792741493	33928.0	18.902439024390247	-620.0	6739302.0	205667.17529296875	95.0	-14.634146341463415	480.0	-2.8963414634146343	2628.0	3850.5494505494507	-932.0	2.229665071770335	-8.889952153110048	1196.0	4775936.0	98.64542939249483	2.861244019138756	3716.0	
2774.0	4.445652173913043	1844.0	-5.663043478260869	4.119565217391305	1874.0	-40.0	0.05997001499250375	0.24287856071964017	-61.0	1933.59375	0.0914542728635682	162.0	32.74847792741493	33928.0	19.420731707317074	-637.0	6739622.0	205676.94091796875	95.0	-15.30487804878049	502.0	-2.8963414634146343	2646.0	3876.923076923077	-936.0	2.2392344497607652	-8.956937799043061	1216.0	4775936.0	98.64542939249483	2.909090909090909	3744.0	
2781.0	4.456521739130435	1843.0	-5.739130434782608	4.1521739130434785	1871.0	-43.0	0.06446776611694152	0.24437781109445278	-59.0	1943.359375	0.08845577211394302	163.0	32.74847792741493	33928.0	19.634146341463417	-644.0	6739942.0	205686.70654296875	84.0	-16.097560975609756	528.0	-2.5609756097560976	2625.0	3846.153846153846	-936.0	2.2392344497607652	-8.947368421052632	1228.0	4775936.0	98.64542939249483	2.937799043062201	3740.0	
2783.0	4.5	1839.0	-5.760869565217392	4.076086956521739	1878.0	-42.0	0.06296851574212893	0.24137931034482757	-64.0	1953.125	0.095952023988006	161.0	32.74847792741493	33928.0	19.35975609756098	-635.0	6740262.0	205696.47216796875	68.0	-16.585365853658537	544.0	-2.073170731707317	2626.0	3847.6190476190477	-936.0	2.2392344497607652	-8.966507177033492	1260.0	4775936.0	98.64542939249483	3.014354066985646	3748.0	
2774.0	4.478260869565217	1841.0	-5.663043478260869	4.163043478260869	1870.0	-48.0	0.07196401799100449	0.24887556221889054	-66.0	1962.890625	0.09895052473763118	166.0	32.74847792741493	33928.0	19.146341463414636	-628.0	6740582.0	205706.23779296875	51.0	-17.012195121951223	558.0	-1.5548780487804879	2633.0	3857.875457875458	-912.0	2.1818181818181817	-8.937799043062201	1256.0	4775936.0	98.64542939249483	3.004784688995215	3736.0	
2780.0	4.521739130434782	1837.0	-5.728260869565217	4.239130434782608	1863.0	-47.0	0.0704647676161919	0.25337331334332835	-58.0	1972.65625	0.08695652173913043	169.0	32.74847792741493	33928.0	18.384146341463417	-603.0	6740902.0	205716.00341796875	34.0	-17.682926829268293	580.0	-1.0365853658536586	2661.0	3898.901098901099	-940.0	2.248803827751196	-8.909090909090908	1252.0	4776112.0	98.6436392873468	2.9952153110047846	3724.0	
2776.0	4.445652173913043	1844.0	-5.684782608695652	4.173913043478261	1869.0	-49.0	0.07346326836581708	0.24737631184407796	-61.0	1982.421875	0.0914542728635682	165.0	32.74847792741493	33928.0	17.378048780487806	-570.0	6741222.0	205725.76904296875	40.0	-18.323170731707318	601.0	-1.2195121951219514	2644.0	3873.992673992674	-928.0	2.2200956937799043	-8.91866028708134	1260.0	4776112.0	98.6436392873468	3.014354066985646	3728.0	
2770.0	4.58695652173913	1831.0	-5.619565217391304	4.141304347826087	1872.0	-50.0	0.07496251874062969	0.25487256371814093	-61.0	1992.1875	0.0914542728635682	170.0	32.74847792741493	33928.0	16.493902439024392	-541.0	6741542.0	205735.53466796875	25.0	-18.53658536585366	608.0	-0.7621951219512196	2652.0	3885.714285714286	-936.0	2.2392344497607652	-8.92822966507177	1256.0	4776112.0	98.6436392873468	3.004784688995215	3732.0	
2775.0	4.521739130434782	1837.0	-5.673913043478261	4.184782608695652	1868.0	-51.0	0.07646176911544228	0.25487256371814093	-61.0	2001.953125	0.0914542728635682	170.0	32.74847792741493	33928.0	15.335365853658537	-503.0	6741862.0	205745.30029296875	12.0	-19.115853658536587	627.0	-0.3658536585365854	2629.0	3852.0146520146523	-940.0	2.248803827751196	-8.91866028708134	1284.0	4776112.0	98.6436392873468	3.0717703349282295	3728.0	
2779.0	4.608695652173913	1829.0	-5.717391304347826	4.173913043478261	1869.0	-52.0	0.07796101949025487	0.2563718140929535	-64.0	2011.71875	0.095952023988006	171.0	32.74847792741493	33928.0	14.05487804878049	-461.0	6742182.0	205755.06591796875	-17.0	-19.02439024390244	624.0	0.5182926829268293	2643.0	3872.5274725274726	-952.0	2.277511961722488	-8.956937799043061	1292.0	4776112.0	98.6436392873468	3.090909090909091	3744.0	
2786.0	4.75	1816.0	-5.793478260869565	4.173913043478261	1869.0	-54.0	0.08095952023988005	0.2623688155922039	-61.0	2021.484375	0.0914542728635682	175.0	32.74847792741493	33928.0	13.445121951219514	-441.0	6742502.0	205764.83154296875	-52.0	-19.573170731707318	642.0	1.5853658536585367	2644.0	3873.992673992674	-948.0	2.2679425837320575	-9.043062200956937	1328.0	4776368.0	98.64103550001215	3.177033492822966	3780.0	
2795.0	4.706521739130435	1820.0	-5.891304347826087	4.25	1862.0	-54.0	0.08095952023988005	0.2653673163418291	-67.0	2031.25	0.10044977511244378	177.0	32.74847792741493	33928.0	12.164634146341465	-399.0	6742822.0	205774.59716796875	-99.0	-19.908536585365855	653.0	3.0182926829268295	2632.0	3856.4102564102564	-964.0	2.3062200956937797	-9.129186602870814	1352.0	4776368.0	98.64103550001215	3.2344497607655502	3816.0	
2801.0	4.858695652173913	1806.0	-5.956521739130435	4.239130434782608	1863.0	-58.0	0.08695652173913043	0.25487256371814093	-61.0	2041.015625	0.0914542728635682	170.0	32.74847792741493	33928.0	11.52439024390244	-378.0	6743142.0	205784.36279296875	-168.0	-19.878048780487806	652.0	5.121951219512195	2646.0	3876.923076923077	-980.0	2.3444976076555024	-9.186602870813397	1368.0	4776368.0	98.64103550001215	3.2727272727272725	3840.0	
2805.0	4.804347826086956	1811.0	-6.0	4.293478260869565	1858.0	-60.0	0.08995502248875561	0.2578710644677661	-60.0	2050.78125	0.08995502248875561	172.0	32.74847792741493	33928.0	11.006097560975611	-361.0	6743462.0	205794.12841796875	-229.0	-19.75609756097561	648.0	6.981707317073171	2639.0	3866.6666666666665	-988.0	2.3636363636363638	-9.215311004784688	1388.0	4776368.0	98.64103550001215	3.3205741626794256	3852.0	
2800.0	4.782608695652174	1813.0	-5.945652173913043	4.228260869565217	1864.0	-54.0	0.08095952023988005	0.25037481259370314	-67.0	2060.546875	0.10044977511244378	167.0	32.74847792741493	33928.0	10.27439024390244	-337.0	6743782.0	205803.89404296875	-276.0	-19.603658536585368	643.0	8.414634146341465	2641.0	3869.5970695970695	-980.0	2.3444976076555024	-9.291866028708133	1368.0	4776368.0	98.64103550001215	3.2727272727272725	3884.0	
2793.0	4.663043478260869	1824.0	-5.869565217391304	4.195652173913043	1867.0	-61.0	0.0914542728635682	0.2623688155922039	-68.0	2070.3125	0.10194902548725637	175.0	32.74847792741493	33928.0	9.542682926829269	-313.0	6744102.0	205813.65966796875	-295.0	-18.84146341463415	618.0	8.99390243902439	2642.0	3871.062271062271	-952.0	2.277511961722488	-9.301435406698564	1348.0	4776368.0	98.64103550001215	3.2248803827751193	3888.0	
2811.0	4.673913043478261	1823.0	-6.065217391304348	4.108695652173913	1875.0	-58.0	0.08695652173913043	0.2578710644677661	-63.0	2080.078125	0.0944527736131934	172.0	32.74847792741493	33928.0	7.8048780487804885	-256.0	6744422.0	205823.42529296875	-282.0	-18.262195121951223	599.0	8.597560975609756	2637.0	3863.736263736264	-916.0	2.1913875598086126	-9.339712918660286	1340.0	4776368.0	98.64103550001215	3.2057416267942584	3904.0	
2803.0	4.630434782608695	1827.0	-5.978260869565217	4.021739130434782	1883.0	-64.0	0.095952023988006	0.2578710644677661	-62.0	2089.84375	0.09295352323838081	172.0	32.74847792741493	33928.0	6.097560975609757	-200.0	6744742.0	205833.19091796875	-248.0	-17.103658536585368	561.0	7.560975609756098	2640.0	3868.131868131868	-904.0	2.1626794258373203	-9.320574162679426	1324.0	4776368.0	98.64103550001215	3.1674641148325358	3896.0	
2810.0	4.728260869565217	1818.0	-6.054347826086956	3.9456521739130435	1890.0	-64.0	0.095952023988006	0.2623688155922039	-65.0	2099.609375	0.09745127436281859	175.0	32.74847792741493	33928.0	4.390243902439025	-144.0	6745062.0	205842.95654296875	-193.0	-16.03658536585366	526.0	5.884146341463415	2646.0	3876.923076923077	-876.0	2.0956937799043063	-9.349282296650717	1300.0	4776368.0	98.64103550001215	3.110047846889952	3908.0	
2817.0	4.630434782608695	1827.0	-6.130434782608695	3.9456521739130435	1890.0	-61.0	0.0914542728635682	0.2653673163418291	-61.0	2109.375	0.0914542728635682	177.0	32.74847792741493	33928.0	2.2256097560975614	-73.0	6745382.0	205852.72216796875	-129.0	-15.365853658536587	504.0	3.932926829268293	2622.0	3841.758241758242	-868.0	2.076555023923445	-9.38755980861244	1308.0	4776368.0	98.64103550001215	3.129186602870813	3924.0	
2821.0	4.717391304347826	1819.0	-6.173913043478261	3.9782608695652173	1887.0	-69.0	0.10344827586206896	0.2608695652173913	-64.0	2119.140625	0.095952023988006	174.0	32.74847792741493	33928.0	-0.30487804878048785	10.0	6745702.0	205862.48779296875	-62.0	-14.695121951219514	482.0	1.8902439024390245	2640.0	3868.131868131868	-856.0	2.047846889952153	-9.425837320574162	1328.0	4776672.0	98.63794350558723	3.177033492822966	3940.0	
2817.0	4.717391304347826	1819.0	-6.130434782608695	3.9456521739130435	1890.0	-58.0	0.08695652173913043	0.2638680659670165	-66.0	2128.90625	0.09895052473763118	176.0	32.74847792741493	33928.0	-2.530487804878049	83.0	6746022.0	205872.25341796875	-42.0	-14.02439024390244	460.0	1.2804878048780488	2636.0	3862.2710622710624	-840.0	2.0095693779904304	-9.444976076555024	1356.0	4776672.0	98.63794350558723	3.2440191387559807	3948.0	
2816.0	4.75	1816.0	-6.119565217391304	3.9130434782608696	1893.0	-63.0	0.0944527736131934	0.25037481259370314	-60.0	2138.671875	0.08995502248875561	167.0	32.74847792741493	33928.0	-4.176829268292684	137.0	6746342.0	205882.01904296875	-8.0	-13.810975609756099	453.0	0.24390243902439027	2640.0	3868.131868131868	-832.0	1.9904306220095693	-9.416267942583731	1376.0	4776672.0	98.63794350558723	3.291866028708134	3936.0	
2806.0	4.739130434782608	1817.0	-6.010869565217392	3.9565217391304346	1889.0	-69.0	0.10344827586206896	0.272863568215892	-63.0	2148.4375	0.0944527736131934	182.0	32.74847792741493	33928.0	-5.823170731707318	191.0	6746662.0	205891.78466796875	15.0	-13.01829268292683	427.0	-0.4573170731707317	2644.0	3873.992673992674	-804.0	1.9234449760765548	-9.521531100478468	1392.0	4776672.0	98.63794350558723	3.3301435406698565	3980.0	
2825.0	4.782608695652174	1813.0	-6.217391304347826	3.8152173913043477	1902.0	-66.0	0.09895052473763118	0.2623688155922039	-60.0	2158.203125	0.08995502248875561	175.0	32.74847792741493	33928.0	-6.981707317073171	229.0	6746982.0	205901.55029296875	24.0	-13.109756097560977	430.0	-0.7317073170731708	2632.0	3856.4102564102564	-792.0	1.894736842105263	-9.598086124401913	1400.0	4776672.0	98.63794350558723	3.3492822966507174	4012.0	
2831.0	4.923913043478261	1800.0	-6.282608695652174	3.7717391304347827	1906.0	-65.0	0.09745127436281859	0.2593703148425787	-69.0	2167.96875	0.10344827586206896	173.0	32.74847792741493	33928.0	-7.865853658536586	258.0	6747302.0	205911.31591796875	4.0	-13.26219512195122	435.0	-0.12195121951219513	2644.0	3873.992673992674	-772.0	1.84688995215311	-9.636363636363637	1440.0	4776064.0	98.64412749773219	3.4449760765550237	4028.0	
2836.0	5.065217391304348	1787.0	-6.33695652173913	3.6739130434782608	1915.0	-70.0	0.10494752623688156	0.2623688155922039	-65.0	2177.734375	0.09745127436281859	175.0	32.74847792741493	33928.0	-8.506097560975611	279.0	6747622.0	205921.08154296875	-29.0	-13.414634146341465	440.0	0.8841463414634148	2643.0	3872.5274725274726	-740.0	1.770334928229665	-9.665071770334928	1472.0	4776064.0	98.64412749773219	3.5215311004784686	4040.0	
2842.0	5.043478260869565	1789.0	-6.4021739130434785	3.7065217391304346	1912.0	-76.0	0.11394302848575712	0.26836581709145424	-67.0	2187.5	0.10044977511244378	179.0	32.74847792741493	33928.0	-8.841463414634147	290.0	6747942.0	205930.84716796875	-80.0	-13.871951219512196	455.0	2.439024390243903	2636.0	3862.2710622710624	-728.0	1.7416267942583732	-9.69377990430622	1496.0	4776064.0	98.64412749773219	3.5789473684210527	4052.0	
2840.0	5.0978260869565215	1784.0	-6.380434782608695	3.6739130434782608	1915.0	-68.0	0.10194902548725637	0.2608695652173913	-61.0	2197.265625	0.0914542728635682	174.0	32.74847792741493	33928.0	-9.420731707317074	309.0	6748262.0	205940.61279296875	-149.0	-14.207317073170733	466.0	4.5426829268292686	2650.0	3882.7838827838827	-716.0	1.7129186602870812	-9.741626794258373	1516.0	4776064.0	98.64412749773219	3.626794258373206	4072.0	
2844.0	5.130434782608695	1781.0	-6.423913043478261	3.6630434782608696	1916.0	-69.0	0.10344827586206896	0.25487256371814093	-57.0	2207.03125	0.08545727136431784	170.0	32.74847792741493	33928.0	-9.573170731707318	314.0	6748582.0	205950.37841796875	-226.0	-14.786585365853659	485.0	6.890243902439025	2650.0	3882.7838827838827	-688.0	1.645933014354067	-9.770334928229664	1520.0	4776064.0	98.64412749773219	3.6363636363636362	4084.0	
2842.0	5.0978260869565215	1784.0	-6.4021739130434785	3.6304347826086953	1919.0	-69.0	0.10344827586206896	0.2623688155922039	-60.0	2216.796875	0.08995502248875561	175.0	32.74847792741493	33928.0	-9.878048780487806	324.0	6748902.0	205960.14404296875	-303.0	-15.243902439024392	500.0	9.237804878048781	2649.0	3881.3186813186812	-688.0	1.645933014354067	-9.84688995215311	1528.0	4776448.0	98.64022181694929	3.6555023923444976	4116.0	
2841.0	5.076086956521739	1786.0	-6.391304347826087	3.5978260869565215	1922.0	-72.0	0.10794602698650674	0.2518740629685157	-67.0	2226.5625	0.10044977511244378	168.0	32.74847792741493	33928.0	-10.182926829268293	334.0	6749222.0	205969.90966796875	-366.0	-15.945121951219514	523.0	11.158536585365855	2643.0	3872.5274725274726	-656.0	1.569377990430622	-9.913875598086124	1552.0	4776448.0	98.64022181694929	3.712918660287081	4144.0	
2859.0	5.1521739130434785	1779.0	-6.58695652173913	3.5217391304347827	1929.0	-74.0	0.11094452773613193	0.2608695652173913	-57.0	2236.328125	0.08545727136431784	174.0	32.74847792741493	33928.0	-10.884146341463415	357.0	6749542.0	205979.67529296875	-450.0	-15.79268292682927	518.0	13.719512195121952	2629.0	3852.0146520146523	-652.0	1.5598086124401913	-9.885167464114833	1528.0	4776448.0	98.64022181694929	3.6555023923444976	4132.0	
2846.0	5.0978260869565215	1784.0	-6.445652173913043	3.4565217391304346	1935.0	-74.0	0.11094452773613193	0.25337331334332835	-61.0	2246.09375	0.0914542728635682	169.0	32.74847792741493	33928.0	-11.76829268292683	386.0	6749862.0	205989.44091796875	-517.0	-15.54878048780488	510.0	15.76219512195122	2642.0	3871.062271062271	-636.0	1.5215311004784688	-9.866028708133971	1540.0	4776448.0	98.64022181694929	3.6842105263157894	4124.0	
2853.0	5.173913043478261	1777.0	-6.521739130434782	3.391304347826087	1941.0	-75.0	0.11244377811094453	0.24737631184407796	-61.0	2255.859375	0.0914542728635682	165.0	32.74847792741493	33928.0	-13.445121951219514	441.0	6750182.0	205999.20654296875	-558.0	-14.756097560975611	484.0	17.012195121951223	2641.0	3869.5970695970695	-608.0	1.4545454545454546	-9.85645933014354	1508.0	4776448.0	98.64022181694929	3.6076555023923444	4120.0	
2847.0	5.0	1793.0	-6.456521739130435	3.3369565217391304	1946.0	-77.0	0.11544227886056971	0.2563718140929535	-53.0	2265.625	0.07946026986506746	171.0	32.74847792741493	33928.0	-15.487804878048783	508.0	6750502.0	206008.97216796875	-570.0	-13.871951219512196	455.0	17.378048780487806	2651.0	3884.2490842490843	-576.0	1.3779904306220094	-9.808612440191387	1468.0	4776240.0	98.64233739338738	3.511961722488038	4100.0	
2845.0	4.815217391304348	1810.0	-6.434782608695652	3.282608695652174	1951.0	-74.0	0.11094452773613193	0.24887556221889054	-65.0	2275.390625	0.09745127436281859	166.0	32.74847792741493	33928.0	-17.865853658536587	586.0	6750822.0	206018.73779296875	-538.0	-12.865853658536587	422.0	16.402439024390244	2646.0	3876.923076923077	-560.0	1.339712918660287	-9.808612440191387	1436.0	4776240.0	98.64233739338738	3.4354066985645932	4100.0	
2849.0	4.760869565217392	1815.0	-6.478260869565217	3.2282608695652173	1956.0	-79.0	0.1184407796101949	0.24587706146926536	-56.0	2285.15625	0.08395802098950525	164.0	32.74847792741493	33928.0	-20.54878048780488	674.0	6751142.0	206028.50341796875	-486.0	-11.49390243902439	377.0	14.817073170731708	2633.0	3857.875457875458	-520.0	1.244019138755981	-9.818181818181818	1392.0	4776240.0	98.64233739338738	3.3301435406698565	4104.0	
2847.0	4.684782608695652	1822.0	-6.456521739130435	3.119565217391304	1966.0	-82.0	0.12293853073463268	0.24587706146926536	-64.0	2294.921875	0.095952023988006	164.0	32.74847792741493	33928.0	-23.292682926829272	764.0	6751462.0	206038.26904296875	-417.0	-10.152439024390246	333.0	12.713414634146343	2635.0	3860.805860805861	-500.0	1.1961722488038278	-9.84688995215311	1352.0	4776240.0	98.64233739338738	3.2344497607655502	4116.0	
2828.0	4.5978260869565215	1830.0	-6.25	3.1739130434782608	1961.0	-83.0	0.12443778110944527	0.24137931034482757	-53.0	2304.6875	0.07946026986506746	161.0	32.74847792741493	33928.0	-25.792682926829272	846.0	6751782.0	206048.03466796875	-334.0	-8.78048780487805	288.0	10.182926829268293	2653.0	3887.1794871794873	-464.0	1.1100478468899522	-9.818181818181818	1336.0	4776240.0	98.64233739338738	3.1961722488038276	4104.0	
2847.0	4.576086956521739	1832.0	-6.456521739130435	3.0217391304347827	1975.0	-80.0	0.1199400299850075	0.24287856071964017	-55.0	2314.453125	0.08245877061469264	162.0	32.74847792741493	33928.0	-27.926829268292686	916.0	6752102.0	206057.80029296875	-235.0	-7.896341463414635	259.0	7.164634146341464	2635.0	3860.805860805861	-448.0	1.0717703349282297	-9.82775119617225	1308.0	4775984.0	98.64494118189037	3.129186602870813	4108.0	
2856.0	4.630434782608695	1827.0	-6.554347826086956	2.9891304347826084	1978.0	-81.0	0.12143928035982009	0.24137931034482757	-58.0	2324.21875	0.08695652173913043	161.0	32.74847792741493	33928.0	-29.81707317073171	978.0	6752422.0	206067.56591796875	-134.0	-6.737804878048781	221.0	4.085365853658537	2635.0	3860.805860805861	-420.0	1.0047846889952152	-9.866028708133971	1308.0	4775984.0	98.64494118189037	3.129186602870813	4124.0	
2852.0	4.630434782608695	1827.0	-6.510869565217391	2.858695652173913	1990.0	-79.0	0.1184407796101949	0.24287856071964017	-47.0	2333.984375	0.0704647676161919	162.0	32.74847792741493	33928.0	-31.12804878048781	1021.0	6752742.0	206077.33154296875	-37.0	-5.640243902439025	185.0	1.128048780487805	2626.0	3847.6190476190477	-420.0	1.0047846889952152	-9.904306220095693	1280.0	4775984.0	98.64494118189037	3.062200956937799	4140.0	
2861.0	4.608695652173913	1829.0	-6.608695652173913	2.9239130434782608	1984.0	-84.0	0.12593703148425786	0.2368815592203898	-58.0	2343.75	0.08695652173913043	158.0	32.74847792741493	33928.0	-32.25609756097561	1058.0	6753062.0	206087.09716796875	51.0	-5.121951219512195	168.0	-1.5548780487804879	2635.0	3860.805860805861	-396.0	0.9473684210526315	-9.933014354066986	1292.0	4775984.0	98.64494118189037	3.090909090909091	4152.0	
2870.0	4.760869565217392	1815.0	-6.706521739130435	2.891304347826087	1987.0	-81.0	0.12143928035982009	0.2338830584707646	-61.0	2353.515625	0.0914542728635682	156.0	32.74847792741493	33928.0	-32.6219512195122	1070.0	6753382.0	206096.86279296875	121.0	-5.182926829268293	170.0	-3.689024390243903	2644.0	3873.992673992674	-384.0	0.9186602870813396	-9.990430622009569	1312.0	4775984.0	98.64494118189037	3.138755980861244	4176.0	
2873.0	4.673913043478261	1823.0	-6.739130434782608	2.934782608695652	1983.0	-85.0	0.12743628185907047	0.22938530734632684	-63.0	2363.28125	0.0944527736131934	153.0	32.74847792741493	33928.0	-32.5609756097561	1068.0	6753702.0	206106.62841796875	179.0	-4.817073170731708	158.0	-5.457317073170732	2659.0	3895.970695970696	-360.0	0.8612440191387559	-10.105263157894736	1320.0	4776400.0	98.64071002675962	3.1578947368421053	4224.0	
2869.0	4.684782608695652	1822.0	-6.695652173913043	2.793478260869565	1996.0	-80.0	0.1199400299850075	0.22488755622188905	-55.0	2373.046875	0.08245877061469264	150.0	32.74847792741493	33928.0	-32.713414634146346	1073.0	6754022.0	206116.39404296875	213.0	-4.298780487804878	141.0	-6.4939024390243905	2629.0	3852.0146520146523	-344.0	0.8229665071770335	-10.143540669856458	1312.0	4776400.0	98.64071002675962	3.138755980861244	4240.0	
2855.0	4.6521739130434785	1825.0	-6.543478260869565	2.8369565217391304	1992.0	-87.0	0.13043478260869565	0.22488755622188905	-62.0	2382.8125	0.09295352323838081	150.0	32.74847792741493	33928.0	-32.6829268292683	1072.0	6754342.0	206126.15966796875	234.0	-4.481707317073171	147.0	-7.134146341463415	2642.0	3871.062271062271	-340.0	0.8133971291866028	-10.066985645933014	1324.0	4776400.0	98.64071002675962	3.1674641148325358	4208.0	
2865.0	4.706521739130435	1820.0	-6.6521739130434785	2.7717391304347827	1998.0	-85.0	0.12743628185907047	0.22038980509745126	-61.0	2392.578125	0.0914542728635682	147.0	32.74847792741493	33928.0	-31.951219512195124	1048.0	6754662.0	206135.92529296875	270.0	-4.237804878048781	139.0	-8.231707317073171	2637.0	3863.736263736264	-328.0	0.784688995215311	-9.961722488038276	1324.0	4776400.0	98.64071002675962	3.1674641148325358	4164.0	
2847.0	4.684782608695652	1822.0	-6.456521739130435	2.7717391304347827	1998.0	-83.0	0.12443778110944527	0.22038980509745126	-58.0	2402.34375	0.08695652173913043	147.0	32.74847792741493	33928.0	-31.402439024390247	1030.0	6754982.0	206145.69091796875	274.0	-4.634146341463415	152.0	-8.353658536585368	2644.0	3873.992673992674	-316.0	0.7559808612440191	-9.933014354066986	1320.0	4776400.0	98.64071002675962	3.1578947368421053	4152.0	
2855.0	4.826086956521739	1809.0	-6.543478260869565	2.7391304347826084	2001.0	-84.0	0.12593703148425786	0.2143928035982009	-56.0	2412.109375	0.08395802098950525	143.0	32.74847792741493	33928.0	-30.762195121951223	1009.0	6755302.0	206155.45654296875	282.0	-4.664634146341464	153.0	-8.597560975609756	2646.0	3876.923076923077	-300.0	0.7177033492822966	-9.913875598086124	1340.0	4776256.0	98.64217465668354	3.2057416267942584	4144.0	
2847.0	4.695652173913043	1821.0	-6.456521739130435	2.6739130434782608	2007.0	-92.0	0.13793103448275862	0.20689655172413793	-60.0	2421.875	0.08995502248875561	138.0	32.74847792741493	33928.0	-30.243902439024392	992.0	6755622.0	206165.22216796875	275.0	-4.695121951219512	154.0	-8.384146341463415	2633.0	3857.875457875458	-280.0	0.6698564593301435	-9.818181818181818	1328.0	4776256.0	98.64217465668354	3.177033492822966	4104.0	
2846.0	4.717391304347826	1819.0	-6.445652173913043	2.6630434782608696	2008.0	-88.0	0.13193403298350825	0.2128935532233883	-54.0	2431.640625	0.08095952023988005	142.0	32.74847792741493	33928.0	-29.939024390243905	982.0	6755942.0	206174.98779296875	284.0	-5.152439024390245	169.0	-8.658536585365855	2644.0	3873.992673992674	-280.0	0.6698564593301435	-9.741626794258373	1328.0	4776256.0	98.64217465668354	3.177033492822966	4072.0	
2835.0	4.673913043478261	1823.0	-6.326086956521739	2.630434782608696	2011.0	-85.0	0.12743628185907047	0.20689655172413793	-58.0	2441.40625	0.08695652173913043	138.0	32.74847792741493	33928.0	-28.932926829268297	949.0	6756262.0	206184.75341796875	278.0	-4.969512195121951	163.0	-8.475609756097562	2632.0	3856.4102564102564	-268.0	0.6411483253588517	-9.655502392344497	1332.0	4776256.0	98.64217465668354	3.186602870813397	4036.0	
2834.0	4.641304347826087	1826.0	-6.315217391304348	2.630434782608696	2011.0	-84.0	0.12593703148425786	0.20389805097451275	-57.0	2451.171875	0.08545727136431784	136.0	32.74847792741493	33928.0	-28.10975609756098	922.0	6756582.0	206194.51904296875	280.0	-5.335365853658537	175.0	-8.536585365853659	2642.0	3871.062271062271	-256.0	0.6124401913875598	-9.607655502392344	1312.0	4776256.0	98.64217465668354	3.138755980861244	4016.0	
2813.0	4.58695652173913	1831.0	-6.08695652173913	2.6630434782608696	2008.0	-87.0	0.13043478260869565	0.20239880059970014	-60.0	2460.9375	0.08995502248875561	135.0	32.74847792741493	33928.0	-27.34756097560976	897.0	6756902.0	206204.28466796875	283.0	-5.487804878048781	180.0	-8.628048780487806	2644.0	3873.992673992674	-244.0	0.5837320574162679	-9.655502392344497	1320.0	4776384.0	98.64087276338132	3.1578947368421053	4036.0	
2828.0	4.576086956521739	1832.0	-6.25	2.5760869565217392	2016.0	-85.0	0.12743628185907047	0.20089955022488756	-56.0	2470.703125	0.08395802098950525	134.0	32.74847792741493	33928.0	-26.432926829268297	867.0	6757222.0	206214.05029296875	270.0	-5.457317073170732	179.0	-8.231707317073171	2630.0	3853.479853479854	-232.0	0.5550239234449761	-9.569377990430622	1296.0	4776384.0	98.64087276338132	3.1004784688995213	4000.0	
2820.0	4.6521739130434785	1825.0	-6.163043478260869	2.608695652173913	2013.0	-88.0	0.13193403298350825	0.2098950524737631	-60.0	2480.46875	0.08995502248875561	140.0	32.74847792741493	33928.0	-24.969512195121954	819.0	6757542.0	206223.81591796875	274.0	-5.670731707317073	186.0	-8.353658536585368	2644.0	3873.992673992674	-232.0	0.5550239234449761	-9.511961722488039	1292.0	4776384.0	98.64087276338132	3.090909090909091	3976.0	
2818.0	4.684782608695652	1822.0	-6.141304347826087	2.5978260869565215	2014.0	-87.0	0.13043478260869565	0.19790104947526235	-54.0	2490.234375	0.08095952023988005	132.0	32.74847792741493	33928.0	-23.59756097560976	774.0	6757862.0	206233.58154296875	278.0	-6.097560975609757	200.0	-8.475609756097562	2641.0	3869.5970695970695	-224.0	0.5358851674641149	-9.444976076555024	1292.0	4776384.0	98.64087276338132	3.090909090909091	3948.0	
2818.0	4.5978260869565215	1830.0	-6.141304347826087	2.532608695652174	2020.0	-89.0	0.13343328335832083	0.19640179910044978	-55.0	2500.0	0.08245877061469264	131.0	32.74847792741493	33928.0	-21.951219512195124	720.0	6758182.0	206243.34716796875	299.0	-6.585365853658537	216.0	-9.115853658536587	2638.0	3865.2014652014655	-212.0	0.507177033492823	-9.38755980861244	1284.0	4776384.0	98.64087276338132	3.0717703349282295	3924.0	
2819.0	4.75	1816.0	-6.1521739130434785	2.4891304347826084	2024.0	-89.0	0.13343328335832083	0.19790104947526235	-58.0	2509.765625	0.08695652173913043	132.0	32.778304730920354	33934.0	-20.182926829268293	662.0	6758502.0	206253.11279296875	288.0	-6.829268292682928	224.0	-8.78048780487805	2644.0	3873.992673992674	-216.0	0.5167464114832536	-9.339712918660286	1272.0	4776384.0	98.6459222909354	3.0430622009569377	3904.0	
2813.0	4.6521739130434785	1825.0	-6.08695652173913	2.4782608695652173	2025.0	-88.0	0.13193403298350825	0.19640179910044978	-56.0	2519.53125	0.08395802098950525	131.0	32.778304730920354	33934.0	-18.170731707317074	596.0	6758822.0	206262.87841796875	274.0	-7.073170731707318	232.0	-8.353658536585368	2623.0	3843.223443223443	-200.0	0.4784688995215311	-9.224880382775119	1296.0	4776384.0	98.6459222909354	3.1004784688995213	3856.0	
2798.0	4.630434782608695	1827.0	-5.923913043478261	2.4456521739130435	2028.0	-93.0	0.1394302848575712	0.191904047976012	-57.0	2529.296875	0.08545727136431784	128.0	32.778304730920354	33934.0	-16.189024390243905	531.0	6759142.0	206272.64404296875	262.0	-7.713414634146342	253.0	-7.987804878048781	2638.0	3865.2014652014655	-200.0	0.4784688995215311	-9.196172248803828	1296.0	4776384.0	98.6459222909354	3.1004784688995213	3844.0	
2784.0	4.576086956521739	1832.0	-5.771739130434782	2.5543478260869565	2018.0	-89.0	0.13343328335832083	0.191904047976012	-58.0	2539.0625	0.08695652173913043	128.0	32.778304730920354	33934.0	-14.329268292682928	470.0	6759462.0	206282.40966796875	262.0	-7.987804878048781	262.0	-7.987804878048781	2640.0	3868.131868131868	-200.0	0.4784688995215311	-9.177033492822966	1284.0	4776384.0	98.6459222909354	3.0717703349282295	3836.0	
2796.0	4.619565217391305	1828.0	-5.9021739130434785	2.4891304347826084	2024.0	-91.0	0.136431784107946	0.1934032983508246	-56.0	2548.828125	0.08395802098950525	129.0	32.778304730920354	33934.0	-12.378048780487806	406.0	6759782.0	206292.17529296875	263.0	-8.26219512195122	271.0	-8.01829268292683	2627.0	3849.084249084249	-208.0	0.49760765550239233	-9.177033492822966	1288.0	4776384.0	98.6459222909354	3.0813397129186604	3836.0	
2779.0	4.576086956521739	1832.0	-5.717391304347826	2.4456521739130435	2028.0	-83.0	0.12443778110944527	0.1829085457271364	-55.0	2558.59375	0.08245877061469264	122.0	32.778304730920354	33934.0	-10.365853658536587	340.0	6760102.0	206301.94091796875	280.0	-8.323170731707318	273.0	-8.536585365853659	2641.0	3869.5970695970695	-168.0	0.4019138755980861	-9.110047846889952	1260.0	4775376.0	98.65617521473689	3.014354066985646	3808.0	
2790.0	4.608695652173913	1829.0	-5.83695652173913	2.369565217391304	2035.0	-83.0	0.12443778110944527	0.19040479760119938	-51.0	2568.359375	0.07646176911544228	127.0	32.778304730920354	33934.0	-7.835365853658537	257.0	6760422.0	206311.70654296875	300.0	-8.201219512195122	269.0	-9.146341463414634	2648.0	3879.8534798534797	-148.0	0.354066985645933	-9.081339712918659	1256.0	4775376.0	98.65617521473689	3.004784688995215	3796.0	
2788.0	4.532608695652174	1836.0	-5.815217391304348	2.3043478260869565	2041.0	-92.0	0.13793103448275862	0.1874062968515742	-60.0	2578.125	0.08995502248875561	125.0	32.778304730920354	33934.0	-5.823170731707318	191.0	6760742.0	206321.47216796875	334.0	-8.414634146341465	276.0	-10.182926829268293	2633.0	3857.875457875458	-132.0	0.3157894736842105	-9.052631578947368	1244.0	4775376.0	98.65617521473689	2.976076555023923	3784.0	
2798.0	4.543478260869565	1835.0	-5.923913043478261	2.2391304347826084	2047.0	-92.0	0.13793103448275862	0.1874062968515742	-60.0	2587.890625	0.08995502248875561	125.0	32.778304730920354	33934.0	-2.804878048780488	92.0	6761062.0	206331.23779296875	393.0	-7.896341463414635	259.0	-11.981707317073171	2640.0	3868.131868131868	-104.0	0.24880382775119617	-9.09090909090909	1220.0	4775376.0	98.65617521473689	2.9186602870813396	3800.0	
2794.0	4.510869565217392	1838.0	-5.880434782608695	2.217391304347826	2049.0	-90.0	0.13493253373313344	0.191904047976012	-56.0	2597.65625	0.08395802098950525	128.0	32.778304730920354	33934.0	-0.030487804878048783	1.0	6761382.0	206341.00341796875	439.0	-7.77439024390244	255.0	-13.384146341463415	2639.0	3866.6666666666665	-92.0	0.2200956937799043	-9.110047846889952	1224.0	4775376.0	98.65617521473689	2.92822966507177	3808.0	
2798.0	4.521739130434782	1837.0	-5.923913043478261	2.2282608695652173	2048.0	-90.0	0.13493253373313344	0.191904047976012	-56.0	2607.421875	0.08395802098950525	128.0	32.778304730920354	33934.0	3.0487804878048785	-100.0	6761702.0	206350.76904296875	497.0	-7.835365853658537	257.0	-15.152439024390246	2645.0	3875.4578754578756	-92.0	0.2200956937799043	-9.148325358851674	1252.0	4775648.0	98.65340854918945	2.9952153110047846	3824.0	
2804.0	4.58695652173913	1831.0	-5.989130434782608	2.1739130434782608	2053.0	-90.0	0.13493253373313344	0.18590704647676162	-58.0	2617.1875	0.08695652173913043	124.0	32.778304730920354	33934.0	6.890243902439025	-226.0	6762022.0	206360.53466796875	537.0	-7.865853658536586	258.0	-16.371951219512198	2623.0	3843.223443223443	-76.0	0.18181818181818182	-9.23444976076555	1260.0	4775648.0	98.65340854918945	3.014354066985646	3860.0	
2801.0	4.58695652173913	1831.0	-5.956521739130435	2.217391304347826	2049.0	-91.0	0.136431784107946	0.1874062968515742	-51.0	2626.953125	0.07646176911544228	125.0	32.778304730920354	33934.0	10.823170731707318	-355.0	6762342.0	206370.30029296875	588.0	-7.987804878048781	262.0	-17.926829268292686	2625.0	3846.153846153846	-52.0	0.12440191387559808	-9.23444976076555	1292.0	4775648.0	98.65340854918945	3.090909090909091	3860.0	
2804.0	4.75	1816.0	-5.989130434782608	2.2282608695652173	2048.0	-99.0	0.14842578710644677	0.19040479760119938	-54.0	2636.71875	0.08095952023988005	127.0	32.778304730920354	33934.0	14.847560975609758	-487.0	6762662.0	206380.06591796875	605.0	-8.78048780487805	288.0	-18.445121951219512	2641.0	3869.5970695970695	-60.0	0.14354066985645933	-9.301435406698564	1348.0	4775648.0	98.65340854918945	3.2248803827751193	3888.0	
2810.0	4.869565217391305	1805.0	-6.054347826086956	2.2391304347826084	2047.0	-97.0	0.1454272863568216	0.18440779610194902	-54.0	2646.484375	0.08095952023988005	123.0	32.778304730920354	33934.0	19.35975609756098	-635.0	6762982.0	206389.83154296875	604.0	-9.176829268292684	301.0	-18.414634146341466	2648.0	3879.8534798534797	-60.0	0.14354066985645933	-9.368421052631579	1364.0	4775648.0	98.65340854918945	3.263157894736842	3916.0	
2813.0	4.8478260869565215	1807.0	-6.08695652173913	2.1630434782608696	2054.0	-98.0	0.14692653673163417	0.19490254872563717	-54.0	2656.25	0.08095952023988005	130.0	32.778304730920354	33934.0	23.53658536585366	-772.0	6763302.0	206399.59716796875	590.0	-9.451219512195124	310.0	-17.98780487804878	2635.0	3860.805860805861	-48.0	0.11483253588516745	-9.311004784688995	1384.0	4775584.0	98.6540595290809	3.311004784688995	3892.0	
2816.0	5.032608695652174	1790.0	-6.119565217391304	2.141304347826087	2056.0	-98.0	0.14692653673163417	0.1889055472263868	-62.0	2666.015625	0.09295352323838081	126.0	32.778304730920354	33934.0	27.073170731707318	-888.0	6763622.0	206409.36279296875	550.0	-10.121951219512196	332.0	-16.76829268292683	2648.0	3879.8534798534797	-56.0	0.1339712918660287	-9.320574162679426	1408.0	4775584.0	98.6540595290809	3.3684210526315788	3896.0	
2820.0	5.0	1793.0	-6.163043478260869	2.130434782608696	2057.0	-96.0	0.14392803598200898	0.20089955022488756	-55.0	2675.78125	0.08245877061469264	134.0	32.778304730920354	33934.0	30.701219512195124	-1007.0	6763942.0	206419.12841796875	537.0	-10.670731707317074	350.0	-16.371951219512198	2623.0	3843.223443223443	-24.0	0.057416267942583726	-9.37799043062201	1456.0	4775584.0	98.6540595290809	3.4832535885167464	3920.0	
2812.0	5.065217391304348	1787.0	-6.076086956521739	2.0543478260869565	2064.0	-100.0	0.14992503748125938	0.19790104947526235	-52.0	2685.546875	0.07796101949025487	132.0	32.778304730920354	33934.0	34.05487804878049	-1117.0	6764262.0	206428.89404296875	480.0	-10.51829268292683	345.0	-14.634146341463415	2630.0	3853.479853479854	-16.0	0.03827751196172249	-9.37799043062201	1480.0	4775584.0	98.6540595290809	3.54066985645933	3920.0	
2797.0	5.054347826086956	1788.0	-5.913043478260869	2.1630434782608696	2054.0	-100.0	0.14992503748125938	0.20389805097451275	-57.0	2695.3125	0.08545727136431784	136.0	32.778304730920354	33934.0	37.04268292682927	-1215.0	6764582.0	206438.65966796875	412.0	-10.579268292682928	347.0	-12.560975609756099	2643.0	3872.5274725274726	-40.0	0.09569377990430622	-9.349282296650717	1484.0	4775584.0	98.6540595290809	3.5502392344497604	3908.0	
2811.0	5.141304347826087	1780.0	-6.065217391304348	2.032608695652174	2066.0	-97.0	0.1454272863568216	0.19790104947526235	-53.0	2705.078125	0.07946026986506746	132.0	32.778304730920354	33934.0	38.9329268292683	-1277.0	6764902.0	206448.42529296875	410.0	-10.335365853658537	339.0	-12.500000000000002	2633.0	3857.875457875458	-12.0	0.028708133971291863	-9.330143540669857	1512.0	4775952.0	98.65031639669957	3.617224880382775	3900.0	
2805.0	5.130434782608695	1781.0	-6.0	2.0	2069.0	-98.0	0.14692653673163417	0.20539730134932532	-55.0	2714.84375	0.08245877061469264	137.0	32.778304730920354	33934.0	41.06707317073171	-1347.0	6765222.0	206458.19091796875	353.0	-10.091463414634147	331.0	-10.76219512195122	2643.0	3872.5274725274726	24.0	-0.057416267942583726	-9.311004784688995	1528.0	4775952.0	98.65031639669957	3.6555023923444976	3892.0	
2805.0	5.184782608695652	1776.0	-6.0	1.9891304347826086	2070.0	-98.0	0.14692653673163417	0.21139430284857572	-53.0	2724.609375	0.07946026986506746	141.0	32.778304730920354	33934.0	42.6829268292683	-1400.0	6765542.0	206467.95654296875	312.0	-9.359756097560977	307.0	-9.51219512195122	2657.0	3893.040293040293	40.0	-0.09569377990430622	-9.24401913875598	1520.0	4775952.0	98.65031639669957	3.6363636363636362	3864.0	
2808.0	5.206521739130435	1774.0	-6.032608695652174	1.9456521739130435	2074.0	-100.0	0.14992503748125938	0.21889055472263869	-49.0	2734.375	0.07346326836581708	146.0	32.778304730920354	33934.0	43.62804878048781	-1431.0	6765862.0	206477.72216796875	262.0	-8.871951219512196	291.0	-7.987804878048781	2643.0	3872.5274725274726	36.0	-0.08612440191387559	-9.253588516746412	1544.0	4775952.0	98.65031639669957	3.69377990430622	3868.0	
2807.0	5.217391304347826	1773.0	-6.021739130434782	2.032608695652174	2066.0	-102.0	0.15292353823088456	0.21139430284857572	-51.0	2744.140625	0.07646176911544228	141.0	32.778304730920354	33934.0	44.48170731707317	-1459.0	6766182.0	206487.48779296875	220.0	-8.841463414634147	290.0	-6.707317073170732	2637.0	3863.736263736264	28.0	-0.06698564593301436	-9.339712918660286	1580.0	4775952.0	98.65031639669957	3.7799043062200957	3904.0	
2814.0	5.304347826086956	1765.0	-6.0978260869565215	2.043478260869565	2065.0	-100.0	0.14992503748125938	0.22188905547226387	-50.0	2753.90625	0.07496251874062969	148.0	32.778304730920354	33934.0	44.84756097560976	-1471.0	6766502.0	206497.25341796875	183.0	-8.719512195121952	286.0	-5.579268292682928	2627.0	3849.084249084249	20.0	-0.04784688995215311	-9.39712918660287	1612.0	4776304.0	98.64673601372299	3.8564593301435406	3928.0	
2822.0	5.3478260869565215	1761.0	-6.184782608695652	2.0760869565217392	2062.0	-105.0	0.15742128935532235	0.22638680659670163	-58.0	2763.671875	0.08695652173913043	151.0	32.778304730920354	33934.0	45.335365853658544	-1487.0	6766822.0	206507.01904296875	140.0	-8.99390243902439	295.0	-4.2682926829268295	2638.0	3865.2014652014655	4.0	-0.009569377990430622	-9.502392344497608	1636.0	4776304.0	98.64673601372299	3.913875598086124	3972.0	
2834.0	5.369565217391304	1759.0	-6.315217391304348	1.9782608695652173	2071.0	-100.0	0.14992503748125938	0.22938530734632684	-52.0	2773.4375	0.07796101949025487	153.0	32.778304730920354	33934.0	45.09146341463415	-1479.0	6767142.0	206516.78466796875	107.0	-8.384146341463415	275.0	-3.26219512195122	2627.0	3849.084249084249	12.0	-0.028708133971291863	-9.588516746411482	1644.0	4776304.0	98.64673601372299	3.9330143540669855	4008.0	
2836.0	5.3478260869565215	1761.0	-6.33695652173913	1.9565217391304348	2073.0	-99.0	0.14842578710644677	0.23088455772113942	-56.0	2783.203125	0.08395802098950525	154.0	32.778304730920354	33934.0	44.207317073170735	-1450.0	6767462.0	206526.55029296875	81.0	-7.347560975609757	241.0	-2.4695121951219514	2627.0	3849.084249084249	40.0	-0.09569377990430622	-9.69377990430622	1652.0	4776304.0	98.64673601372299	3.952153110047847	4052.0	
2833.0	5.369565217391304	1759.0	-6.304347826086956	1.9021739130434783	2078.0	-108.0	0.1619190404797601	0.24437781109445278	-63.0	2792.96875	0.0944527736131934	163.0	32.778304730920354	33934.0	42.957317073170735	-1409.0	6767782.0	206536.31591796875	73.0	-6.52439024390244	214.0	-2.2256097560975614	2643.0	3872.5274725274726	68.0	-0.16267942583732056	-9.674641148325358	1636.0	4776304.0	98.64673601372299	3.913875598086124	4044.0	
2835.0	5.4021739130434785	1756.0	-6.326086956521739	1.8804347826086956	2080.0	-110.0	0.1649175412293853	0.24737631184407796	-60.0	2802.734375	0.08995502248875561	165.0	32.778304730920354	33934.0	40.91463414634147	-1342.0	6768102.0	206546.08154296875	99.0	-5.121951219512195	168.0	-3.0182926829268295	2652.0	3885.714285714286	112.0	-0.2679425837320574	-9.674641148325358	1640.0	4776112.0	98.6486889493443	3.923444976076555	4044.0	
2842.0	5.391304347826087	1757.0	-6.4021739130434785	1.8043478260869565	2087.0	-105.0	0.15742128935532235	0.25037481259370314	-58.0	2812.5	0.08695652173913043	167.0	32.778304730920354	33934.0	38.9329268292683	-1277.0	6768422.0	206555.84716796875	125.0	-3.8719512195121957	127.0	-3.810975609756098	2634.0	3859.3406593406594	112.0	-0.2679425837320574	-9.703349282296651	1648.0	4776112.0	98.6486889493443	3.942583732057416	4056.0	
2847.0	5.489130434782608	1748.0	-6.456521739130435	1.7934782608695652	2088.0	-103.0	0.15442278860569714	0.25037481259370314	-49.0	2822.265625	0.07346326836581708	167.0	32.778304730920354	33934.0	36.61585365853659	-1201.0	6768742.0	206565.61279296875	186.0	-3.3841463414634148	111.0	-5.670731707317073	2645.0	3875.4578754578756	112.0	-0.2679425837320574	-9.645933014354066	1644.0	4776112.0	98.6486889493443	3.9330143540669855	4032.0	
2848.0	5.380434782608695	1758.0	-6.467391304347826	1.7826086956521738	2089.0	-106.0	0.15892053973013492	0.2563718140929535	-58.0	2832.03125	0.08695652173913043	171.0	32.778304730920354	33934.0	33.44512195121951	-1097.0	6769062.0	206575.37841796875	224.0	-2.2256097560975614	73.0	-6.829268292682928	2626.0	3847.6190476190477	112.0	-0.2679425837320574	-9.68421052631579	1668.0	4776112.0	98.6486889493443	3.990430622009569	4048.0	
2843.0	5.467391304347826	1750.0	-6.413043478260869	1.8043478260869565	2087.0	-102.0	0.15292353823088456	0.25337331334332835	-55.0	2841.796875	0.08245877061469264	169.0	32.778304730920354	33934.0	30.27439024390244	-993.0	6769382.0	206585.14404296875	275.0	-2.1341463414634148	70.0	-8.384146341463415	2634.0	3859.3406593406594	100.0	-0.23923444976076555	-9.751196172248804	1684.0	4776112.0	98.6486889493443	4.028708133971292	4076.0	
2841.0	5.467391304347826	1750.0	-6.391304347826087	1.7934782608695652	2088.0	-107.0	0.16041979010494753	0.2518740629685157	-59.0	2851.5625	0.08845577211394302	168.0	32.778304730920354	33934.0	27.012195121951223	-886.0	6769702.0	206594.90966796875	321.0	-1.3719512195121952	45.0	-9.786585365853659	2641.0	3869.5970695970695	120.0	-0.28708133971291866	-9.84688995215311	1692.0	4776240.0	98.64738699211738	4.047846889952153	4116.0	
2852.0	5.489130434782608	1748.0	-6.510869565217391	1.7391304347826086	2093.0	-109.0	0.1634182908545727	0.2518740629685157	-53.0	2861.328125	0.07946026986506746	168.0	32.778304730920354	33934.0	23.353658536585368	-766.0	6770022.0	206604.67529296875	355.0	-0.1829268292682927	6.0	-10.823170731707318	2631.0	3854.945054945055	140.0	-0.33492822966507174	-9.837320574162678	1704.0	4776240.0	98.64738699211738	4.0765550239234445	4112.0	
2831.0	5.478260869565217	1749.0	-6.282608695652174	1.7826086956521738	2089.0	-105.0	0.15742128935532235	0.25487256371814093	-54.0	2871.09375	0.08095952023988005	170.0	32.778304730920354	33934.0	19.23780487804878	-631.0	6770342.0	206614.44091796875	394.0	0.48780487804878053	-16.0	-12.01219512195122	2642.0	3871.062271062271	140.0	-0.33492822966507174	-9.818181818181818	1708.0	4776240.0	98.64738699211738	4.086124401913875	4104.0	
2840.0	5.554347826086956	1742.0	-6.380434782608695	1.7826086956521738	2089.0	-103.0	0.15442278860569714	0.26686656671664166	-60.0	2880.859375	0.08995502248875561	178.0	32.778304730920354	33934.0	16.06707317073171	-527.0	6770662.0	206624.20654296875	445.0	0.9146341463414634	-30.0	-13.567073170731708	2650.0	3882.7838827838827	140.0	-0.33492822966507174	-9.71291866028708	1724.0	4776240.0	98.64738699211738	4.124401913875598	4060.0	
2842.0	5.543478260869565	1743.0	-6.4021739130434785	1.7391304347826086	2093.0	-105.0	0.15742128935532235	0.26686656671664166	-56.0	2890.625	0.08395802098950525	178.0	32.778304730920354	33934.0	12.53048780487805	-411.0	6770982.0	206633.97216796875	480.0	1.3719512195121952	-45.0	-14.634146341463415	2635.0	3860.805860805861	160.0	-0.3827751196172249	-9.732057416267942	1736.0	4776240.0	98.64738699211738	4.15311004784689	4068.0	
2854.0	5.619565217391304	1736.0	-6.532608695652174	1.684782608695652	2098.0	-106.0	0.15892053973013492	0.27586206896551724	-57.0	2900.390625	0.08545727136431784	184.0	32.778304730920354	33934.0	8.841463414634147	-290.0	6771302.0	206643.73779296875	484.0	2.2865853658536586	-75.0	-14.756097560975611	2640.0	3868.131868131868	176.0	-0.42105263157894735	-9.751196172248804	1744.0	4776128.0	98.64852620465899	4.172248803827751	4076.0	
2841.0	5.565217391304348	1741.0	-6.391304347826087	1.717391304347826	2095.0	-103.0	0.15442278860569714	0.27136431784107945	-60.0	2910.15625	0.08995502248875561	181.0	32.778304730920354	33934.0	5.457317073170732	-179.0	6771622.0	206653.50341796875	509.0	2.408536585365854	-79.0	-15.51829268292683	2633.0	3857.875457875458	160.0	-0.3827751196172249	-9.741626794258373	1760.0	4776128.0	98.64852620465899	4.2105263157894735	4072.0	
2841.0	5.5978260869565215	1738.0	-6.391304347826087	1.75	2092.0	-105.0	0.15742128935532235	0.2623688155922039	-50.0	2919.921875	0.07496251874062969	175.0	32.778304730920354	33934.0	2.378048780487805	-78.0	6771942.0	206663.26904296875	532.0	2.408536585365854	-79.0	-16.219512195121954	2642.0	3871.062271062271	144.0	-0.34449760765550236	-9.71291866028708	1744.0	4776128.0	98.64852620465899	4.172248803827751	4060.0	
2825.0	5.576086956521739	1740.0	-6.217391304347826	1.7391304347826086	2093.0	-105.0	0.15742128935532235	0.2593703148425787	-60.0	2929.6875	0.08995502248875561	173.0	32.778304730920354	33934.0	-0.7926829268292683	26.0	6772262.0	206673.03466796875	526.0	2.2256097560975614	-73.0	-16.03658536585366	2638.0	3865.2014652014655	128.0	-0.3062200956937799	-9.770334928229664	1752.0	4776128.0	98.64852620465899	4.1913875598086126	4084.0	
2845.0	5.58695652173913	1739.0	-6.434782608695652	1.75	2092.0	-105.0	0.15742128935532235	0.2653673163418291	-57.0	2939.453125	0.08545727136431784	177.0	32.778304730920354	33934.0	-3.26219512195122	107.0	6772582.0	206682.80029296875	522.0	2.6219512195121952	-86.0	-15.914634146341465	2627.0	3849.084249084249	144.0	-0.34449760765550236	-9.760765550239235	1756.0	4776128.0	98.64852620465899	4.200956937799043	4080.0	
2840.0	5.608695652173913	1737.0	-6.380434782608695	1.7608695652173914	2091.0	-109.0	0.1634182908545727	0.2698650674662669	-52.0	2949.21875	0.07796101949025487	180.0	32.778304730920354	33934.0	-5.7926829268292686	190.0	6772902.0	206692.56591796875	514.0	2.6524390243902443	-87.0	-15.670731707317074	2647.0	3878.388278388278	156.0	-0.37320574162679426	-9.799043062200957	1764.0	4776288.0	98.6468987583079	4.220095693779904	4096.0	
2842.0	5.608695652173913	1737.0	-6.4021739130434785	1.8043478260869565	2087.0	-101.0	0.15142428785607195	0.2593703148425787	-52.0	2958.984375	0.07796101949025487	173.0	32.778304730920354	33934.0	-8.201219512195122	269.0	6773222.0	206702.33154296875	518.0	2.6524390243902443	-87.0	-15.79268292682927	2653.0	3887.1794871794873	140.0	-0.33492822966507174	-9.732057416267942	1736.0	4776288.0	98.6468987583079	4.15311004784689	4068.0	
2844.0	5.554347826086956	1742.0	-6.423913043478261	1.7391304347826086	2093.0	-106.0	0.15892053973013492	0.26836581709145424	-54.0	2968.75	0.08095952023988005	179.0	32.778304730920354	33934.0	-10.640243902439025	349.0	6773542.0	206712.09716796875	507.0	2.347560975609756	-77.0	-15.457317073170733	2637.0	3863.736263736264	164.0	-0.3923444976076555	-9.68421052631579	1716.0	4776288.0	98.6468987583079	4.105263157894736	4048.0	
2847.0	5.630434782608695	1735.0	-6.456521739130435	1.7717391304347825	2090.0	-99.0	0.14842578710644677	0.2653673163418291	-54.0	2978.515625	0.08095952023988005	177.0	32.778304730920354	33934.0	-12.408536585365855	407.0	6773862.0	206721.86279296875	500.0	1.829268292682927	-60.0	-15.243902439024392	2651.0	3884.2490842490843	148.0	-0.354066985645933	-9.636363636363637	1708.0	4776288.0	98.6468987583079	4.086124401913875	4028.0	
2830.0	5.521739130434782	1745.0	-6.271739130434782	1.826086956521739	2085.0	-97.0	0.1454272863568216	0.2623688155922039	-52.0	2988.28125	0.07796101949025487	175.0	32.778304730920354	33934.0	-14.481707317073171	475.0	6774182.0	206731.62841796875	507.0	0.9756097560975611	-32.0	-15.457317073170733	2657.0	3893.040293040293	140.0	-0.33492822966507174	-9.588516746411482	1712.0	4776288.0	98.6468987583079	4.095693779904306	4008.0	
2829.0	5.521739130434782	1745.0	-6.260869565217391	1.891304347826087	2079.0	-105.0	0.15742128935532235	0.2653673163418291	-50.0	2998.046875	0.07496251874062969	177.0	32.778304730920354	33934.0	-15.823170731707318	519.0	6774502.0	206741.39404296875	479.0	0.426829268292683	-14.0	-14.603658536585368	2651.0	3884.2490842490843	132.0	-0.3157894736842105	-9.569377990430622	1700.0	4776432.0	98.6454340573724	4.0669856459330145	4000.0	
2810.0	5.489130434782608	1748.0	-6.054347826086956	1.7934782608695652	2088.0	-107.0	0.16041979010494753	0.26836581709145424	-56.0	3007.8125	0.08395802098950525	179.0	32.778304730920354	33934.0	-17.164634146341466	563.0	6774822.0	206751.15966796875	440.0	-0.5182926829268293	17.0	-13.414634146341465	2641.0	3869.5970695970695	132.0	-0.3157894736842105	-9.473684210526315	1696.0	4776432.0	98.6454340573724	4.057416267942584	3960.0	
2814.0	5.489130434782608	1748.0	-6.0978260869565215	1.826086956521739	2085.0	-103.0	0.15442278860569714	0.272863568215892	-54.0	3017.578125	0.08095952023988005	182.0	32.778304730920354	33934.0	-18.445121951219512	605.0	6775142.0	206760.92529296875	410.0	-1.5548780487804879	51.0	-12.500000000000002	2636.0	3862.2710622710624	116.0	-0.27751196172248804	-9.37799043062201	1708.0	4776432.0	98.6454340573724	4.086124401913875	3920.0	
2791.0	5.510869565217392	1746.0	-5.8478260869565215	1.9239130434782608	2076.0	-103.0	0.15442278860569714	0.2623688155922039	-53.0	3027.34375	0.07946026986506746	175.0	32.778304730920354	33934.0	-19.26829268292683	632.0	6775462.0	206770.69091796875	351.0	-2.6524390243902443	87.0	-10.701219512195124	2649.0	3881.3186813186812	96.0	-0.2296650717703349	-9.349282296650717	1712.0	4776432.0	98.6454340573724	4.095693779904306	3908.0	
2804.0	5.543478260869565	1743.0	-5.989130434782608	2.043478260869565	2065.0	-107.0	0.16041979010494753	0.2698650674662669	-53.0	3037.109375	0.07946026986506746	180.0	32.778304730920354	33934.0	-19.969512195121954	655.0	6775782.0	206780.45654296875	260.0	-4.237804878048781	139.0	-7.926829268292684	2660.0	3897.4358974358975	76.0	-0.18181818181818182	-9.282296650717702	1728.0	4776432.0	98.6454340573724	4.133971291866029	3880.0	
2800.0	5.565217391304348	1741.0	-5.945652173913043	1.9891304347826086	2070.0	-104.0	0.15592203898050974	0.2608695652173913	-53.0	3046.875	0.07946026986506746	174.0	32.778304730920354	33934.0	-20.335365853658537	667.0	6776102.0	206790.22216796875	163.0	-5.670731707317073	186.0	-4.969512195121951	2636.0	3862.2710622710624	48.0	-0.11483253588516745	-9.253588516746412	1724.0	4776416.0	98.64559680188427	4.124401913875598	3868.0	
2807.0	5.608695652173913	1737.0	-6.021739130434782	2.0	2069.0	-105.0	0.15742128935532235	0.2608695652173913	-59.0	3056.640625	0.08845577211394302	174.0	32.778304730920354	33934.0	-20.396341463414636	669.0	6776422.0	206799.98779296875	34.0	-7.164634146341464	235.0	-1.0365853658536586	2638.0	3865.2014652014655	32.0	-0.07655502392344497	-9.196172248803828	1732.0	4776416.0	98.64559680188427	4.143540669856459	3844.0	
2795.0	5.576086956521739	1740.0	-5.891304347826087	2.010869565217391	2068.0	-105.0	0.15742128935532235	0.25037481259370314	-51.0	3066.40625	0.07646176911544228	167.0	32.778304730920354	33934.0	-20.0609756097561	658.0	6776742.0	206809.75341796875	-98.0	-7.865853658536586	258.0	2.987804878048781	2631.0	3854.945054945055	28.0	-0.06698564593301436	-9.157894736842104	1728.0	4776416.0	98.64559680188427	4.133971291866029	3828.0	
2796.0	5.565217391304348	1741.0	-5.9021739130434785	2.0543478260869565	2064.0	-104.0	0.15592203898050974	0.2578710644677661	-59.0	3076.171875	0.08845577211394302	172.0	32.778304730920354	33934.0	-19.664634146341466	645.0	6777062.0	206819.51904296875	-233.0	-8.932926829268293	293.0	7.103658536585367	2641.0	3869.5970695970695	8.0	-0.019138755980861243	-9.138755980861244	1732.0	4776416.0	98.64559680188427	4.143540669856459	3820.0	
2800.0	5.532608695652174	1744.0	-5.945652173913043	2.0869565217391304	2061.0	-103.0	0.15442278860569714	0.2578710644677661	-55.0	3085.9375	0.08245877061469264	172.0	32.778304730920354	33934.0	-18.932926829268293	621.0	6777382.0	206829.28466796875	-353.0	-9.878048780487806	324.0	10.76219512195122	2629.0	3852.0146520146523	-4.0	0.009569377990430622	-9.215311004784688	1720.0	4776416.0	98.64559680188427	4.114832535885167	3852.0	
2807.0	5.434782608695652	1753.0	-6.021739130434782	2.032608695652174	2066.0	-102.0	0.15292353823088456	0.2578710644677661	-60.0	3095.703125	0.08995502248875561	172.0	32.778304730920354	33934.0	-18.384146341463417	603.0	6777702.0	206839.05029296875	-428.0	-10.609756097560977	348.0	13.04878048780488	2630.0	3853.479853479854	16.0	-0.03827751196172249	-9.301435406698564	1676.0	4776240.0	98.64738699211738	4.009569377990431	3888.0	
2802.0	5.391304347826087	1757.0	-5.967391304347826	2.0869565217391304	2061.0	-101.0	0.15142428785607195	0.2593703148425787	-53.0	3105.46875	0.07946026986506746	173.0	32.778304730920354	33934.0	-18.04878048780488	592.0	6778022.0	206848.81591796875	-507.0	-10.76219512195122	353.0	15.457317073170733	2644.0	3873.992673992674	0.0	0.0	-9.330143540669857	1640.0	4776240.0	98.64738699211738	3.923444976076555	3900.0	
2805.0	5.326086956521739	1763.0	-6.0	2.1630434782608696	2054.0	-114.0	0.17091454272863568	0.2593703148425787	-55.0	3115.234375	0.08245877061469264	173.0	32.778304730920354	33934.0	-17.957317073170735	589.0	6778342.0	206858.58154296875	-536.0	-11.158536585365855	366.0	16.34146341463415	2652.0	3885.714285714286	0.0	0.0	-9.272727272727272	1604.0	4776240.0	98.64738699211738	3.8373205741626792	3876.0	
2806.0	5.282608695652174	1767.0	-6.010869565217392	2.0760869565217392	2062.0	-106.0	0.15892053973013492	0.2518740629685157	-60.0	3125.0	0.08995502248875561	168.0	32.778304730920354	33934.0	-17.713414634146343	581.0	6778662.0	206868.34716796875	-545.0	-11.920731707317074	391.0	16.615853658536587	2639.0	3866.6666666666665	-8.0	0.019138755980861243	-9.23444976076555	1576.0	4776240.0	98.64738699211738	3.7703349282296648	3860.0	
2820.0	5.3478260869565215	1761.0	-6.163043478260869	2.141304347826087	2056.0	-108.0	0.1619190404797601	0.2518740629685157	-50.0	3134.765625	0.07496251874062969	168.0	32.778304730920354	33934.0	-17.31707317073171	568.0	6778982.0	206878.11279296875	-559.0	-12.469512195121952	409.0	17.04268292682927	2650.0	3882.7838827838827	-32.0	0.07655502392344497	-9.301435406698564	1596.0	4776240.0	98.64738699211738	3.818181818181818	3888.0	
2813.0	5.315217391304348	1764.0	-6.08695652173913	2.2282608695652173	2048.0	-107.0	0.16041979010494753	0.239880059970015	-56.0	3144.53125	0.08395802098950525	160.0	32.778304730920354	33934.0	-16.707317073170735	548.0	6779302.0	206887.87841796875	-583.0	-12.957317073170733	425.0	17.77439024390244	2652.0	3885.714285714286	-24.0	0.057416267942583726	-9.339712918660286	1596.0	4776272.0	98.64706150290192	3.818181818181818	3904.0	
2820.0	5.391304347826087	1757.0	-6.163043478260869	2.1847826086956523	2052.0	-106.0	0.15892053973013492	0.2383808095952024	-54.0	3154.296875	0.08095952023988005	159.0	32.778304730920354	33934.0	-15.914634146341465	522.0	6779622.0	206897.64404296875	-649.0	-13.323170731707318	437.0	19.78658536585366	2638.0	3865.2014652014655	-60.0	0.14354066985645933	-9.444976076555024	1624.0	4776272.0	98.64706150290192	3.8851674641148324	3948.0	
2818.0	5.413043478260869	1755.0	-6.141304347826087	2.25	2046.0	-108.0	0.1619190404797601	0.24287856071964017	-60.0	3164.0625	0.08995502248875561	162.0	32.778304730920354	33934.0	-15.487804878048783	508.0	6779942.0	206907.40966796875	-692.0	-13.445121951219514	441.0	21.09756097560976	2641.0	3869.5970695970695	-80.0	0.19138755980861244	-9.55023923444976	1648.0	4776272.0	98.64706150290192	3.942583732057416	3992.0	
2831.0	5.358695652173913	1760.0	-6.282608695652174	2.217391304347826	2049.0	-108.0	0.1619190404797601	0.24437781109445278	-54.0	3173.828125	0.08095952023988005	163.0	32.778304730920354	33934.0	-15.457317073170733	507.0	6780262.0	206917.17529296875	-768.0	-13.201219512195124	433.0	23.414634146341466	2636.0	3862.2710622710624	-72.0	0.17224880382775118	-9.607655502392344	1632.0	4776272.0	98.64706150290192	3.9043062200956937	4016.0	
2814.0	5.282608695652174	1767.0	-6.0978260869565215	2.2282608695652173	2048.0	-114.0	0.17091454272863568	0.24437781109445278	-60.0	3183.59375	0.08995502248875561	163.0	32.778304730920354	33934.0	-15.365853658536587	504.0	6780582.0	206926.94091796875	-821.0	-12.378048780487806	406.0	25.03048780487805	2651.0	3884.2490842490843	-68.0	0.16267942583732056	-9.588516746411482	1612.0	4776272.0	98.64706150290192	3.8564593301435406	4008.0	
2827.0	5.228260869565217	1772.0	-6.239130434782608	2.3043478260869565	2041.0	-114.0	0.17091454272863568	0.24437781109445278	-57.0	3193.359375	0.08545727136431784	163.0	32.778304730920354	33934.0	-15.79268292682927	518.0	6780902.0	206936.70654296875	-853.0	-11.036585365853659	362.0	26.00609756097561	2655.0	3890.10989010989	-56.0	0.1339712918660287	-9.569377990430622	1588.0	4776208.0	98.64771248136934	3.799043062200957	4000.0	
2828.0	5.173913043478261	1777.0	-6.25	2.119565217391304	2058.0	-114.0	0.17091454272863568	0.2338830584707646	-54.0	3203.125	0.08095952023988005	156.0	32.778304730920354	33934.0	-16.158536585365855	530.0	6781222.0	206946.47216796875	-836.0	-9.756097560975611	320.0	25.487804878048784	2638.0	3865.2014652014655	-24.0	0.057416267942583726	-9.569377990430622	1556.0	4776208.0	98.64771248136934	3.7224880382775116	4000.0	
2837.0	5.141304347826087	1780.0	-6.3478260869565215	2.0543478260869565	2064.0	-113.0	0.16941529235382308	0.23238380809595202	-54.0	3212.890625	0.08095952023988005	155.0	32.778304730920354	33934.0	-16.76829268292683	550.0	6781542.0	206956.23779296875	-824.0	-7.713414634146342	253.0	25.121951219512198	2642.0	3871.062271062271	-12.0	0.028708133971291863	-9.569377990430622	1520.0	4776208.0	98.64771248136934	3.6363636363636362	4000.0	
2828.0	5.032608695652174	1790.0	-6.25	2.0869565217391304	2061.0	-114.0	0.17091454272863568	0.22338830584707645	-55.0	3222.65625	0.08245877061469264	149.0	32.778304730920354	33934.0	-17.103658536585368	561.0	6781862.0	206966.00341796875	-776.0	-6.341463414634147	208.0	23.658536585365855	2630.0	3853.479853479854	-16.0	0.03827751196172249	-9.598086124401913	1492.0	4776208.0	98.64771248136934	3.5693779904306218	4012.0	
2832.0	5.010869565217392	1792.0	-6.293478260869565	2.0760869565217392	2062.0	-122.0	0.1829085457271364	0.22938530734632684	-55.0	3232.421875	0.08245877061469264	153.0	32.778304730920354	33934.0	-17.957317073170735	589.0	6782182.0	206975.76904296875	-711.0	-5.2439024390243905	172.0	21.676829268292686	2644.0	3873.992673992674	-24.0	0.057416267942583726	-9.617224880382775	1468.0	4776208.0	98.64771248136934	3.511961722488038	4020.0	
2820.0	5.0	1793.0	-6.163043478260869	2.0869565217391304	2061.0	-116.0	0.17391304347826086	0.22188905547226387	-52.0	3242.1875	0.07796101949025487	148.0	32.778304730920354	33934.0	-18.201219512195124	597.0	6782502.0	206985.53466796875	-644.0	-4.51219512195122	148.0	19.634146341463417	2637.0	3863.736263736264	-28.0	0.06698564593301436	-9.636363636363637	1484.0	4776544.0	98.64429484604489	3.5502392344497604	4028.0	
2840.0	5.0	1793.0	-6.380434782608695	2.0760869565217392	2062.0	-115.0	0.17241379310344826	0.23238380809595202	-47.0	3251.953125	0.0704647676161919	155.0	32.778304730920354	33934.0	-18.323170731707318	601.0	6782822.0	206995.30029296875	-578.0	-3.7500000000000004	123.0	17.621951219512198	2628.0	3850.5494505494507	-44.0	0.10526315789473684	-9.71291866028708	1480.0	4776544.0	98.64429484604489	3.54066985645933	4060.0	
2855.0	5.065217391304348	1787.0	-6.543478260869565	2.0978260869565215	2060.0	-117.0	0.17541229385307347	0.22488755622188905	-59.0	3261.71875	0.08845577211394302	150.0	32.778304730920354	33934.0	-17.957317073170735	589.0	6783142.0	207005.06591796875	-513.0	-2.957317073170732	97.0	15.640243902439027	2639.0	3866.6666666666665	-20.0	0.04784688995215311	-9.751196172248804	1476.0	4776544.0	98.64429484604489	3.5311004784688995	4076.0	
2848.0	5.0	1793.0	-6.467391304347826	2.1630434782608696	2054.0	-112.0	0.1679160419790105	0.22038980509745126	-48.0	3271.484375	0.07196401799100449	147.0	32.778304730920354	33934.0	-17.713414634146343	581.0	6783462.0	207014.83154296875	-467.0	-2.164634146341464	71.0	14.237804878048781	2656.0	3891.5750915750914	12.0	-0.028708133971291863	-9.808612440191387	1464.0	4776544.0	98.64429484604489	3.5023923444976077	4100.0	
2851.0	4.989130434782608	1794.0	-6.5	1.9891304347826086	2070.0	-114.0	0.17091454272863568	0.21589205397301348	-54.0	3281.25	0.08095952023988005	144.0	32.778304730920354	33934.0	-17.347560975609756	569.0	6783782.0	207024.59716796875	-423.0	-1.2500000000000002	41.0	12.896341463414636	2631.0	3854.945054945055	20.0	-0.04784688995215311	-9.779904306220095	1448.0	4776544.0	98.64429484604489	3.464114832535885	4088.0	
2854.0	5.010869565217392	1792.0	-6.532608695652174	2.0217391304347827	2067.0	-111.0	0.1664167916041979	0.21889055472263869	-56.0	3291.015625	0.08395802098950525	146.0	32.778304730920354	33934.0	-17.31707317073171	568.0	6784102.0	207034.36279296875	-374.0	0.1829268292682927	-6.0	11.402439024390246	2652.0	3885.714285714286	24.0	-0.057416267942583726	-9.703349282296651	1452.0	4776592.0	98.64380661275574	3.4736842105263155	4056.0	
2853.0	4.956521739130435	1797.0	-6.521739130434782	1.9891304347826086	2070.0	-110.0	0.1649175412293853	0.21139430284857572	-48.0	3300.78125	0.07196401799100449	141.0	32.778304730920354	33934.0	-16.3109756097561	535.0	6784422.0	207044.12841796875	-291.0	0.7621951219512196	-25.0	8.871951219512196	2622.0	3841.758241758242	24.0	-0.057416267942583726	-9.722488038277511	1448.0	4776592.0	98.64380661275574	3.464114832535885	4064.0	
2847.0	4.945652173913043	1798.0	-6.456521739130435	1.9239130434782608	2076.0	-116.0	0.17391304347826086	0.21139430284857572	-54.0	3310.546875	0.08095952023988005	141.0	32.778304730920354	33934.0	-15.945121951219514	523.0	6784742.0	207053.89404296875	-214.0	1.8902439024390245	-62.0	6.52439024390244	2637.0	3863.736263736264	36.0	-0.08612440191387559	-9.82775119617225	1444.0	4776592.0	98.64380661275574	3.4545454545454546	4108.0	
2844.0	4.945652173913043	1798.0	-6.423913043478261	1.891304347826087	2079.0	-109.0	0.1634182908545727	0.21589205397301348	-47.0	3320.3125	0.0704647676161919	144.0	32.778304730920354	33934.0	-15.701219512195124	515.0	6785062.0	207063.65966796875	-142.0	3.414634146341464	-112.0	4.329268292682928	2635.0	3860.805860805861	44.0	-0.10526315789473684	-9.82775119617225	1416.0	4776592.0	98.64380661275574	3.38755980861244	4108.0	
2846.0	4.9021739130434785	1802.0	-6.445652173913043	1.8695652173913042	2081.0	-114.0	0.17091454272863568	0.21589205397301348	-48.0	3330.078125	0.07196401799100449	144.0	32.778304730920354	33934.0	-15.457317073170733	507.0	6785382.0	207073.42529296875	-76.0	4.0548780487804885	-133.0	2.3170731707317076	2637.0	3863.736263736264	76.0	-0.18181818181818182	-9.799043062200957	1412.0	4776592.0	98.64380661275574	3.3779904306220097	4096.0	
2827.0	4.891304347826087	1803.0	-6.239130434782608	1.891304347826087	2079.0	-112.0	0.1679160419790105	0.2098950524737631	-52.0	3339.84375	0.07796101949025487	140.0	32.778304730920354	33934.0	-14.878048780487806	488.0	6785702.0	207083.19091796875	-11.0	4.969512195121951	-163.0	0.3353658536585366	2652.0	3885.714285714286	76.0	-0.18181818181818182	-9.751196172248804	1424.0	4776384.0	98.6459222909354	3.4066985645933014	4076.0	
2841.0	4.923913043478261	1800.0	-6.391304347826087	2.0	2069.0	-115.0	0.17241379310344826	0.21589205397301348	-50.0	3349.609375	0.07496251874062969	144.0	32.778304730920354	33934.0	-14.085365853658537	462.0	6786022.0	207092.95654296875	25.0	5.5182926829268295	-181.0	-0.7621951219512196	2662.0	3900.3663003663005	96.0	-0.2296650717703349	-9.703349282296651	1420.0	4776384.0	98.6459222909354	3.3971291866028706	4056.0	
2840.0	4.956521739130435	1797.0	-6.380434782608695	1.9130434782608696	2077.0	-113.0	0.16941529235382308	0.20689655172413793	-58.0	3359.375	0.08695652173913043	138.0	32.778304730920354	33934.0	-13.109756097560977	430.0	6786342.0	207102.72216796875	65.0	5.548780487804879	-182.0	-1.981707317073171	2644.0	3873.992673992674	76.0	-0.18181818181818182	-9.760765550239235	1452.0	4776384.0	98.6459222909354	3.4736842105263155	4080.0	
2849.0	5.065217391304348	1787.0	-6.478260869565217	1.9239130434782608	2076.0	-117.0	0.17541229385307347	0.2083958020989505	-55.0	3369.140625	0.08245877061469264	139.0	32.778304730920354	33934.0	-12.408536585365855	407.0	6786662.0	207112.48779296875	52.0	4.847560975609756	-159.0	-1.5853658536585367	2644.0	3873.992673992674	64.0	-0.15311004784688995	-9.732057416267942	1468.0	4776384.0	98.6459222909354	3.511961722488038	4068.0	
2838.0	5.054347826086956	1788.0	-6.358695652173913	1.9021739130434783	2078.0	-109.0	0.1634182908545727	0.21139430284857572	-49.0	3378.90625	0.07346326836581708	141.0	32.778304730920354	33934.0	-11.615853658536587	381.0	6786982.0	207122.25341796875	38.0	4.603658536585367	-151.0	-1.1585365853658538	2630.0	3853.479853479854	68.0	-0.16267942583732056	-9.703349282296651	1492.0	4776384.0	98.6459222909354	3.5693779904306218	4056.0	
2836.0	5.065217391304348	1787.0	-6.33695652173913	1.9239130434782608	2076.0	-114.0	0.17091454272863568	0.20389805097451275	-52.0	3388.671875	0.07796101949025487	136.0	32.778304730920354	33934.0	-10.76219512195122	353.0	6787302.0	207132.01904296875	7.0	3.689024390243903	-121.0	-0.2134146341463415	2637.0	3863.736263736264	76.0	-0.18181818181818182	-9.626794258373206	1492.0	4776592.0	98.64380661275574	3.5693779904306218	4024.0	
2820.0	5.0978260869565215	1784.0	-6.163043478260869	1.8478260869565217	2083.0	-118.0	0.17691154422788605	0.20239880059970014	-52.0	3398.4375	0.07796101949025487	135.0	32.778304730920354	33934.0	-9.603658536585368	315.0	6787622.0	207141.78466796875	-54.0	3.1097560975609757	-102.0	1.6463414634146343	2638.0	3865.2014652014655	84.0	-0.20095693779904306	-9.578947368421053	1492.0	4776592.0	98.64380661275574	3.5693779904306218	4004.0	
2828.0	5.108695652173913	1783.0	-6.25	1.8804347826086956	2080.0	-112.0	0.1679160419790105	0.20239880059970014	-59.0	3408.203125	0.08845577211394302	135.0	32.778304730920354	33934.0	-8.170731707317074	268.0	6787942.0	207151.55029296875	-107.0	2.682926829268293	-88.0	3.26219512195122	2623.0	3843.223443223443	84.0	-0.20095693779904306	-9.569377990430622	1504.0	4776592.0	98.64380661275574	3.5980861244019136	4000.0	
2822.0	5.065217391304348	1787.0	-6.184782608695652	1.934782608695652	2075.0	-112.0	0.1679160419790105	0.2083958020989505	-50.0	3417.96875	0.07496251874062969	139.0	32.778304730920354	33934.0	-6.920731707317074	227.0	6788262.0	207161.31591796875	-168.0	2.5914634146341466	-85.0	5.121951219512195	2646.0	3876.923076923077	76.0	-0.18181818181818182	-9.55023923444976	1496.0	4776592.0	98.64380661275574	3.5789473684210527	3992.0	
2829.0	5.054347826086956	1788.0	-6.260869565217391	2.043478260869565	2065.0	-120.0	0.17991004497751123	0.20239880059970014	-53.0	3427.734375	0.07946026986506746	135.0	32.778304730920354	33934.0	-5.975609756097562	196.0	6788582.0	207171.08154296875	-219.0	2.3170731707317076	-76.0	6.676829268292684	2656.0	3891.5750915750914	52.0	-0.12440191387559808	-9.569377990430622	1484.0	4776592.0	98.64380661275574	3.5502392344497604	4000.0	
2830.0	5.0	1793.0	-6.271739130434782	1.9130434782608696	2077.0	-109.0	0.1634182908545727	0.20389805097451275	-50.0	3437.5	0.07496251874062969	136.0	32.778304730920354	33934.0	-4.725609756097562	155.0	6788902.0	207180.84716796875	-239.0	2.073170731707317	-68.0	7.286585365853659	2637.0	3863.736263736264	40.0	-0.09569377990430622	-9.511961722488039	1456.0	4776480.0	98.64494582389156	3.4832535885167464	3976.0	
2838.0	4.989130434782608	1794.0	-6.358695652173913	2.0	2069.0	-109.0	0.1634182908545727	0.20389805097451275	-50.0	3447.265625	0.07496251874062969	136.0	32.778304730920354	33934.0	-3.5670731707317076	117.0	6789222.0	207190.61279296875	-253.0	1.9207317073170733	-63.0	7.713414634146342	2656.0	3891.5750915750914	68.0	-0.16267942583732056	-9.531100478468899	1444.0	4776480.0	98.64494582389156	3.4545454545454546	3984.0	
2835.0	4.9021739130434785	1802.0	-6.326086956521739	1.891304347826087	2079.0	-103.0	0.15442278860569714	0.1934032983508246	-52.0	3457.03125	0.07796101949025487	129.0	32.778304730920354	33934.0	-2.3170731707317076	76.0	6789542.0	207200.37841796875	-243.0	2.5609756097560976	-84.0	7.408536585365854	2621.0	3840.2930402930406	64.0	-0.15311004784688995	-9.54066985645933	1420.0	4776480.0	98.64494582389156	3.3971291866028706	3988.0	
2824.0	4.869565217391305	1805.0	-6.206521739130435	1.858695652173913	2082.0	-103.0	0.15442278860569714	0.1934032983508246	-52.0	3466.796875	0.07796101949025487	129.0	32.778304730920354	33934.0	-1.1585365853658538	38.0	6789862.0	207210.14404296875	-220.0	2.9268292682926833	-96.0	6.707317073170732	2636.0	3862.2710622710624	84.0	-0.20095693779904306	-9.531100478468899	1388.0	4776480.0	98.64494582389156	3.3205741626794256	3984.0	
2817.0	4.869565217391305	1805.0	-6.130434782608695	1.8152173913043477	2086.0	-108.0	0.1619190404797601	0.20239880059970014	-49.0	3476.5625	0.07346326836581708	135.0	32.778304730920354	33934.0	0.24390243902439027	-8.0	6790182.0	207219.90966796875	-179.0	3.8414634146341466	-126.0	5.457317073170732	2630.0	3853.479853479854	80.0	-0.19138755980861244	-9.502392344497608	1388.0	4776480.0	98.64494582389156	3.3205741626794256	3972.0	
2822.0	4.793478260869565	1812.0	-6.184782608695652	1.8478260869565217	2083.0	-113.0	0.16941529235382308	0.20389805097451275	-55.0	3486.328125	0.08245877061469264	136.0	32.778304730920354	33934.0	2.0121951219512195	-66.0	6790502.0	207229.67529296875	-130.0	4.329268292682928	-142.0	3.963414634146342	2635.0	3860.805860805861	68.0	-0.16267942583732056	-9.502392344497608	1376.0	4776688.0	98.64283014642389	3.291866028708134	3972.0	
2821.0	4.934782608695652	1799.0	-6.173913043478261	1.8152173913043477	2086.0	-117.0	0.17541229385307347	0.21139430284857572	-50.0	3496.09375	0.07496251874062969	141.0	32.778304730920354	33934.0	3.2926829268292686	-108.0	6790822.0	207239.44091796875	-87.0	4.664634146341464	-153.0	2.6524390243902443	2631.0	3854.945054945055	76.0	-0.18181818181818182	-9.483253588516746	1368.0	4776688.0	98.64283014642389	3.2727272727272725	3964.0	
2816.0	4.793478260869565	1812.0	-6.119565217391304	2.0869565217391304	2061.0	-112.0	0.1679160419790105	0.20389805097451275	-57.0	3505.859375	0.08545727136431784	136.0	32.778304730920354	33934.0	5.670731707317073	-186.0	6791142.0	207249.20654296875	-39.0	4.847560975609756	-159.0	1.1890243902439026	2657.0	3893.040293040293	72.0	-0.17224880382775118	-9.444976076555024	1364.0	4776688.0	98.64283014642389	3.263157894736842	3948.0	
2812.0	4.793478260869565	1812.0	-6.076086956521739	1.9782608695652173	2071.0	-104.0	0.15592203898050974	0.20089955022488756	-58.0	3515.625	0.08695652173913043	134.0	32.778304730920354	33934.0	7.134146341463415	-234.0	6791462.0	207258.97216796875	-8.0	5.091463414634147	-167.0	0.24390243902439027	2638.0	3865.2014652014655	64.0	-0.15311004784688995	-9.37799043062201	1380.0	4776688.0	98.64283014642389	3.3014354066985643	3920.0	
2815.0	4.880434782608695	1804.0	-6.108695652173913	1.967391304347826	2072.0	-107.0	0.16041979010494753	0.20089955022488756	-50.0	3525.390625	0.07496251874062969	134.0	32.778304730920354	33934.0	9.176829268292684	-301.0	6791782.0	207268.73779296875	9.0	4.969512195121951	-163.0	-0.27439024390243905	2642.0	3871.062271062271	40.0	-0.09569377990430622	-9.311004784688995	1380.0	4776688.0	98.64283014642389	3.3014354066985643	3892.0	
2800.0	4.891304347826087	1803.0	-5.945652173913043	2.010869565217391	2068.0	-108.0	0.1619190404797601	0.20689655172413793	-54.0	3535.15625	0.08095952023988005	138.0	32.778304730920354	33934.0	11.52439024390244	-378.0	6792102.0	207278.50341796875	17.0	4.847560975609756	-159.0	-0.5182926829268293	2630.0	3853.479853479854	36.0	-0.08612440191387559	-9.272727272727272	1400.0	4776656.0	98.64315563516466	3.3492822966507174	3876.0	
2798.0	4.934782608695652	1799.0	-5.923913043478261	1.9891304347826086	2070.0	-111.0	0.1664167916041979	0.20689655172413793	-58.0	3544.921875	0.08695652173913043	138.0	32.778304730920354	33934.0	13.475609756097562	-442.0	6792422.0	207288.26904296875	20.0	4.908536585365854	-161.0	-0.6097560975609757	2639.0	3866.6666666666665	20.0	-0.04784688995215311	-9.24401913875598	1424.0	4776656.0	98.64315563516466	3.4066985645933014	3864.0	
2794.0	5.0	1793.0	-5.880434782608695	1.9782608695652173	2071.0	-106.0	0.15892053973013492	0.21139430284857572	-49.0	3554.6875	0.07346326836581708	141.0	32.778304730920354	33934.0	16.00609756097561	-525.0	6792742.0	207298.03466796875	2.0	4.908536585365854	-161.0	-0.06097560975609757	2635.0	3860.805860805861	24.0	-0.057416267942583726	-9.215311004784688	1440.0	4776656.0	98.64315563516466	3.4449760765550237	3852.0	
2804.0	4.989130434782608	1794.0	-5.989130434782608	1.967391304347826	2072.0	-107.0	0.16041979010494753	0.20389805097451275	-57.0	3564.453125	0.08545727136431784	136.0	32.778304730920354	33934.0	18.04878048780488	-592.0	6793062.0	207307.80029296875	-5.0	5.121951219512195	-168.0	0.15243902439024393	2621.0	3840.2930402930406	16.0	-0.03827751196172249	-9.224880382775119	1436.0	4776656.0	98.64315563516466	3.4354066985645932	3856.0	
2798.0	4.978260869565217	1795.0	-5.923913043478261	2.032608695652174	2066.0	-110.0	0.1649175412293853	0.21739130434782608	-55.0	3574.21875	0.08245877061469264	145.0	32.778304730920354	33934.0	19.847560975609756	-651.0	6793382.0	207317.56591796875	-3.0	5.5182926829268295	-181.0	0.09146341463414635	2640.0	3868.131868131868	8.0	-0.019138755980861243	-9.282296650717702	1448.0	4776656.0	98.64315563516466	3.464114832535885	3880.0	
2809.0	4.967391304347826	1796.0	-6.043478260869565	2.108695652173913	2059.0	-109.0	0.1634182908545727	0.21739130434782608	-56.0	3583.984375	0.08395802098950525	145.0	32.778304730920354	33934.0	21.493902439024392	-705.0	6793702.0	207327.33154296875	13.0	6.432926829268293	-211.0	-0.39634146341463417	2655.0	3890.10989010989	28.0	-0.06698564593301436	-9.339712918660286	1444.0	4776576.0	98.64396935717632	3.4545454545454546	3904.0	
2818.0	4.967391304347826	1796.0	-6.141304347826087	1.934782608695652	2075.0	-107.0	0.16041979010494753	0.2098950524737631	-60.0	3593.75	0.08995502248875561	140.0	32.778304730920354	33934.0	22.865853658536587	-750.0	6794022.0	207337.09716796875	34.0	7.0426829268292686	-231.0	-1.0365853658536586	2631.0	3854.945054945055	24.0	-0.057416267942583726	-9.339712918660286	1444.0	4776576.0	98.64396935717632	3.4545454545454546	3904.0	
2810.0	4.978260869565217	1795.0	-6.054347826086956	2.0	2069.0	-110.0	0.1649175412293853	0.21139430284857572	-50.0	3603.515625	0.07496251874062969	141.0	32.778304730920354	33934.0	23.932926829268293	-785.0	6794342.0	207346.86279296875	87.0	8.140243902439025	-267.0	-2.6524390243902443	2644.0	3873.992673992674	28.0	-0.06698564593301436	-9.358851674641148	1436.0	4776576.0	98.64396935717632	3.4354066985645932	3912.0	
2815.0	5.010869565217392	1792.0	-6.108695652173913	2.0	2069.0	-106.0	0.15892053973013492	0.22038980509745126	-54.0	3613.28125	0.08095952023988005	147.0	32.778304730920354	33934.0	24.84756097560976	-815.0	6794662.0	207356.62841796875	132.0	9.085365853658537	-298.0	-4.024390243902439	2646.0	3876.923076923077	40.0	-0.09569377990430622	-9.416267942583731	1452.0	4776576.0	98.64396935717632	3.4736842105263155	3936.0	
2819.0	5.032608695652174	1790.0	-6.1521739130434785	2.0	2069.0	-109.0	0.1634182908545727	0.22338830584707645	-47.0	3623.046875	0.0704647676161919	149.0	32.778304730920354	33934.0	25.884146341463417	-849.0	6794982.0	207366.39404296875	186.0	9.786585365853659	-321.0	-5.670731707317073	2638.0	3865.2014652014655	24.0	-0.057416267942583726	-9.473684210526315	1464.0	4776576.0	98.64396935717632	3.5023923444976077	3960.0	
2819.0	5.119565217391304	1782.0	-6.1521739130434785	1.9782608695652173	2071.0	-104.0	0.15592203898050974	0.22188905547226387	-54.0	3632.8125	0.08095952023988005	148.0	32.778304730920354	33934.0	26.981707317073173	-885.0	6795302.0	207376.15966796875	225.0	10.426829268292684	-342.0	-6.859756097560976	2641.0	3869.5970695970695	24.0	-0.057416267942583726	-9.492822966507177	1488.0	4776272.0	98.64706150290192	3.5598086124401913	3968.0	
2829.0	5.065217391304348	1787.0	-6.260869565217391	2.0217391304347827	2067.0	-106.0	0.15892053973013492	0.2338830584707646	-55.0	3642.578125	0.08245877061469264	156.0	32.778304730920354	33934.0	27.77439024390244	-911.0	6795622.0	207385.92529296875	277.0	10.914634146341465	-358.0	-8.445121951219512	2634.0	3859.3406593406594	28.0	-0.06698564593301436	-9.55023923444976	1496.0	4776272.0	98.64706150290192	3.5789473684210527	3992.0	
2831.0	5.119565217391304	1782.0	-6.282608695652174	2.010869565217391	2068.0	-109.0	0.1634182908545727	0.22788605697151423	-52.0	3652.34375	0.07796101949025487	152.0	32.778304730920354	33934.0	28.323170731707318	-929.0	6795942.0	207395.69091796875	322.0	11.829268292682928	-388.0	-9.817073170731708	2656.0	3891.5750915750914	40.0	-0.09569377990430622	-9.607655502392344	1504.0	4776272.0	98.64706150290192	3.5980861244019136	4016.0	
2833.0	5.217391304347826	1773.0	-6.304347826086956	1.9782608695652173	2071.0	-106.0	0.15892053973013492	0.22338830584707645	-55.0	3662.109375	0.08245877061469264	149.0	32.778304730920354	33934.0	28.8109756097561	-945.0	6796262.0	207405.45654296875	340.0	12.439024390243903	-408.0	-10.365853658536587	2648.0	3879.8534798534797	40.0	-0.09569377990430622	-9.626794258373206	1524.0	4776272.0	98.64706150290192	3.6459330143540667	4024.0	
2834.0	5.184782608695652	1776.0	-6.315217391304348	2.0217391304347827	2067.0	-103.0	0.15442278860569714	0.24287856071964017	-45.0	3671.875	0.06746626686656672	162.0	32.778304730920354	33934.0	29.176829268292686	-957.0	6796582.0	207415.22216796875	363.0	12.743902439024392	-418.0	-11.067073170731708	2648.0	3879.8534798534797	36.0	-0.08612440191387559	-9.655502392344497	1548.0	4776272.0	98.64706150290192	3.7033492822966507	4036.0	
2836.0	5.260869565217392	1769.0	-6.33695652173913	2.0652173913043477	2063.0	-98.0	0.14692653673163417	0.2353823088455772	-50.0	3681.640625	0.07496251874062969	157.0	32.778304730920354	33934.0	29.481707317073173	-967.0	6796902.0	207424.98779296875	370.0	12.835365853658537	-421.0	-11.28048780487805	2643.0	3872.5274725274726	20.0	-0.04784688995215311	-9.607655502392344	1568.0	4776672.0	98.64299289078971	3.751196172248804	4016.0	
2830.0	5.293478260869565	1766.0	-6.271739130434782	2.0543478260869565	2064.0	-108.0	0.1619190404797601	0.23238380809595202	-61.0	3691.40625	0.0914542728635682	155.0	32.778304730920354	33934.0	30.09146341463415	-987.0	6797222.0	207434.75341796875	348.0	12.713414634146343	-417.0	-10.609756097560977	2632.0	3856.4102564102564	4.0	-0.009569377990430622	-9.588516746411482	1600.0	4776672.0	98.64299289078971	3.827751196172249	4008.0	
2833.0	5.3478260869565215	1761.0	-6.304347826086956	2.0652173913043477	2063.0	-104.0	0.15592203898050974	0.24137931034482757	-51.0	3701.171875	0.07646176911544228	161.0	32.778304730920354	33934.0	30.33536585365854	-995.0	6797542.0	207444.51904296875	326.0	12.317073170731708	-404.0	-9.939024390243903	2639.0	3866.6666666666665	-4.0	0.009569377990430622	-9.607655502392344	1624.0	4776672.0	98.64299289078971	3.8851674641148324	4016.0	
2832.0	5.423913043478261	1754.0	-6.293478260869565	2.032608695652174	2066.0	-100.0	0.14992503748125938	0.239880059970015	-66.0	3710.9375	0.09895052473763118	160.0	32.778304730920354	33934.0	30.762195121951223	-1009.0	6797862.0	207454.28466796875	293.0	12.286585365853659	-403.0	-8.932926829268293	2626.0	3847.6190476190477	-12.0	0.028708133971291863	-9.636363636363637	1632.0	4776672.0	98.64299289078971	3.9043062200956937	4028.0	
2839.0	5.413043478260869	1755.0	-6.369565217391304	2.0543478260869565	2064.0	-98.0	0.14692653673163417	0.239880059970015	-55.0	3720.703125	0.08245877061469264	160.0	32.778304730920354	33934.0	30.945121951219516	-1015.0	6798182.0	207464.05029296875	267.0	12.195121951219514	-400.0	-8.140243902439025	2621.0	3840.2930402930406	-16.0	0.03827751196172249	-9.68421052631579	1648.0	4776672.0	98.64299289078971	3.942583732057416	4048.0	
2835.0	5.380434782608695	1758.0	-6.326086956521739	2.0869565217391304	2061.0	-94.0	0.1409295352323838	0.24587706146926536	-55.0	3730.46875	0.08245877061469264	164.0	32.778304730920354	33934.0	31.493902439024392	-1033.0	6798502.0	207473.81591796875	226.0	12.500000000000002	-410.0	-6.890243902439025	2637.0	3863.736263736264	16.0	-0.03827751196172249	-9.779904306220095	1640.0	4776976.0	98.63990074940017	3.923444976076555	4088.0	
2851.0	5.413043478260869	1755.0	-6.5	2.1630434782608696	2054.0	-101.0	0.15142428785607195	0.24887556221889054	-55.0	3740.234375	0.08245877061469264	166.0	32.778304730920354	33934.0	31.463414634146343	-1032.0	6798822.0	207483.58154296875	218.0	12.682926829268293	-416.0	-6.646341463414635	2655.0	3890.10989010989	-4.0	0.009569377990430622	-9.866028708133971	1648.0	4776976.0	98.63990074940017	3.942583732057416	4124.0	
2862.0	5.423913043478261	1754.0	-6.619565217391304	2.032608695652174	2066.0	-94.0	0.1409295352323838	0.25037481259370314	-50.0	3750.0	0.07496251874062969	167.0	32.778304730920354	33934.0	31.737804878048784	-1041.0	6799142.0	207493.34716796875	210.0	12.713414634146343	-417.0	-6.402439024390245	2634.0	3859.3406593406594	12.0	-0.028708133971291863	-9.933014354066986	1648.0	4776976.0	98.63990074940017	3.942583732057416	4152.0	
2878.0	5.423913043478261	1754.0	-6.793478260869565	2.1630434782608696	2054.0	-97.0	0.1454272863568216	0.25487256371814093	-59.0	3759.765625	0.08845577211394302	170.0	32.778304730920354	33934.0	31.737804878048784	-1041.0	6799462.0	207503.11279296875	209.0	12.682926829268293	-416.0	-6.371951219512196	2658.0	3894.5054945054944	0.0	0.0	-10.086124401913874	1652.0	4776976.0	98.63990074940017	3.952153110047847	4216.0	
2879.0	5.423913043478261	1754.0	-6.804347826086956	2.0978260869565215	2060.0	-97.0	0.1454272863568216	0.2623688155922039	-59.0	3769.53125	0.08845577211394302	175.0	32.778304730920354	33934.0	31.00609756097561	-1017.0	6799782.0	207512.87841796875	211.0	12.743902439024392	-418.0	-6.432926829268293	2630.0	3853.479853479854	-28.0	0.06698564593301436	-10.124401913875598	1660.0	4776976.0	98.63990074940017	3.9712918660287078	4232.0	
2866.0	5.423913043478261	1754.0	-6.663043478260869	2.141304347826087	2056.0	-92.0	0.13793103448275862	0.2623688155922039	-62.0	3779.296875	0.09295352323838081	175.0	32.79321813660208	33937.0	30.152439024390247	-989.0	6800102.0	207522.64404296875	233.0	12.256097560975611	-402.0	-7.103658536585367	2639.0	3866.6666666666665	-36.0	0.08612440191387559	-10.057416267942584	1664.0	4776976.0	98.64242540985977	3.9808612440191387	4204.0	
2856.0	5.489130434782608	1748.0	-6.554347826086956	2.0978260869565215	2060.0	-91.0	0.136431784107946	0.2593703148425787	-56.0	3789.0625	0.08395802098950525	173.0	32.79321813660208	33937.0	28.719512195121954	-942.0	6800422.0	207532.40966796875	242.0	11.52439024390244	-378.0	-7.378048780487806	2633.0	3857.875457875458	-36.0	0.08612440191387559	-9.942583732057416	1660.0	4776976.0	98.64242540985977	3.9712918660287078	4156.0	
2854.0	5.413043478260869	1755.0	-6.532608695652174	2.1847826086956523	2052.0	-93.0	0.1394302848575712	0.26836581709145424	-59.0	3798.828125	0.08845577211394302	179.0	32.79321813660208	33937.0	27.500000000000004	-902.0	6800742.0	207542.17529296875	253.0	11.006097560975611	-361.0	-7.713414634146342	2634.0	3859.3406593406594	-52.0	0.12440191387559808	-9.942583732057416	1664.0	4776976.0	98.64242540985977	3.9808612440191387	4156.0	
2848.0	5.5	1747.0	-6.467391304347826	2.1956521739130435	2051.0	-88.0	0.13193403298350825	0.2638680659670165	-62.0	3808.59375	0.09295352323838081	176.0	32.79321813660208	33937.0	25.823170731707318	-847.0	6801062.0	207551.94091796875	258.0	10.27439024390244	-337.0	-7.865853658536586	2649.0	3881.3186813186812	-56.0	0.1339712918660287	-9.990430622009569	1676.0	4776976.0	98.64242540985977	4.009569377990431	4176.0	
2858.0	5.5	1747.0	-6.576086956521739	2.369565217391304	2035.0	-92.0	0.13793103448275862	0.2653673163418291	-54.0	3818.359375	0.08095952023988005	177.0	32.79321813660208	33937.0	24.05487804878049	-789.0	6801382.0	207561.70654296875	249.0	9.969512195121952	-327.0	-7.591463414634147	2664.0	3903.296703296703	-68.0	0.16267942583732056	-9.952153110047847	1700.0	4776976.0	98.64242540985977	4.0669856459330145	4160.0	
2854.0	5.543478260869565	1743.0	-6.532608695652174	2.282608695652174	2043.0	-94.0	0.1409295352323838	0.26686656671664166	-61.0	3828.125	0.0914542728635682	178.0	32.79321813660208	33937.0	22.28658536585366	-731.0	6801702.0	207571.47216796875	212.0	9.542682926829269	-313.0	-6.463414634146342	2640.0	3868.131868131868	-92.0	0.2200956937799043	-9.923444976076555	1724.0	4775680.0	98.6556080400528	4.124401913875598	4148.0	
2850.0	5.641304347826087	1734.0	-6.489130434782608	2.293478260869565	2042.0	-97.0	0.1454272863568216	0.27586206896551724	-62.0	3837.890625	0.09295352323838081	184.0	32.79321813660208	33937.0	20.213414634146343	-663.0	6802022.0	207581.23779296875	166.0	8.78048780487805	-288.0	-5.060975609756098	2639.0	3866.6666666666665	-128.0	0.3062200956937799	-9.818181818181818	1748.0	4775680.0	98.6556080400528	4.181818181818182	4104.0	
2840.0	5.5978260869565215	1738.0	-6.380434782608695	2.4130434782608696	2031.0	-93.0	0.1394302848575712	0.27436281859070466	-57.0	3847.65625	0.08545727136431784	183.0	32.79321813660208	33937.0	18.231707317073173	-598.0	6802342.0	207591.00341796875	84.0	7.8048780487804885	-256.0	-2.5609756097560976	2639.0	3866.6666666666665	-136.0	0.3253588516746411	-9.741626794258373	1752.0	4775680.0	98.6556080400528	4.1913875598086126	4072.0	
2831.0	5.673913043478261	1731.0	-6.282608695652174	2.369565217391304	2035.0	-82.0	0.12293853073463268	0.27586206896551724	-56.0	3857.421875	0.08395802098950525	184.0	32.79321813660208	33937.0	16.097560975609756	-528.0	6802662.0	207600.76904296875	-3.0	6.890243902439025	-226.0	0.09146341463414635	2641.0	3869.5970695970695	-152.0	0.36363636363636365	-9.626794258373206	1780.0	4775680.0	98.6556080400528	4.258373205741627	4024.0	
2825.0	5.728260869565217	1726.0	-6.217391304347826	2.4456521739130435	2028.0	-94.0	0.1409295352323838	0.2788605697151424	-54.0	3867.1875	0.08095952023988005	186.0	32.79321813660208	33937.0	14.603658536585368	-479.0	6802982.0	207610.53466796875	-98.0	6.00609756097561	-197.0	2.987804878048781	2655.0	3890.10989010989	-180.0	0.43062200956937796	-9.588516746411482	1776.0	4775680.0	98.6556080400528	4.248803827751196	4008.0	
2830.0	5.663043478260869	1732.0	-6.271739130434782	2.4456521739130435	2028.0	-89.0	0.13343328335832083	0.2773613193403298	-57.0	3876.953125	0.08545727136431784	185.0	32.79321813660208	33937.0	12.743902439024392	-418.0	6803302.0	207620.30029296875	-194.0	5.182926829268293	-170.0	5.914634146341464	2627.0	3849.084249084249	-212.0	0.507177033492823	-9.531100478468899	1788.0	4775808.0	98.65430604921991	4.277511961722488	3984.0	
2827.0	5.619565217391304	1736.0	-6.239130434782608	2.652173913043478	2009.0	-86.0	0.12893553223388304	0.280359820089955	-51.0	3886.71875	0.07646176911544228	187.0	32.79321813660208	33937.0	10.884146341463415	-357.0	6803622.0	207630.06591796875	-276.0	4.115853658536586	-135.0	8.414634146341465	2652.0	3885.714285714286	-228.0	0.5454545454545454	-9.483253588516746	1756.0	4775808.0	98.65430604921991	4.200956937799043	3964.0	
2816.0	5.608695652173913	1737.0	-6.119565217391304	2.641304347826087	2010.0	-90.0	0.13493253373313344	0.28785607196401797	-54.0	3896.484375	0.08095952023988005	192.0	32.79321813660208	33937.0	9.115853658536587	-299.0	6803942.0	207639.83154296875	-354.0	3.658536585365854	-120.0	10.792682926829269	2651.0	3884.2490842490843	-252.0	0.6028708133971291	-9.464114832535884	1744.0	4775808.0	98.65430604921991	4.172248803827751	3956.0	
2815.0	5.489130434782608	1748.0	-6.108695652173913	2.619565217391304	2012.0	-89.0	0.13343328335832083	0.28785607196401797	-51.0	3906.25	0.07646176911544228	192.0	32.79321813660208	33937.0	6.707317073170732	-220.0	6804262.0	207649.59716796875	-397.0	3.0182926829268295	-99.0	12.103658536585368	2636.0	3862.2710622710624	-244.0	0.5837320574162679	-9.38755980861244	1720.0	4775808.0	98.65430604921991	4.114832535885167	3924.0	
2805.0	5.434782608695652	1753.0	-6.0	2.641304347826087	2010.0	-88.0	0.13193403298350825	0.2893553223388306	-55.0	3916.015625	0.08245877061469264	193.0	32.79321813660208	33937.0	4.481707317073171	-147.0	6804582.0	207659.36279296875	-404.0	2.5914634146341466	-85.0	12.317073170731708	2616.0	3832.967032967033	-260.0	0.6220095693779905	-9.263157894736842	1688.0	4775808.0	98.65430604921991	4.038277511961723	3872.0	
2798.0	5.4021739130434785	1756.0	-5.923913043478261	2.619565217391304	2012.0	-81.0	0.12143928035982009	0.2848575712143928	-66.0	3925.78125	0.09895052473763118	190.0	32.79321813660208	33937.0	2.073170731707317	-68.0	6804902.0	207669.12841796875	-361.0	2.1951219512195124	-72.0	11.006097560975611	2657.0	3893.040293040293	-260.0	0.6220095693779905	-9.24401913875598	1652.0	4775824.0	98.6541433004069	3.952153110047847	3864.0	
2796.0	5.369565217391304	1759.0	-5.9021739130434785	2.5978260869565215	2014.0	-93.0	0.1394302848575712	0.2893553223388306	-56.0	3935.546875	0.08395802098950525	193.0	32.79321813660208	33937.0	-0.853658536585366	28.0	6805222.0	207678.89404296875	-288.0	2.5914634146341466	-85.0	8.78048780487805	2648.0	3879.8534798534797	-260.0	0.6220095693779905	-9.205741626794259	1648.0	4775824.0	98.6541433004069	3.942583732057416	3848.0	
2788.0	5.25	1770.0	-5.815217391304348	2.6630434782608696	2008.0	-87.0	0.13043478260869565	0.29235382308845576	-60.0	3945.3125	0.08995502248875561	195.0	32.79321813660208	33937.0	-4.969512195121951	163.0	6805542.0	207688.65966796875	-131.0	3.1097560975609757	-102.0	3.9939024390243905	2650.0	3882.7838827838827	-260.0	0.6220095693779905	-9.215311004784688	1600.0	4775824.0	98.6541433004069	3.827751196172249	3852.0	
2791.0	5.163043478260869	1778.0	-5.8478260869565215	2.6956521739130435	2005.0	-88.0	0.13193403298350825	0.2893553223388306	-54.0	3955.078125	0.08095952023988005	193.0	32.79321813660208	33937.0	-9.573170731707318	314.0	6805862.0	207698.42529296875	123.0	2.7743902439024395	-91.0	-3.7500000000000004	2640.0	3868.131868131868	-288.0	0.6889952153110047	-9.167464114832535	1596.0	4775824.0	98.6541433004069	3.818181818181818	3832.0	
2802.0	5.358695652173913	1760.0	-5.967391304347826	2.7717391304347827	1998.0	-85.0	0.12743628185907047	0.2833583208395802	-56.0	3964.84375	0.08395802098950525	189.0	32.79321813660208	33937.0	-15.396341463414636	505.0	6806182.0	207708.19091796875	453.0	2.3170731707317076	-76.0	-13.810975609756099	2653.0	3887.1794871794873	-296.0	0.708133971291866	-9.215311004784688	1628.0	4775824.0	98.6541433004069	3.894736842105263	3852.0	
2806.0	5.5	1747.0	-6.010869565217392	2.510869565217391	2022.0	-85.0	0.12743628185907047	0.28785607196401797	-61.0	3974.609375	0.0914542728635682	192.0	32.79321813660208	33937.0	-22.652439024390247	743.0	6806502.0	207717.95654296875	1026.0	2.3170731707317076	-76.0	-31.280487804878053	2656.0	3891.5750915750914	-200.0	0.4784688995215311	-9.301435406698564	1716.0	4776160.0	98.65072557744207	4.105263157894736	3888.0	
2814.0	5.532608695652174	1744.0	-6.0978260869565215	2.1956521739130435	2051.0	-87.0	0.13043478260869565	0.2818590704647676	-56.0	3984.375	0.08395802098950525	188.0	32.79321813660208	33937.0	-30.426829268292686	998.0	6806822.0	207727.72216796875	1546.0	4.878048780487806	-160.0	-47.13414634146342	2654.0	3888.644688644689	-60.0	0.14354066985645933	-9.39712918660287	1724.0	4776160.0	98.65072557744207	4.124401913875598	3928.0	
2808.0	5.695652173913043	1729.0	-6.032608695652174	1.9782608695652173	2071.0	-81.0	0.12143928035982009	0.272863568215892	-55.0	3994.140625	0.08245877061469264	182.0	32.79321813660208	33937.0	-41.85975609756098	1373.0	6807142.0	207737.48779296875	1955.0	8.658536585365855	-284.0	-59.60365853658537	2636.0	3862.2710622710624	-8.0	0.019138755980861243	-9.320574162679426	1804.0	4776160.0	98.65072557744207	4.315789473684211	3896.0	
2801.0	6.130434782608695	1689.0	-5.956521739130435	2.0217391304347827	2067.0	-87.0	0.13043478260869565	0.2788605697151424	-56.0	4003.90625	0.08395802098950525	186.0	32.79321813660208	33937.0	-54.29878048780488	1781.0	6807462.0	207747.25341796875	2421.0	11.158536585365855	-366.0	-73.8109756097561	2630.0	3853.479853479854	24.0	-0.057416267942583726	-9.272727272727272	2032.0	4776160.0	98.65072557744207	4.861244019138756	3876.0	
2790.0	6.695652173913043	1637.0	-5.83695652173913	1.8478260869565217	2083.0	-82.0	0.12293853073463268	0.2698650674662669	-50.0	4013.671875	0.07496251874062969	180.0	32.79321813660208	33937.0	-65.0	2132.0	6807782.0	207757.01904296875	2646.0	14.51219512195122	-476.0	-80.67073170731707	2637.0	3863.736263736264	64.0	-0.15311004784688995	-9.157894736842104	2264.0	4776160.0	98.65072557744207	5.4162679425837315	3828.0	
2783.0	7.282608695652174	1583.0	-5.760869565217392	1.9782608695652173	2071.0	-79.0	0.1184407796101949	0.27436281859070466	-57.0	4023.4375	0.08545727136431784	183.0	32.79321813660208	33937.0	-74.32926829268294	2438.0	6808102.0	207766.78466796875	2577.0	16.981707317073173	-557.0	-78.56707317073172	2656.0	3891.5750915750914	12.0	-0.028708133971291863	-9.119617224880383	2532.0	4775936.0	98.6530040589713	6.057416267942584	3812.0	
2776.0	7.75	1540.0	-5.684782608695652	2.1956521739130435	2051.0	-79.0	0.1184407796101949	0.26686656671664166	-55.0	4033.203125	0.08245877061469264	178.0	32.79321813660208	33937.0	-82.07317073170732	2692.0	6808422.0	207776.55029296875	2341.0	17.896341463414636	-587.0	-71.3719512195122	2652.0	3885.714285714286	-60.0	0.14354066985645933	-8.985645933014354	2784.0	4775936.0	98.6530040589713	6.660287081339713	3756.0	
2773.0	8.206521739130434	1498.0	-5.6521739130434785	2.5652173913043477	2017.0	-82.0	0.12293853073463268	0.2518740629685157	-63.0	4042.96875	0.0944527736131934	168.0	32.79321813660208	33937.0	-89.23780487804879	2927.0	6808742.0	207786.31591796875	1900.0	17.439024390243905	-572.0	-57.926829268292686	2653.0	3887.1794871794873	-116.0	0.27751196172248804	-8.91866028708134	2884.0	4775936.0	98.6530040589713	6.899521531100478	3728.0	
2771.0	8.652173913043478	1457.0	-5.630434782608695	2.8478260869565215	1991.0	-81.0	0.12143928035982009	0.2578710644677661	-60.0	4052.734375	0.08995502248875561	172.0	32.79321813660208	33937.0	-95.21341463414635	3123.0	6809062.0	207796.08154296875	1387.0	15.945121951219514	-523.0	-42.28658536585366	2649.0	3881.3186813186812	-272.0	0.6507177033492823	-8.92822966507177	3080.0	4775936.0	98.6530040589713	7.368421052631579	3732.0	
2776.0	8.793478260869565	1444.0	-5.684782608695652	3.0217391304347827	1975.0	-80.0	0.1199400299850075	0.24287856071964017	-53.0	4062.5	0.07946026986506746	162.0	32.79321813660208	33937.0	-98.23170731707317	3222.0	6809382.0	207805.84716796875	865.0	11.707317073170733	-384.0	-26.371951219512198	2638.0	3865.2014652014655	-400.0	0.9569377990430622	-8.861244019138756	3192.0	4775936.0	98.6530040589713	7.636363636363636	3704.0	
2769.0	8.66304347826087	1456.0	-5.608695652173913	3.1956521739130435	1959.0	-77.0	0.11544227886056971	0.23238380809595202	-60.0	4072.265625	0.08995502248875561	155.0	32.79321813660208	33937.0	-101.12804878048782	3317.0	6809702.0	207815.61279296875	394.0	7.134146341463415	-234.0	-12.01219512195122	2629.0	3852.0146520146523	-452.0	1.0813397129186602	-8.870813397129186	3172.0	4776320.0	98.64909809173096	7.588516746411483	3708.0	
2766.0	8.402173913043478	1480.0	-5.576086956521739	3.0652173913043477	1971.0	-76.0	0.11394302848575712	0.22788605697151423	-54.0	4082.03125	0.08095952023988005	152.0	32.79321813660208	33937.0	-104.51219512195122	3428.0	6810022.0	207825.37841796875	2.0	3.810975609756098	-125.0	-0.06097560975609757	2646.0	3876.923076923077	-440.0	1.0526315789473684	-8.861244019138756	3048.0	4776320.0	98.64909809173096	7.291866028708133	3704.0	
2765.0	8.108695652173912	1507.0	-5.565217391304348	2.8152173913043477	1994.0	-72.0	0.10794602698650674	0.22038980509745126	-50.0	4091.796875	0.07496251874062969	147.0	32.79321813660208	33937.0	-109.60365853658537	3595.0	6810342.0	207835.14404296875	-155.0	0.6097560975609757	-20.0	4.725609756097562	2651.0	3884.2490842490843	-340.0	0.8133971291866028	-8.851674641148325	2888.0	4776320.0	98.64909809173096	6.909090909090909	3700.0	
2762.0	7.967391304347826	1520.0	-5.532608695652174	2.532608695652174	2020.0	-77.0	0.11544227886056971	0.2098950524737631	-61.0	4101.5625	0.0914542728635682	140.0	32.79321813660208	33937.0	-115.09146341463416	3775.0	6810662.0	207844.90966796875	-118.0	-2.8658536585365857	94.0	3.5975609756097566	2641.0	3869.5970695970695	-244.0	0.5837320574162679	-8.794258373205741	2800.0	4776320.0	98.64909809173096	6.698564593301435	3676.0	
2761.0	7.8478260869565215	1531.0	-5.521739130434782	2.3260869565217392	2039.0	-74.0	0.11094452773613193	0.19640179910044978	-52.0	4111.328125	0.07796101949025487	131.0	32.79321813660208	33937.0	-120.51829268292684	3953.0	6810982.0	207854.67529296875	-76.0	-3.9939024390243905	131.0	2.3170731707317076	2632.0	3856.4102564102564	-132.0	0.3157894736842105	-8.794258373205741	2800.0	4776320.0	98.64909809173096	6.698564593301435	3676.0	
2764.0	7.989130434782608	1518.0	-5.554347826086956	2.402173913043478	2032.0	-72.0	0.10794602698650674	0.191904047976012	-59.0	4121.09375	0.08845577211394302	128.0	32.79321813660208	33937.0	-126.15853658536587	4138.0	6811302.0	207864.44091796875	-47.0	-2.957317073170732	97.0	1.4329268292682928	2666.0	3906.227106227106	-132.0	0.3157894736842105	-8.832535885167463	2816.0	4776656.0	98.64568037470912	6.7368421052631575	3692.0	
2757.0	7.989130434782608	1518.0	-5.478260869565217	2.4456521739130435	2028.0	-78.0	0.1169415292353823	0.17691154422788605	-46.0	4130.859375	0.06896551724137931	118.0	32.79321813660208	33937.0	-131.12804878048783	4301.0	6811622.0	207874.20654296875	61.0	-4.969512195121951	163.0	-1.8597560975609757	2623.0	3843.223443223443	-164.0	0.3923444976076555	-8.75598086124402	2836.0	4776656.0	98.64568037470912	6.784688995215311	3660.0	
2758.0	8.076086956521738	1510.0	-5.489130434782608	2.4782608695652173	2025.0	-74.0	0.11094452773613193	0.1634182908545727	-55.0	4140.625	0.08245877061469264	109.0	32.79321813660208	33937.0	-135.39634146341464	4441.0	6811942.0	207883.97216796875	157.0	-6.158536585365854	202.0	-4.786585365853659	2650.0	3882.7838827838827	-176.0	0.42105263157894735	-8.77511961722488	2868.0	4776656.0	98.64568037470912	6.861244019138756	3668.0	
2768.0	8.315217391304348	1488.0	-5.5978260869565215	2.3260869565217392	2039.0	-77.0	0.11544227886056971	0.15442278860569714	-53.0	4150.390625	0.07946026986506746	103.0	32.79321813660208	33937.0	-140.88414634146343	4621.0	6812262.0	207893.73779296875	404.0	-7.8048780487804885	256.0	-12.317073170731708	2641.0	3869.5970695970695	-144.0	0.34449760765550236	-8.870813397129186	2976.0	4776656.0	98.64568037470912	7.119617224880383	3708.0	
2781.0	8.41304347826087	1479.0	-5.739130434782608	2.152173913043478	2055.0	-78.0	0.1169415292353823	0.1454272863568216	-50.0	4160.15625	0.07496251874062969	97.0	32.79321813660208	33937.0	-145.03048780487805	4757.0	6812582.0	207903.50341796875	778.0	-9.359756097560977	307.0	-23.719512195121954	2636.0	3862.2710622710624	-4.0	0.009569377990430622	-9.062200956937799	3032.0	4776656.0	98.64568037470912	7.253588516746412	3788.0	
2792.0	8.48913043478261	1472.0	-5.858695652173913	1.8043478260869565	2087.0	-85.0	0.12743628185907047	0.13193403298350825	-44.0	4169.921875	0.06596701649175413	88.0	32.79321813660208	33937.0	-150.6707317073171	4942.0	6812902.0	207913.26904296875	991.0	-10.914634146341465	358.0	-30.213414634146343	2637.0	3863.736263736264	116.0	-0.27751196172248804	-9.215311004784688	3056.0	4776576.0	98.64649411649202	7.311004784688995	3852.0	
2798.0	8.619565217391305	1460.0	-5.923913043478261	1.641304347826087	2102.0	-77.0	0.11544227886056971	0.1169415292353823	-44.0	4179.6875	0.06596701649175413	78.0	32.79321813660208	33937.0	-158.9939024390244	5215.0	6813222.0	207923.03466796875	1152.0	-11.250000000000002	369.0	-35.1219512195122	2655.0	3890.10989010989	196.0	-0.4688995215311005	-9.330143540669857	3128.0	4776576.0	98.64649411649202	7.483253588516746	3900.0	
2814.0	8.826086956521738	1441.0	-6.0978260869565215	1.4891304347826086	2116.0	-80.0	0.1199400299850075	0.09895052473763118	-40.0	4189.453125	0.05997001499250375	66.0	32.79321813660208	33937.0	-168.47560975609758	5526.0	6813542.0	207932.80029296875	1236.0	-10.060975609756099	330.0	-37.6829268292683	2625.0	3846.153846153846	224.0	-0.5358851674641149	-9.425837320574162	3240.0	4776576.0	98.64649411649202	7.751196172248804	3940.0	
2804.0	9.141304347826086	1412.0	-5.989130434782608	1.858695652173913	2082.0	-81.0	0.12143928035982009	0.09895052473763118	-34.0	4199.21875	0.050974512743628186	66.0	32.79321813660208	33937.0	-176.6158536585366	5793.0	6813862.0	207942.56591796875	1192.0	-9.573170731707318	314.0	-36.34146341463415	2653.0	3887.1794871794873	188.0	-0.4497607655502392	-9.454545454545455	3316.0	4776576.0	98.64649411649202	7.9330143540669855	3952.0	
2790.0	9.565217391304348	1373.0	-5.83695652173913	2.0760869565217392	2062.0	-86.0	0.12893553223388304	0.08245877061469264	-32.0	4208.984375	0.047976011994003	55.0	32.79321813660208	33937.0	-181.58536585365854	5956.0	6814182.0	207952.33154296875	1077.0	-12.01219512195122	394.0	-32.83536585365854	2648.0	3879.8534798534797	84.0	-0.20095693779904306	-9.224880382775119	3492.0	4776576.0	98.64649411649202	8.354066985645932	3856.0	
2763.0	9.826086956521738	1349.0	-5.543478260869565	2.2391304347826084	2047.0	-85.0	0.12743628185907047	0.05847076461769115	-28.0	4218.75	0.041979010494752625	39.0	32.79321813660208	33937.0	-181.95121951219514	5968.0	6814502.0	207962.09716796875	810.0	-16.371951219512198	537.0	-24.695121951219516	2636.0	3862.2710622710624	-44.0	0.10526315789473684	-8.91866028708134	3644.0	4776912.0	98.64307640253753	8.717703349282296	3728.0	
2745.0	10.184782608695652	1316.0	-5.3478260869565215	2.130434782608696	2057.0	-92.0	0.13793103448275862	0.05547226386806597	-27.0	4228.515625	0.04047976011994003	37.0	32.79321813660208	33937.0	-180.3048780487805	5914.0	6814822.0	207971.86279296875	443.0	-20.09146341463415	659.0	-13.506097560975611	2619.0	3837.3626373626375	-36.0	0.08612440191387559	-8.631578947368421	3784.0	4776912.0	98.64307640253753	9.052631578947368	3608.0	
2746.0	10.478260869565217	1289.0	-5.358695652173913	1.75	2092.0	-86.0	0.12893553223388304	0.02848575712143928	-22.0	4238.28125	0.03298350824587706	19.0	32.79321813660208	33937.0	-181.09756097560978	5940.0	6815142.0	207981.62841796875	424.0	-20.853658536585368	684.0	-12.926829268292684	2625.0	3846.153846153846	144.0	-0.34449760765550236	-8.650717703349281	3940.0	4776912.0	98.64307640253753	9.425837320574162	3616.0	
2768.0	10.793478260869565	1260.0	-5.5978260869565215	1.5	2115.0	-89.0	0.13343328335832083	0.020989505247376312	-13.0	4248.046875	0.019490254872563718	14.0	32.79321813660208	33937.0	-182.31707317073173	5980.0	6815462.0	207991.39404296875	773.0	-26.189024390243905	859.0	-23.56707317073171	2649.0	3881.3186813186812	264.0	-0.631578947368421	-8.861244019138756	4084.0	4776912.0	98.64307640253753	9.770334928229664	3704.0	
2793.0	10.75	1264.0	-5.869565217391304	1.065217391304348	2155.0	-88.0	0.13193403298350825	0.0	-5.0	4257.8125	0.0074962518740629685	0.0	32.79321813660208	33937.0	-183.41463414634148	6016.0	6815782.0	208001.15966796875	1107.0	-30.853658536585368	1012.0	-33.75	2650.0	3882.7838827838827	468.0	-1.1196172248803826	-9.291866028708133	4084.0	4776912.0	98.64307640253753	9.770334928229664	3884.0	
2817.0	10.630434782608695	1275.0	-6.130434782608695	1.0326086956521738	2158.0	-92.0	0.13793103448275862	-0.0074962518740629685	3.0	4267.578125	-0.004497751124437781	-5.0	32.79321813660208	33937.0	-190.15243902439025	6237.0	6816102.0	208010.92529296875	1034.0	-34.024390243902445	1116.0	-31.52439024390244	2634.0	3859.3406593406594	496.0	-1.186602870813397	-9.607655502392344	4060.0	4776832.0	98.64389014359008	9.71291866028708	4016.0	
2793.0	10.804347826086957	1259.0	-5.869565217391304	1.326086956521739	2131.0	-90.0	0.13493253373313344	-0.0239880059970015	6.0	4277.34375	-0.008995502248875561	-16.0	32.79321813660208	33937.0	-199.81707317073173	6554.0	6816422.0	208020.69091796875	866.0	-38.62804878048781	1267.0	-26.402439024390247	2656.0	3891.5750915750914	384.0	-0.9186602870813396	-9.282296650717702	4116.0	4776832.0	98.64389014359008	9.84688995215311	3880.0	
2751.0	11.228260869565217	1220.0	-5.413043478260869	1.5217391304347825	2113.0	-90.0	0.13493253373313344	-0.0239880059970015	6.0	4287.109375	-0.008995502248875561	-16.0	32.79321813660208	33937.0	-209.1158536585366	6859.0	6816742.0	208030.45654296875	601.0	-44.39024390243903	1456.0	-18.323170731707318	2627.0	3849.084249084249	264.0	-0.631578947368421	-8.736842105263158	4308.0	4776832.0	98.64389014359008	10.30622009569378	3652.0	
2719.0	11.967391304347826	1152.0	-5.065217391304348	1.1956521739130435	2143.0	-103.0	0.15442278860569714	-0.05847076461769115	13.0	4296.875	-0.019490254872563718	-39.0	32.79321813660208	33937.0	-216.09756097560978	7088.0	6817062.0	208040.22216796875	329.0	-49.207317073170735	1614.0	-10.03048780487805	2651.0	3884.2490842490843	448.0	-1.0717703349282297	-8.344497607655502	4656.0	4776832.0	98.64389014359008	11.138755980861244	3488.0	
2729.0	12.75	1080.0	-5.173913043478261	0.6304347826086957	2195.0	-103.0	0.15442278860569714	-0.05847076461769115	13.0	4306.640625	-0.019490254872563718	-39.0	32.79321813660208	33937.0	-222.56097560975613	7300.0	6817382.0	208049.98779296875	434.0	-49.29878048780488	1617.0	-13.231707317073171	2648.0	3879.8534798534797	700.0	-1.6746411483253587	-8.593301435406698	5032.0	4776832.0	98.64389014359008	12.038277511961722	3592.0	
2757.0	12.880434782608695	1068.0	-5.478260869565217	0.6413043478260869	2194.0	-101.0	0.15142428785607195	-0.07946026986506746	24.0	4316.40625	-0.035982008995502246	-53.0	32.79321813660208	33937.0	-223.78048780487808	7340.0	6817702.0	208059.75341796875	588.0	-54.81707317073171	1798.0	-17.926829268292686	2641.0	3869.5970695970695	680.0	-1.6267942583732056	-8.803827751196172	5032.0	4777040.0	98.64177441732811	12.038277511961722	3680.0	
2739.0	12.369565217391305	1115.0	-5.282608695652174	0.6630434782608695	2192.0	-103.0	0.15442278860569714	-0.07796101949025487	36.0	4326.171875	-0.05397301349325337	-52.0	32.79321813660208	33937.0	-225.09146341463418	7383.0	6818022.0	208069.51904296875	483.0	-65.42682926829269	2146.0	-14.725609756097562	2643.0	3872.5274725274726	648.0	-1.5502392344497606	-8.583732057416267	4784.0	4777040.0	98.64177441732811	11.444976076555024	3588.0	
2676.0	12.228260869565217	1128.0	-4.5978260869565215	0.8804347826086957	2172.0	-106.0	0.15892053973013492	-0.09745127436281859	49.0	4335.9375	-0.07346326836581708	-65.0	32.79321813660208	33937.0	-231.34146341463418	7588.0	6818342.0	208079.28466796875	323.0	-80.88414634146342	2653.0	-9.847560975609756	2651.0	3884.2490842490843	616.0	-1.4736842105263157	-7.827751196172248	4792.0	4777040.0	98.64177441732811	11.464114832535884	3272.0	
2632.0	12.858695652173912	1070.0	-4.119565217391305	0.45652173913043476	2211.0	-108.0	0.1619190404797601	-0.11544227886056971	57.0	4345.703125	-0.08545727136431784	-77.0	32.79321813660208	33937.0	-240.27439024390247	7881.0	6818662.0	208089.05029296875	201.0	-94.26829268292684	3092.0	-6.128048780487806	2627.0	3849.084249084249	936.0	-2.2392344497607652	-7.454545454545454	4928.0	4777040.0	98.64177441732811	11.789473684210526	3116.0	
2611.0	13.793478260869565	984.0	-3.891304347826087	0.3913043478260869	2217.0	-119.0	0.17841079460269865	-0.12743628185907047	73.0	4355.46875	-0.10944527736131934	-85.0	32.79321813660208	33937.0	-245.3658536585366	8048.0	6818982.0	208098.81591796875	-1.0	-103.62804878048782	3399.0	0.030487804878048783	2653.0	3887.1794871794873	848.0	-2.028708133971292	-7.090909090909091	5356.0	4777040.0	98.64177441732811	12.813397129186603	2964.0	
2617.0	14.304347826086957	937.0	-3.9565217391304346	0.17391304347826086	2237.0	-116.0	0.17391304347826086	-0.1409295352323838	79.0	4365.234375	-0.1184407796101949	-94.0	32.79321813660208	33937.0	-244.90853658536588	8033.0	6819302.0	208108.58154296875	-297.0	-112.22560975609757	3681.0	9.05487804878049	2656.0	3891.5750915750914	928.0	-2.2200956937799043	-7.119617224880383	5684.0	4776704.0	98.64519212974893	13.598086124401913	2976.0	
2600.0	13.793478260869565	984.0	-3.7717391304347827	0.14130434782608695	2240.0	-122.0	0.1829085457271364	-0.14692653673163417	96.0	4375.0	-0.14392803598200898	-98.0	32.79321813660208	33937.0	-244.84756097560978	8031.0	6819622.0	208118.34716796875	-660.0	-120.94512195121952	3967.0	20.121951219512198	2637.0	3863.736263736264	904.0	-2.1626794258373203	-7.0143540669856455	5552.0	4776704.0	98.64519212974893	13.282296650717702	2932.0	
2564.0	13.08695652173913	1049.0	-3.3804347826086953	0.16304347826086957	2238.0	-127.0	0.19040479760119938	-0.16941529235382308	110.0	4384.765625	-0.1649175412293853	-113.0	32.79321813660208	33937.0	-250.06097560975613	8202.0	6819942.0	208128.11279296875	-825.0	-129.72560975609758	4255.0	25.152439024390247	2631.0	3854.945054945055	932.0	-2.229665071770335	-6.583732057416268	5188.0	4776704.0	98.64519212974893	12.411483253588516	2752.0	
2514.0	12.793478260869565	1076.0	-2.8369565217391304	0.32608695652173914	2223.0	-128.0	0.191904047976012	-0.18440779610194902	120.0	4394.53125	-0.17991004497751123	-123.0	32.79321813660208	33937.0	-254.96951219512198	8363.0	6820262.0	208137.87841796875	-882.0	-141.25	4633.0	26.89024390243903	2648.0	3879.8534798534797	848.0	-2.028708133971292	-5.961722488038277	5012.0	4776704.0	98.64519212974893	11.990430622009569	2492.0	
2472.0	12.684782608695652	1086.0	-2.380434782608696	0.09782608695652173	2244.0	-128.0	0.191904047976012	-0.1829085457271364	139.0	4404.296875	-0.2083958020989505	-122.0	32.79321813660208	33937.0	-258.9329268292683	8493.0	6820582.0	208147.64404296875	-835.0	-150.82317073170734	4947.0	25.457317073170735	2641.0	3869.5970695970695	920.0	-2.200956937799043	-5.358851674641148	4952.0	4776704.0	98.64519212974893	11.84688995215311	2240.0	
2427.0	12.532608695652174	1100.0	-1.891304347826087	0.021739130434782608	2251.0	-134.0	0.20089955022488756	-0.2098950524737631	159.0	4414.0625	-0.2383808095952024	-140.0	32.79321813660208	33937.0	-261.0975609756098	8564.0	6820902.0	208157.40966796875	-728.0	-157.13414634146343	5154.0	22.195121951219516	2647.0	3878.388278388278	940.0	-2.248803827751196	-4.956937799043062	4900.0	4776832.0	98.64389014359008	11.722488038277511	2072.0	
2401.0	12.326086956521738	1119.0	-1.608695652173913	-0.06521739130434782	2259.0	-132.0	0.19790104947526235	-0.2128935532233883	176.0	4423.828125	-0.2638680659670165	-142.0	32.79321813660208	33937.0	-260.609756097561	8548.0	6821222.0	208167.17529296875	-535.0	-162.9878048780488	5346.0	16.3109756097561	2641.0	3869.5970695970695	956.0	-2.2870813397129184	-4.631578947368421	4800.0	4776832.0	98.64389014359008	11.483253588516746	1936.0	
2384.0	12.076086956521738	1142.0	-1.4239130434782608	-0.05434782608695652	2258.0	-135.0	0.20239880059970014	-0.23238380809595202	191.0	4433.59375	-0.2863568215892054	-155.0	32.79321813660208	33937.0	-259.6036585365854	8515.0	6821542.0	208176.94091796875	-193.0	-166.15853658536588	5450.0	5.884146341463415	2657.0	3893.040293040293	984.0	-2.354066985645933	-4.382775119617225	4680.0	4776832.0	98.64389014359008	11.196172248803828	1832.0	
2361.0	11.815217391304348	1166.0	-1.1739130434782608	0.07608695652173914	2246.0	-136.0	0.20389805097451275	-0.22788605697151423	206.0	4443.359375	-0.3088455772113943	-152.0	32.79321813660208	33937.0	-255.609756097561	8384.0	6821862.0	208186.70654296875	-86.0	-171.25000000000003	5617.0	2.6219512195121952	2647.0	3878.388278388278	960.0	-2.2966507177033493	-3.9712918660287078	4552.0	4776832.0	98.64389014359008	10.889952153110048	1660.0	
2334.0	11.434782608695652	1201.0	-0.8804347826086957	0.021739130434782608	2251.0	-144.0	0.21589205397301348	-0.2383808095952024	217.0	4453.125	-0.32533733133433285	-159.0	32.79321813660208	33937.0	-253.20121951219514	8305.0	6822182.0	208196.47216796875	223.0	-172.13414634146343	5646.0	-6.798780487804879	2650.0	3882.7838827838827	940.0	-2.248803827751196	-3.6842105263157894	4360.0	4776832.0	98.64389014359008	10.430622009569378	1540.0	
2301.0	11.065217391304348	1235.0	-0.5217391304347826	-0.18478260869565216	2270.0	-141.0	0.21139430284857572	-0.24287856071964017	238.0	4462.890625	-0.3568215892053973	-162.0	32.79321813660208	33937.0	-251.95121951219514	8264.0	6822502.0	208206.23779296875	394.0	-175.85365853658539	5768.0	-12.01219512195122	2640.0	3868.131868131868	1004.0	-2.401913875598086	-3.2057416267942584	4188.0	4777200.0	98.64014693663795	10.01913875598086	1340.0	
2272.0	10.902173913043478	1250.0	-0.20652173913043478	-0.4891304347826087	2298.0	-142.0	0.2128935532233883	-0.24137931034482757	259.0	4472.65625	-0.38830584707646176	-161.0	32.79321813660208	33937.0	-252.46951219512198	8281.0	6822822.0	208216.00341796875	550.0	-174.1768292682927	5713.0	-16.76829268292683	2631.0	3854.945054945055	1108.0	-2.650717703349282	-2.8229665071770333	4156.0	4777200.0	98.64014693663795	9.942583732057416	1180.0	
2236.0	11.065217391304348	1235.0	0.18478260869565216	-0.19565217391304346	2271.0	-148.0	0.22188905547226387	-0.2608695652173913	276.0	4482.421875	-0.41379310344827586	-174.0	32.79321813660208	33937.0	-252.34756097560978	8277.0	6823142.0	208225.76904296875	910.0	-173.68902439024393	5697.0	-27.743902439024392	2639.0	3866.6666666666665	928.0	-2.2200956937799043	-2.401913875598086	4216.0	4777200.0	98.64014693663795	10.086124401913874	1004.0	
2198.0	10.858695652173912	1254.0	0.5978260869565217	0.43478260869565216	2213.0	-145.0	0.21739130434782608	-0.2593703148425787	303.0	4492.1875	-0.4542728635682159	-173.0	32.79321813660208	33937.0	-246.9817073170732	8101.0	6823462.0	208235.53466796875	1053.0	-177.6829268292683	5828.0	-32.10365853658537	2650.0	3882.7838827838827	696.0	-1.6650717703349283	-1.9234449760765548	4072.0	4777200.0	98.64014693663795	9.741626794258373	804.0	
2163.0	10.315217391304348	1304.0	0.9782608695652174	0.40217391304347827	2216.0	-147.0	0.22038980509745126	-0.24737631184407796	314.0	4501.953125	-0.4707646176911544	-165.0	32.79321813660208	33937.0	-239.32926829268294	7850.0	6823782.0	208245.30029296875	906.0	-182.19512195121953	5976.0	-27.621951219512198	2625.0	3846.153846153846	696.0	-1.6650717703349283	-1.6363636363636362	3964.0	4777200.0	98.64014693663795	9.483253588516746	684.0	
2108.0	9.565217391304348	1373.0	1.576086956521739	0.9782608695652174	2163.0	-152.0	0.22788605697151423	-0.24887556221889054	325.0	4511.71875	-0.4872563718140929	-166.0	32.79321813660208	33937.0	-236.34146341463418	7752.0	6824102.0	208255.06591796875	1100.0	-183.35365853658539	6014.0	-33.53658536585366	2649.0	3881.3186813186812	548.0	-1.3110047846889952	-1.1100478468899522	3652.0	4777200.0	98.64014693663795	8.736842105263158	464.0	
2068.0	8.945652173913043	1430.0	2.010869565217391	1.0108695652173914	2160.0	-146.0	0.21889055472263869	-0.239880059970015	349.0	4521.484375	-0.5232383808095952	-160.0	32.79321813660208	33937.0	-236.31097560975613	7751.0	6824422.0	208264.83154296875	1292.0	-186.25000000000003	6109.0	-39.390243902439025	2653.0	3887.1794871794873	484.0	-1.1578947368421053	-0.4688995215311005	3348.0	4777200.0	98.64014693663795	8.009569377990431	196.0	
2045.0	8.391304347826086	1481.0	2.260869565217391	1.358695652173913	2128.0	-146.0	0.21889055472263869	-0.239880059970015	366.0	4531.25	-0.5487256371814093	-160.0	32.79321813660208	33937.0	-232.68292682926833	7632.0	6824742.0	208274.59716796875	1677.0	-190.4268292682927	6246.0	-51.12804878048781	2643.0	3872.5274725274726	336.0	-0.8038277511961722	-0.14354066985645933	3072.0	4777200.0	98.64014693663795	7.349282296650717	60.0	
2019.0	7.967391304347826	1520.0	2.543478260869565	1.1630434782608696	2146.0	-145.0	0.21739130434782608	-0.23238380809595202	386.0	4541.015625	-0.5787106446776612	-155.0	32.79321813660208	33937.0	-228.93292682926833	7509.0	6825062.0	208284.36279296875	2033.0	-193.81097560975613	6357.0	-61.98170731707317	2654.0	3888.644688644689	424.0	-1.014354066985646	0.15311004784688995	2848.0	4777200.0	98.64014693663795	6.813397129186603	-64.0	
2004.0	7.706521739130435	1544.0	2.7065217391304346	1.3043478260869565	2133.0	-153.0	0.22938530734632684	-0.2383808095952024	394.0	4550.78125	-0.5907046476761619	-159.0	32.79321813660208	33937.0	-224.96951219512198	7379.0	6825382.0	208294.12841796875	2530.0	-189.96951219512198	6231.0	-77.13414634146342	2645.0	3875.4578754578756	356.0	-0.8516746411483254	0.4401913875598086	2736.0	4777200.0	98.64014693663795	6.545454545454545	-184.0	
1985.0	7.4021739130434785	1572.0	2.9130434782608696	1.576086956521739	2108.0	-148.0	0.22188905547226387	-0.22788605697151423	413.0	4560.546875	-0.6191904047976011	-152.0	32.79321813660208	33937.0	-214.26829268292684	7028.0	6825702.0	208303.89404296875	2684.0	-188.71951219512198	6190.0	-81.82926829268294	2648.0	3879.8534798534797	164.0	-0.3923444976076555	0.7177033492822966	2524.0	4776752.0	98.6447038848709	6.038277511961723	-300.0	
1960.0	7.206521739130435	1590.0	3.184782608695652	1.576086956521739	2108.0	-149.0	0.22338830584707645	-0.2083958020989505	428.0	4570.3125	-0.6416791604197901	-139.0	32.79321813660208	33937.0	-201.03658536585368	6594.0	6826022.0	208313.65966796875	2516.0	-190.15243902439025	6237.0	-76.70731707317074	2636.0	3862.2710622710624	180.0	-0.43062200956937796	0.985645933014354	2420.0	4776752.0	98.6447038848709	5.789473684210526	-412.0	
1922.0	7.054347826086956	1604.0	3.5978260869565215	2.141304347826087	2056.0	-153.0	0.22938530734632684	-0.2098950524737631	440.0	4580.078125	-0.6596701649175412	-140.0	32.79321813660208	33937.0	-197.31707317073173	6472.0	6826342.0	208323.42529296875	2650.0	-181.7987804878049	5963.0	-80.79268292682927	2641.0	3869.5970695970695	-84.0	0.20095693779904306	1.444976076555024	2432.0	4776752.0	98.6447038848709	5.818181818181818	-604.0	
1902.0	7.032608695652174	1606.0	3.8152173913043477	2.717391304347826	2003.0	-150.0	0.22488755622188905	-0.20239880059970014	457.0	4589.84375	-0.6851574212893553	-135.0	32.79321813660208	33937.0	-190.85365853658539	6260.0	6826662.0	208333.19091796875	2361.0	-178.2317073170732	5846.0	-71.98170731707317	2649.0	3881.3186813186812	-324.0	0.7751196172248803	1.7607655502392343	2380.0	4776752.0	98.6447038848709	5.69377990430622	-736.0	
1901.0	6.869565217391304	1621.0	3.8260869565217392	3.2717391304347827	1952.0	-141.0	0.21139430284857572	-0.1874062968515742	467.0	4599.609375	-0.7001499250374812	-125.0	32.79321813660208	33937.0	-175.64024390243904	5761.0	6826982.0	208342.95654296875	2121.0	-179.69512195121953	5894.0	-64.66463414634147	2653.0	3887.1794871794873	-536.0	1.2822966507177034	1.7511961722488039	2288.0	4776752.0	98.6447038848709	5.473684210526316	-732.0	
1906.0	6.467391304347826	1658.0	3.7717391304347827	3.4130434782608696	1939.0	-141.0	0.21139430284857572	-0.17241379310344826	483.0	4609.375	-0.7241379310344828	-115.0	32.79321813660208	33937.0	-162.8658536585366	5342.0	6827302.0	208352.72216796875	1900.0	-177.13414634146343	5810.0	-57.926829268292686	2650.0	3882.7838827838827	-628.0	1.5023923444976075	1.6650717703349283	2104.0	4777312.0	98.63900770069802	5.033492822966507	-696.0	
1918.0	6.271739130434782	1676.0	3.641304347826087	3.4456521739130435	1936.0	-145.0	0.21739130434782608	-0.1634182908545727	482.0	4619.140625	-0.7226386806596702	-109.0	32.79321813660208	33937.0	-150.7926829268293	4946.0	6827622.0	208362.48779296875	1562.0	-171.70731707317074	5632.0	-47.6219512195122	2639.0	3866.6666666666665	-696.0	1.6650717703349283	1.5980861244019138	2016.0	4777312.0	98.63900770069802	4.822966507177033	-668.0	
1913.0	6.141304347826087	1688.0	3.6956521739130435	3.5217391304347827	1929.0	-139.0	0.2083958020989505	-0.1679160419790105	502.0	4628.90625	-0.7526236881559221	-112.0	32.79321813660208	33937.0	-138.75	4551.0	6827942.0	208372.25341796875	1410.0	-160.6707317073171	5270.0	-42.987804878048784	2634.0	3859.3406593406594	-720.0	1.7224880382775118	1.7320574162679425	1968.0	4777312.0	98.63900770069802	4.708133971291866	-724.0	
1884.0	6.065217391304348	1695.0	4.010869565217392	3.684782608695652	1914.0	-133.0	0.19940029985007496	-0.15592203898050974	509.0	4638.671875	-0.7631184407796102	-104.0	32.79321813660208	33937.0	-127.8048780487805	4192.0	6828262.0	208382.01904296875	1353.0	-147.0426829268293	4823.0	-41.25000000000001	2637.0	3863.736263736264	-872.0	2.0861244019138754	2.1052631578947367	1888.0	4777312.0	98.63900770069802	4.516746411483253	-880.0	
1859.0	5.521739130434782	1745.0	4.282608695652174	4.173913043478261	1869.0	-130.0	0.19490254872563717	-0.1424287856071964	516.0	4648.4375	-0.7736131934032984	-95.0	32.79321813660208	33937.0	-115.70121951219514	3795.0	6828582.0	208391.78466796875	1222.0	-138.65853658536588	4548.0	-37.25609756097561	2645.0	3875.4578754578756	-924.0	2.2105263157894735	2.172248803827751	1780.0	4777312.0	98.63900770069802	4.258373205741627	-908.0	
1833.0	4.858695652173913	1806.0	4.565217391304348	4.467391304347826	1842.0	-125.0	0.1874062968515742	-0.13343328335832083	520.0	4658.203125	-0.7796101949025487	-89.0	32.79321813660208	33937.0	-102.13414634146342	3350.0	6828902.0	208401.55029296875	1220.0	-129.87804878048783	4260.0	-37.19512195121951	2650.0	3882.7838827838827	-1132.0	2.7081339712918657	2.5071770334928227	1484.0	4777632.0	98.63575274333445	3.5502392344497604	-1048.0	
1826.0	4.521739130434782	1837.0	4.641304347826087	4.5	1839.0	-124.0	0.18590704647676162	-0.12443778110944527	523.0	4667.96875	-0.7841079460269865	-83.0	32.79321813660208	33937.0	-92.04268292682927	3019.0	6829222.0	208411.31591796875	1344.0	-120.2439024390244	3944.0	-40.97560975609756	2635.0	3860.805860805861	-1116.0	2.6698564593301435	2.784688995215311	1268.0	4777632.0	98.63575274333445	3.0334928229665072	-1164.0	
1810.0	4.630434782608695	1827.0	4.815217391304348	4.5978260869565215	1830.0	-118.0	0.17691154422788605	-0.12443778110944527	537.0	4677.734375	-0.8050974512743628	-83.0	32.79321813660208	33937.0	-81.92073170731707	2687.0	6829542.0	208421.08154296875	1482.0	-111.15853658536587	3646.0	-45.1829268292683	2660.0	3897.4358974358975	-1204.0	2.880382775119617	2.976076555023923	1260.0	4777632.0	98.63575274333445	3.014354066985646	-1244.0	
1792.0	5.054347826086956	1788.0	5.010869565217392	4.119565217391305	1874.0	-115.0	0.17241379310344826	-0.11544227886056971	536.0	4687.5	-0.8035982008995503	-77.0	32.79321813660208	33937.0	-73.78048780487805	2420.0	6829862.0	208430.84716796875	1562.0	-100.82317073170732	3307.0	-47.6219512195122	2642.0	3871.062271062271	-968.0	2.3157894736842106	3.186602870813397	1472.0	4777632.0	98.63575274333445	3.5215311004784686	-1332.0	
1777.0	5.445652173913043	1752.0	5.173913043478261	4.195652173913043	1867.0	-118.0	0.17691154422788605	-0.10344827586206896	542.0	4697.265625	-0.8125937031484257	-69.0	32.79321813660208	33937.0	-64.0548780487805	2101.0	6830182.0	208440.61279296875	1567.0	-88.90243902439025	2916.0	-47.774390243902445	2625.0	3846.153846153846	-1008.0	2.4114832535885165	3.3588516746411483	1692.0	4777632.0	98.63575274333445	4.047846889952153	-1404.0	
1745.0	5.326086956521739	1763.0	5.521739130434782	4.228260869565217	1864.0	-106.0	0.15892053973013492	-0.10944527736131934	544.0	4707.03125	-0.815592203898051	-73.0	32.79321813660208	33937.0	-57.50000000000001	1886.0	6830502.0	208450.37841796875	1598.0	-72.13414634146342	2366.0	-48.71951219512196	2649.0	3881.3186813186812	-1032.0	2.4688995215311005	3.7703349282296648	1664.0	4777632.0	98.63575274333445	3.9808612440191387	-1576.0	
1708.0	5.206521739130435	1774.0	5.923913043478261	4.532608695652174	1836.0	-110.0	0.1649175412293853	-0.10794602698650674	553.0	4716.796875	-0.8290854572713643	-72.0	32.79321813660208	33937.0	-51.554878048780495	1691.0	6830822.0	208460.14404296875	1617.0	-57.743902439024396	1894.0	-49.29878048780488	2646.0	3876.923076923077	-1200.0	2.8708133971291865	4.239234449760765	1556.0	4777632.0	98.63575274333445	3.7224880382775116	-1772.0	
1658.0	5.434782608695652	1753.0	6.467391304347826	4.478260869565217	1841.0	-106.0	0.15892053973013492	-0.0944527736131934	562.0	4726.5625	-0.8425787106446776	-63.0	32.79321813660208	33937.0	-44.84756097560976	1471.0	6831142.0	208469.90966796875	1670.0	-51.21951219512196	1680.0	-50.91463414634147	2650.0	3882.7838827838827	-1152.0	2.755980861244019	4.832535885167464	1660.0	4777632.0	98.63575274333445	3.9712918660287078	-2020.0	
1621.0	6.032608695652174	1698.0	6.869565217391304	4.217391304347826	1865.0	-111.0	0.1664167916041979	-0.0944527736131934	560.0	4736.328125	-0.8395802098950524	-63.0	32.79321813660208	33937.0	-40.73170731707317	1336.0	6831462.0	208479.67529296875	1718.0	-46.61585365853659	1529.0	-52.37804878048781	2635.0	3860.805860805861	-1008.0	2.4114832535885165	5.263157894736842	1984.0	4777632.0	98.63575274333445	4.746411483253588	-2200.0	
1605.0	6.5	1655.0	7.043478260869565	4.076086956521739	1878.0	-107.0	0.16041979010494753	-0.0914542728635682	561.0	4746.09375	-0.841079460269865	-61.0	32.79321813660208	33937.0	-37.43902439024391	1228.0	6831782.0	208489.44091796875	1742.0	-43.14024390243903	1415.0	-53.10975609756098	2651.0	3884.2490842490843	-932.0	2.229665071770335	5.492822966507177	2176.0	4777632.0	98.63575274333445	5.205741626794258	-2296.0	
1592.0	6.695652173913043	1637.0	7.184782608695652	3.9565217391304346	1889.0	-107.0	0.16041979010494753	-0.0944527736131934	562.0	4755.859375	-0.8425787106446776	-63.0	32.79321813660208	33937.0	-35.396341463414636	1161.0	6832102.0	208499.20654296875	1607.0	-38.44512195121951	1261.0	-48.993902439024396	2650.0	3882.7838827838827	-884.0	2.114832535885167	5.636363636363636	2252.0	4777488.0	98.63721747369617	5.38755980861244	-2356.0	
1581.0	6.804347826086956	1627.0	7.304347826086956	3.782608695652174	1905.0	-108.0	0.1619190404797601	-0.08395802098950525	563.0	4765.625	-0.8440779610194902	-56.0	32.79321813660208	33937.0	-32.28658536585366	1059.0	6832422.0	208508.97216796875	1479.0	-30.914634146341466	1014.0	-45.09146341463415	2656.0	3891.5750915750914	-808.0	1.9330143540669855	5.760765550239234	2320.0	4777488.0	98.63721747369617	5.55023923444976	-2408.0	
1562.0	6.880434782608695	1620.0	7.510869565217391	3.8478260869565215	1899.0	-106.0	0.15892053973013492	-0.08095952023988005	566.0	4775.390625	-0.848575712143928	-54.0	32.79321813660208	33937.0	-31.402439024390247	1030.0	6832742.0	208518.73779296875	1387.0	-23.628048780487806	775.0	-42.28658536585366	2644.0	3873.992673992674	-884.0	2.114832535885167	6.047846889952153	2352.0	4777488.0	98.63721747369617	5.626794258373206	-2528.0	
1538.0	6.9021739130434785	1618.0	7.771739130434782	4.032608695652174	1882.0	-106.0	0.15892053973013492	-0.0704647676161919	566.0	4785.15625	-0.848575712143928	-47.0	32.79321813660208	33937.0	-29.35975609756098	963.0	6833062.0	208528.50341796875	1278.0	-20.0609756097561	658.0	-38.963414634146346	2638.0	3865.2014652014655	-900.0	2.15311004784689	6.354066985645932	2348.0	4777488.0	98.63721747369617	5.617224880382775	-2656.0	
1526.0	7.184782608695652	1592.0	7.902173913043478	3.6630434782608696	1916.0	-111.0	0.1664167916041979	-0.07946026986506746	569.0	4794.921875	-0.8530734632683658	-53.0	32.79321813660208	33937.0	-26.676829268292686	875.0	6833382.0	208538.26904296875	1169.0	-19.664634146341466	645.0	-35.640243902439025	2644.0	3873.992673992674	-748.0	1.7894736842105263	6.440191387559809	2524.0	4777488.0	98.63721747369617	6.038277511961723	-2692.0	
1522.0	7.543478260869565	1559.0	7.945652173913043	3.6739130434782608	1915.0	-109.0	0.1634182908545727	-0.06746626686656672	570.0	4804.6875	-0.8545727136431783	-45.0	32.79321813660208	33937.0	-25.182926829268293	826.0	6833702.0	208548.03466796875	1003.0	-18.29268292682927	600.0	-30.57926829268293	2655.0	3890.10989010989	-744.0	1.7799043062200957	6.488038277511961	2632.0	4777520.0	98.63689197799633	6.296650717703349	-2712.0	
1519.0	7.380434782608695	1574.0	7.978260869565217	3.619565217391304	1920.0	-106.0	0.15892053973013492	-0.06596701649175413	572.0	4814.453125	-0.8575712143928036	-44.0	32.79321813660208	33937.0	-23.231707317073173	762.0	6834022.0	208557.80029296875	933.0	-15.335365853658537	503.0	-28.445121951219516	2648.0	3879.8534798534797	-740.0	1.770334928229665	6.545454545454545	2628.0	4777520.0	98.63689197799633	6.287081339712919	-2736.0	
1529.0	6.869565217391304	1621.0	7.869565217391304	3.793478260869565	1904.0	-107.0	0.16041979010494753	-0.06596701649175413	572.0	4824.21875	-0.8575712143928036	-44.0	32.79321813660208	33937.0	-18.628048780487806	611.0	6834342.0	208567.56591796875	977.0	-12.256097560975611	402.0	-29.78658536585366	2647.0	3878.388278388278	-756.0	1.8086124401913874	6.45933014354067	2404.0	4777520.0	98.63689197799633	5.751196172248804	-2700.0	
1543.0	6.576086956521739	1648.0	7.717391304347826	4.184782608695652	1868.0	-107.0	0.16041979010494753	-0.06896551724137931	576.0	4833.984375	-0.8635682158920539	-46.0	32.79321813660208	33937.0	-17.621951219512198	578.0	6834662.0	208577.33154296875	1059.0	-7.073170731707318	232.0	-32.28658536585366	2654.0	3888.644688644689	-952.0	2.277511961722488	6.258373205741626	2244.0	4777520.0	98.63689197799633	5.368421052631579	-2616.0	
1544.0	6.423913043478261	1662.0	7.706521739130435	4.130434782608695	1873.0	-115.0	0.17241379310344826	-0.06596701649175413	572.0	4843.75	-0.8575712143928036	-44.0	32.79321813660208	33937.0	-20.243902439024392	664.0	6834982.0	208587.09716796875	1136.0	-0.3353658536585366	11.0	-34.63414634146342	2648.0	3879.8534798534797	-1000.0	2.3923444976076556	6.248803827751196	2188.0	4777520.0	98.63689197799633	5.23444976076555	-2612.0	
1536.0	6.5	1655.0	7.793478260869565	4.239130434782608	1863.0	-105.0	0.15742128935532235	-0.05547226386806597	577.0	4853.515625	-0.8650674662668666	-37.0	32.79321813660208	33937.0	-20.51829268292683	673.0	6835302.0	208596.86279296875	1320.0	5.121951219512195	-168.0	-40.243902439024396	2620.0	3838.827838827839	-1044.0	2.4976076555023923	6.30622009569378	2200.0	4777648.0	98.63558999556213	5.263157894736842	-2636.0	
1518.0	6.663043478260869	1640.0	7.989130434782608	4.141304347826087	1872.0	-116.0	0.17391304347826086	-0.05697151424287856	566.0	4863.28125	-0.848575712143928	-38.0	32.79321813660208	33937.0	-19.420731707317074	637.0	6835622.0	208606.62841796875	1401.0	8.628048780487806	-283.0	-42.713414634146346	2635.0	3860.805860805861	-988.0	2.3636363636363638	6.535885167464115	2272.0	4777648.0	98.63558999556213	5.435406698564593	-2732.0	
1502.0	7.043478260869565	1605.0	8.16304347826087	4.032608695652174	1882.0	-113.0	0.16941529235382308	-0.05697151424287856	571.0	4873.046875	-0.856071964017991	-38.0	32.79321813660208	33937.0	-17.225609756097562	565.0	6835942.0	208616.39404296875	1368.0	10.76219512195122	-353.0	-41.707317073170735	2642.0	3871.062271062271	-924.0	2.2105263157894735	6.698564593301435	2444.0	4777648.0	98.63558999556213	5.84688995215311	-2800.0	
1481.0	7.271739130434782	1584.0	8.391304347826086	3.5652173913043477	1925.0	-122.0	0.1829085457271364	-0.05697151424287856	569.0	4882.8125	-0.8530734632683658	-38.0	32.79321813660208	33937.0	-14.176829268292684	465.0	6836262.0	208626.15966796875	1294.0	13.628048780487806	-447.0	-39.451219512195124	2640.0	3868.131868131868	-720.0	1.7224880382775118	6.9952153110047846	2488.0	4777648.0	98.63558999556213	5.952153110047846	-2924.0	
1467.0	7.0978260869565215	1600.0	8.543478260869565	3.543478260869565	1927.0	-113.0	0.16941529235382308	-0.05397301349325337	573.0	4892.578125	-0.8590704647676162	-36.0	32.79321813660208	33937.0	-11.76829268292683	386.0	6836582.0	208635.92529296875	1151.0	15.579268292682928	-511.0	-35.09146341463415	2637.0	3863.736263736264	-688.0	1.645933014354067	7.157894736842105	2464.0	4777648.0	98.63558999556213	5.894736842105263	-2992.0	
1448.0	6.913043478260869	1617.0	8.75	3.652173913043478	1917.0	-120.0	0.17991004497751123	-0.04947526236881559	570.0	4902.34375	-0.8545727136431783	-33.0	32.79321813660208	33937.0	-11.463414634146343	376.0	6836902.0	208645.69091796875	1045.0	16.79878048780488	-551.0	-31.85975609756098	2645.0	3875.4578754578756	-700.0	1.6746411483253587	7.4066985645933014	2376.0	4777648.0	98.63558999556213	5.684210526315789	-3096.0	
1439.0	6.804347826086956	1627.0	8.847826086956522	3.6630434782608696	1916.0	-124.0	0.18590704647676162	-0.046476761619190406	569.0	4912.109375	-0.8530734632683658	-31.0	32.79321813660208	33937.0	-10.853658536585368	356.0	6837222.0	208655.45654296875	965.0	15.03048780487805	-493.0	-29.420731707317074	2636.0	3862.2710622710624	-724.0	1.7320574162679425	7.55023923444976	2316.0	4777648.0	98.63558999556213	5.5406698564593295	-3156.0	
1423.0	6.913043478260869	1617.0	9.021739130434783	3.6739130434782608	1915.0	-127.0	0.19040479760119938	-0.04497751124437781	575.0	4921.875	-0.8620689655172413	-30.0	32.79321813660208	33937.0	-7.164634146341464	235.0	6837542.0	208665.22216796875	858.0	14.359756097560977	-471.0	-26.158536585365855	2635.0	3860.805860805861	-764.0	1.8277511961722488	7.693779904306219	2372.0	4777648.0	98.63558999556213	5.6746411483253585	-3216.0	
1423.0	6.891304347826087	1619.0	9.021739130434783	3.891304347826087	1895.0	-128.0	0.191904047976012	-0.050974512743628186	562.0	4931.640625	-0.8425787106446776	-34.0	32.79321813660208	33937.0	-5.182926829268293	170.0	6837862.0	208674.98779296875	682.0	10.457317073170733	-343.0	-20.79268292682927	2643.0	3872.5274725274726	-828.0	1.9808612440191387	7.6746411483253585	2384.0	4777648.0	98.63558999556213	5.70334928229665	-3208.0	
1468.0	6.913043478260869	1617.0	8.532608695652174	4.08695652173913	1877.0	-125.0	0.1874062968515742	-0.05247376311844078	571.0	4941.40625	-0.856071964017991	-35.0	32.79321813660208	33937.0	-0.2134146341463415	7.0	6838182.0	208684.75341796875	572.0	6.646341463414635	-218.0	-17.439024390243905	2636.0	3862.2710622710624	-956.0	2.2870813397129184	7.090909090909091	2344.0	4777648.0	98.63558999556213	5.607655502392344	-2964.0	
1487.0	6.413043478260869	1663.0	8.326086956521738	4.0978260869565215	1876.0	-128.0	0.191904047976012	-0.043478260869565216	570.0	4951.171875	-0.8545727136431783	-29.0	32.79321813660208	33937.0	3.3841463414634148	-111.0	6838502.0	208694.51904296875	331.0	9.207317073170733	-302.0	-10.091463414634147	2639.0	3866.6666666666665	-972.0	2.325358851674641	6.937799043062201	2220.0	4777504.0	98.63705472584168	5.311004784688995	-2900.0	
1511.0	6.141304347826087	1688.0	8.065217391304348	4.326086956521739	1855.0	-127.0	0.19040479760119938	-0.04497751124437781	568.0	4960.9375	-0.8515742128935532	-30.0	32.79321813660208	33937.0	1.7682926829268295	-58.0	6838822.0	208704.28466796875	333.0	11.158536585365855	-366.0	-10.152439024390246	2644.0	3873.992673992674	-1056.0	2.526315789473684	6.717703349282297	2020.0	4777504.0	98.63705472584168	4.832535885167464	-2808.0	
1533.0	5.913043478260869	1709.0	7.826086956521739	4.206521739130435	1866.0	-128.0	0.191904047976012	-0.037481259370314844	570.0	4970.703125	-0.8545727136431783	-25.0	32.79321813660208	33937.0	0.27439024390243905	-9.0	6839142.0	208714.05029296875	297.0	9.756097560975611	-320.0	-9.05487804878049	2625.0	3846.153846153846	-1008.0	2.4114832535885165	6.430622009569378	1928.0	4777504.0	98.63705472584168	4.6124401913875595	-2688.0	
1584.0	5.978260869565217	1703.0	7.271739130434782	4.369565217391305	1851.0	-130.0	0.19490254872563717	-0.046476761619190406	572.0	4980.46875	-0.8575712143928036	-31.0	32.79321813660208	33937.0	5.457317073170732	-179.0	6839462.0	208723.81591796875	260.0	4.085365853658537	-134.0	-7.926829268292684	2635.0	3860.805860805861	-1044.0	2.4976076555023923	5.942583732057416	1948.0	4777504.0	98.63705472584168	4.660287081339713	-2484.0	
1629.0	5.619565217391304	1736.0	6.782608695652174	4.380434782608695	1850.0	-136.0	0.20389805097451275	-0.050974512743628186	574.0	4990.234375	-0.8605697151424287	-34.0	32.79321813660208	33937.0	11.189024390243903	-367.0	6839782.0	208733.58154296875	312.0	7.25609756097561	-238.0	-9.51219512195122	2642.0	3871.062271062271	-1068.0	2.555023923444976	5.358851674641148	1816.0	4777504.0	98.63705472584168	4.344497607655502	-2240.0	
1679.0	5.228260869565217	1772.0	6.239130434782608	4.423913043478261	1846.0	-135.0	0.20239880059970014	-0.041979010494752625	572.0	5000.0	-0.8575712143928036	-28.0	32.79321813660208	33937.0	15.54878048780488	-510.0	6840102.0	208743.34716796875	422.0	15.487804878048783	-508.0	-12.865853658536587	2640.0	3868.131868131868	-1096.0	2.6220095693779903	4.708133971291866	1632.0	4777472.0	98.63738022155978	3.9043062200956937	-1968.0	
1709.0	5.065217391304348	1787.0	5.913043478260869	4.434782608695652	1845.0	-133.0	0.19940029985007496	-0.041979010494752625	567.0	5009.765625	-0.8500749625187406	-28.0	32.79321813660208	33937.0	22.103658536585368	-725.0	6840422.0	208753.11279296875	554.0	26.55487804878049	-871.0	-16.890243902439025	2649.0	3881.3186813186812	-1104.0	2.6411483253588517	4.1913875598086126	1548.0	4777472.0	98.63738022155978	3.7033492822966507	-1752.0	
1741.0	5.206521739130435	1774.0	5.565217391304348	4.206521739130435	1866.0	-133.0	0.19940029985007496	-0.046476761619190406	564.0	5019.53125	-0.8455772113943029	-31.0	32.79321813660208	33937.0	29.573170731707318	-970.0	6840742.0	208762.87841796875	681.0	40.487804878048784	-1328.0	-20.762195121951223	2631.0	3854.945054945055	-1032.0	2.4688995215311005	3.866028708133971	1600.0	4777472.0	98.63738022155978	3.827751196172249	-1616.0	
1750.0	5.315217391304348	1764.0	5.467391304347826	4.25	1862.0	-140.0	0.2098950524737631	-0.046476761619190406	564.0	5029.296875	-0.8455772113943029	-31.0	32.79321813660208	33937.0	38.50609756097561	-1263.0	6841062.0	208772.64404296875	737.0	53.35365853658537	-1750.0	-22.469512195121954	2642.0	3871.062271062271	-1060.0	2.5358851674641145	3.789473684210526	1616.0	4777472.0	98.63738022155978	3.866028708133971	-1584.0	
1746.0	5.217391304347826	1773.0	5.510869565217392	4.206521739130435	1866.0	-144.0	0.21589205397301348	-0.050974512743628186	567.0	5039.0625	-0.8500749625187406	-34.0	32.79321813660208	33937.0	49.237804878048784	-1615.0	6841382.0	208782.40966796875	714.0	63.810975609756106	-2093.0	-21.76829268292683	2631.0	3854.945054945055	-1020.0	2.4401913875598087	3.7799043062200957	1576.0	4777472.0	98.63738022155978	3.7703349282296648	-1580.0	
1752.0	5.206521739130435	1774.0	5.445652173913043	4.25	1862.0	-146.0	0.21889055472263869	-0.05247376311844078	564.0	5048.828125	-0.8455772113943029	-35.0	32.80316040851176	33939.0	61.3719512195122	-2013.0	6841702.0	208792.17529296875	626.0	71.3719512195122	-2341.0	-19.085365853658537	2638.0	3865.2014652014655	-1024.0	2.449760765550239	3.741626794258373	1564.0	4777472.0	98.63906326272935	3.741626794258373	-1564.0	
1760.0	5.239130434782608	1771.0	5.358695652173913	4.217391304347826	1865.0	-151.0	0.22638680659670163	-0.05997001499250375	551.0	5058.59375	-0.8260869565217391	-40.0	32.80316040851176	33939.0	74.39024390243902	-2440.0	6842022.0	208801.94091796875	504.0	80.15243902439025	-2629.0	-15.365853658536587	2648.0	3879.8534798534797	-1056.0	2.526315789473684	3.6555023923444976	1532.0	4777472.0	98.63906326272935	3.665071770334928	-1528.0	
1767.0	5.021739130434782	1791.0	5.282608695652174	4.173913043478261	1869.0	-153.0	0.22938530734632684	-0.06146926536731634	549.0	5068.359375	-0.8230884557721139	-41.0	32.80316040851176	33939.0	88.68902439024392	-2909.0	6842342.0	208811.70654296875	383.0	90.0609756097561	-2954.0	-11.676829268292684	2631.0	3854.945054945055	-1004.0	2.401913875598086	3.5693779904306218	1452.0	4777472.0	98.63906326272935	3.4736842105263155	-1492.0	
1774.0	4.923913043478261	1800.0	5.206521739130435	3.9456521739130435	1890.0	-160.0	0.239880059970015	-0.06746626686656672	548.0	5078.125	-0.8215892053973013	-45.0	32.80316040851176	33939.0	105.09146341463416	-3447.0	6842662.0	208821.47216796875	225.0	98.81097560975611	-3241.0	-6.859756097560976	2630.0	3853.479853479854	-896.0	2.1435406698564594	3.416267942583732	1412.0	4777472.0	98.63906326272935	3.3779904306220097	-1428.0	
1784.0	4.83695652173913	1808.0	5.0978260869565215	3.3260869565217392	1947.0	-163.0	0.24437781109445278	-0.07946026986506746	544.0	5087.890625	-0.815592203898051	-53.0	32.80316040851176	33939.0	121.70731707317074	-3992.0	6842982.0	208831.23779296875	129.0	105.51829268292684	-3461.0	-3.932926829268293	2645.0	3875.4578754578756	-544.0	1.3014354066985645	3.177033492822966	1404.0	4777472.0	98.63906326272935	3.3588516746411483	-1328.0	
1819.0	5.054347826086956	1788.0	4.717391304347826	2.152173913043478	2055.0	-169.0	0.25337331334332835	-0.07796101949025487	535.0	5097.65625	-0.8020989505247376	-52.0	32.80316040851176	33939.0	137.13414634146343	-4498.0	6843302.0	208841.00341796875	173.0	111.98170731707319	-3673.0	-5.27439024390244	2634.0	3859.3406593406594	-28.0	0.06698564593301436	2.832535885167464	1484.0	4776224.0	98.65175782983938	3.5502392344497604	-1184.0	
1841.0	5.304347826086956	1765.0	4.478260869565217	1.4782608695652173	2117.0	-171.0	0.2563718140929535	-0.095952023988006	523.0	5107.421875	-0.7841079460269865	-64.0	32.80316040851176	33939.0	152.77439024390245	-5011.0	6843622.0	208850.76904296875	219.0	123.78048780487806	-4060.0	-6.676829268292684	2644.0	3873.992673992674	120.0	-0.28708133971291866	2.660287081339713	1560.0	4776224.0	98.65175782983938	3.7320574162679425	-1112.0	
1898.0	5.826086956521739	1717.0	3.858695652173913	0.8478260869565217	2175.0	-171.0	0.2563718140929535	-0.095952023988006	523.0	5117.1875	-0.7841079460269865	-64.0	32.80316040851176	33939.0	172.53048780487808	-5659.0	6843942.0	208860.53466796875	168.0	136.76829268292684	-4486.0	-5.121951219512195	2644.0	3873.992673992674	408.0	-0.9760765550239234	2.047846889952153	1696.0	4776224.0	98.65175782983938	4.057416267942584	-856.0	
1890.0	5.793478260869565	1720.0	3.9456521739130435	0.5543478260869565	2202.0	-186.0	0.2788605697151424	-0.09895052473763118	522.0	5126.953125	-0.7826086956521738	-66.0	32.80316040851176	33939.0	189.51219512195124	-6216.0	6844262.0	208870.30029296875	-96.0	160.2439024390244	-5256.0	2.9268292682926833	2628.0	3850.5494505494507	540.0	-1.2918660287081338	1.8851674641148324	1788.0	4776224.0	98.65175782983938	4.277511961722488	-788.0	
1887.0	5.826086956521739	1717.0	3.9782608695652173	0.8043478260869565	2179.0	-186.0	0.2788605697151424	-0.09895052473763118	522.0	5136.71875	-0.7826086956521738	-66.0	32.80316040851176	33939.0	200.6707317073171	-6582.0	6844582.0	208880.06591796875	-345.0	181.76829268292684	-5962.0	10.51829268292683	2640.0	3868.131868131868	516.0	-1.2344497607655502	2.0095693779904304	1816.0	4776224.0	98.65175782983938	4.344497607655502	-840.0	
1870.0	5.891304347826087	1711.0	4.163043478260869	1.2065217391304348	2142.0	-190.0	0.2848575712143928	-0.1199400299850075	500.0	5146.484375	-0.7496251874062968	-80.0	32.80316040851176	33939.0	213.38414634146343	-6999.0	6844902.0	208889.83154296875	-834.0	189.66463414634148	-6221.0	25.426829268292686	2631.0	3854.945054945055	352.0	-0.8421052631578947	2.15311004784689	1844.0	4776032.0	98.6537108450938	4.411483253588517	-900.0	
1859.0	6.021739130434782	1699.0	4.282608695652174	1.065217391304348	2155.0	-198.0	0.29685157421289354	-0.12593703148425786	477.0	5156.25	-0.7151424287856072	-84.0	32.80316040851176	33939.0	231.9817073170732	-7609.0	6845222.0	208899.59716796875	-1247.0	181.40243902439025	-5950.0	38.018292682926834	2639.0	3866.6666666666665	408.0	-0.9760765550239234	2.277511961722488	1888.0	4776032.0	98.6537108450938	4.516746411483253	-952.0	
1852.0	6.195652173913043	1683.0	4.358695652173913	0.4782608695652174	2209.0	-202.0	0.3028485757121439	-0.1394302848575712	469.0	5166.015625	-0.7031484257871065	-93.0	32.80316040851176	33939.0	249.93902439024393	-8198.0	6845542.0	208909.36279296875	-1414.0	168.2926829268293	-5520.0	43.10975609756098	2650.0	3882.7838827838827	760.0	-1.8181818181818181	2.2392344497607652	2008.0	4776032.0	98.6537108450938	4.803827751196172	-936.0	
1898.0	6.576086956521739	1648.0	3.858695652173913	0.11956521739130435	2242.0	-205.0	0.3073463268365817	-0.14842578710644677	450.0	5175.78125	-0.6746626686656672	-99.0	32.80316040851176	33939.0	261.859756097561	-8589.0	6845862.0	208919.12841796875	-1427.0	157.16463414634148	-5155.0	43.50609756097561	2625.0	3846.153846153846	856.0	-2.047846889952153	1.8373205741626792	2168.0	4776032.0	98.6537108450938	5.186602870813397	-768.0	
1958.0	7.3478260869565215	1577.0	3.2065217391304346	-0.5978260869565217	2308.0	-201.0	0.30134932533733133	-0.15892053973013492	432.0	5185.546875	-0.6476761619190404	-106.0	32.80316040851176	33939.0	273.9634146341464	-8986.0	6846182.0	208928.89404296875	-1594.0	143.96341463414635	-4722.0	48.59756097560976	2642.0	3871.062271062271	1212.0	-2.8995215311004783	1.0813397129186602	2472.0	4776032.0	98.6537108450938	5.913875598086124	-452.0	
2015.0	8.152173913043478	1503.0	2.5869565217391304	-0.8369565217391304	2330.0	-206.0	0.3088455772113943	-0.17241379310344826	417.0	5195.3125	-0.6251874062968515	-115.0	32.80316040851176	33939.0	286.859756097561	-9409.0	6846502.0	208938.65966796875	-1660.0	135.09146341463415	-4431.0	50.60975609756098	2644.0	3873.992673992674	1332.0	-3.186602870813397	0.3253588516746411	2836.0	4776384.0	98.65013031813156	6.784688995215311	-136.0	
2065.0	8.804347826086957	1443.0	2.043478260869565	-0.532608695652174	2302.0	-212.0	0.31784107946026985	-0.17691154422788605	401.0	5205.078125	-0.6011994002998501	-118.0	32.80316040851176	33939.0	303.2926829268293	-9948.0	6846822.0	208948.42529296875	-1868.0	130.2439024390244	-4272.0	56.951219512195124	2632.0	3856.4102564102564	1168.0	-2.7942583732057416	-0.3062200956937799	3156.0	4776384.0	98.65013031813156	7.55023923444976	128.0	
2102.0	9.42391304347826	1386.0	1.641304347826087	-0.4891304347826087	2298.0	-208.0	0.3118440779610195	-0.1874062968515742	385.0	5214.84375	-0.5772113943028485	-125.0	32.80316040851176	33939.0	322.95731707317077	-10593.0	6847142.0	208958.19091796875	-2092.0	121.37195121951221	-3981.0	63.78048780487806	2614.0	3830.0366300366304	1140.0	-2.727272727272727	-0.8133971291866028	3416.0	4776384.0	98.65013031813156	8.17224880382775	340.0	
2129.0	9.597826086956522	1370.0	1.3478260869565217	-0.9347826086956521	2339.0	-208.0	0.3118440779610195	-0.1934032983508246	358.0	5224.609375	-0.5367316341829085	-129.0	32.80316040851176	33939.0	342.5914634146342	-11237.0	6847462.0	208967.95654296875	-2351.0	114.93902439024392	-3770.0	71.67682926829269	2634.0	3859.3406593406594	1356.0	-3.2440191387559807	-1.1291866028708133	3492.0	4776384.0	98.65013031813156	8.354066985645932	472.0	
2158.0	9.543478260869565	1375.0	1.0326086956521738	-1.1630434782608696	2360.0	-207.0	0.3103448275862069	-0.20239880059970014	341.0	5234.375	-0.5112443778110944	-135.0	32.80316040851176	33939.0	358.4146341463415	-11756.0	6847782.0	208977.72216796875	-3299.0	114.1158536585366	-3743.0	100.57926829268294	2631.0	3854.945054945055	1428.0	-3.416267942583732	-1.6363636363636362	3488.0	4776384.0	98.65013031813156	8.344497607655502	684.0	
2196.0	10.130434782608695	1321.0	0.6195652173913043	-1.5652173913043477	2397.0	-201.0	0.30134932533733133	-0.2128935532233883	320.0	5244.140625	-0.47976011994003	-142.0	32.80316040851176	33939.0	365.88414634146346	-12001.0	6848102.0	208987.48779296875	-3919.0	103.90243902439025	-3408.0	119.48170731707319	2645.0	3875.4578754578756	1688.0	-4.038277511961723	-2.2679425837320575	3844.0	4776368.0	98.65029306926125	9.196172248803828	948.0	
2272.0	10.75	1264.0	-0.20652173913043478	-0.532608695652174	2302.0	-192.0	0.28785607196401797	-0.21139430284857572	296.0	5253.90625	-0.44377811094452774	-141.0	32.80316040851176	33939.0	368.2317073170732	-12078.0	6848422.0	208997.25341796875	-3594.0	90.64024390243904	-2973.0	109.57317073170732	2636.0	3862.2710622710624	1432.0	-3.4258373205741623	-2.660287081339713	4016.0	4776368.0	98.65029306926125	9.607655502392344	1112.0	
2326.0	10.902173913043478	1250.0	-0.7934782608695652	-0.010869565217391304	2254.0	-189.0	0.2833583208395802	-0.22188905547226387	277.0	5263.671875	-0.41529235382308843	-148.0	32.80316040851176	33939.0	370.6707317073171	-12158.0	6848742.0	209007.01904296875	-3233.0	80.21341463414635	-2631.0	98.56707317073172	2640.0	3868.131868131868	892.0	-2.1339712918660285	-3.5215311004784686	4152.0	4776368.0	98.65029306926125	9.933014354066986	1472.0	
2385.0	11.152173913043478	1227.0	-1.434782608695652	-0.34782608695652173	2285.0	-184.0	0.27586206896551724	-0.21889055472263869	256.0	5273.4375	-0.383808095952024	-146.0	32.80316040851176	33939.0	369.1158536585366	-12107.0	6849062.0	209016.78466796875	-3404.0	72.28658536585367	-2371.0	103.78048780487806	2647.0	3878.388278388278	1100.0	-2.631578947368421	-4.229665071770334	4212.0	4776368.0	98.65029306926125	10.076555023923445	1768.0	
2496.0	11.282608695652174	1215.0	-2.641304347826087	-0.19565217391304346	2271.0	-179.0	0.26836581709145424	-0.22188905547226387	239.0	5283.203125	-0.3583208395802099	-148.0	32.80316040851176	33939.0	354.69512195121956	-11634.0	6849382.0	209026.55029296875	-2531.0	88.32317073170732	-2897.0	77.16463414634147	2646.0	3876.923076923077	948.0	-2.2679425837320575	-5.578947368421052	4360.0	4776368.0	98.65029306926125	10.430622009569378	2332.0	
2560.0	11.326086956521738	1211.0	-3.3369565217391304	0.07608695652173914	2246.0	-173.0	0.2593703148425787	-0.22338830584707645	213.0	5292.96875	-0.3193403298350824	-149.0	32.80316040851176	33939.0	352.1036585365854	-11549.0	6849702.0	209036.31591796875	-2583.0	84.57317073170732	-2774.0	78.75000000000001	2644.0	3873.992673992674	860.0	-2.0574162679425836	-6.583732057416268	4344.0	4776960.0	98.64427128354252	10.392344497607654	2752.0	
2555.0	12.16304347826087	1134.0	-3.282608695652174	-0.021739130434782608	2255.0	-167.0	0.25037481259370314	-0.2128935532233883	191.0	5302.734375	-0.2863568215892054	-142.0	32.80316040851176	33939.0	359.6646341463415	-11797.0	6850022.0	209046.08154296875	-3446.0	62.19512195121952	-2040.0	105.06097560975611	2652.0	3885.714285714286	1056.0	-2.526315789473684	-6.421052631578947	4616.0	4776960.0	98.64427128354252	11.043062200956937	2684.0	
2540.0	12.619565217391305	1092.0	-3.119565217391304	0.2391304347826087	2231.0	-161.0	0.24137931034482757	-0.1934032983508246	169.0	5312.5	-0.25337331334332835	-129.0	32.80316040851176	33939.0	361.0975609756098	-11844.0	6850342.0	209055.84716796875	-2994.0	42.07317073170732	-1380.0	91.28048780487806	2634.0	3859.3406593406594	900.0	-2.15311004784689	-6.229665071770334	4928.0	4776960.0	98.64427128354252	11.789473684210526	2604.0	
2519.0	12.097826086956522	1140.0	-2.891304347826087	0.31521739130434784	2224.0	-155.0	0.23238380809595202	-0.18440779610194902	154.0	5322.265625	-0.23088455772113942	-123.0	32.80316040851176	33939.0	364.9085365853659	-11969.0	6850662.0	209065.61279296875	-3192.0	18.932926829268293	-621.0	97.31707317073172	2647.0	3878.388278388278	856.0	-2.047846889952153	-6.200956937799043	4736.0	4776960.0	98.64427128354252	11.330143540669855	2592.0	
2559.0	11.271739130434783	1216.0	-3.3260869565217392	0.043478260869565216	2249.0	-160.0	0.239880059970015	-0.17991004497751123	132.0	5332.03125	-0.19790104947526235	-120.0	32.80316040851176	33939.0	365.12195121951225	-11976.0	6850982.0	209075.37841796875	-3649.0	0.15243902439024393	-5.0	111.25000000000001	2632.0	3856.4102564102564	968.0	-2.3157894736842106	-6.430622009569378	4340.0	4776960.0	98.64427128354252	10.382775119617225	2688.0	
2630.0	11.206521739130434	1222.0	-4.0978260869565215	0.043478260869565216	2249.0	-147.0	0.22038980509745126	-0.1649175412293853	105.0	5341.796875	-0.15742128935532235	-110.0	32.80316040851176	33939.0	353.719512195122	-11602.0	6851302.0	209085.14404296875	-3554.0	-21.28048780487805	698.0	108.35365853658537	2638.0	3865.2014652014655	952.0	-2.277511961722488	-7.349282296650717	4288.0	4776944.0	98.64443403434356	10.258373205741627	3072.0	
2747.0	11.532608695652174	1192.0	-5.369565217391304	-0.15217391304347827	2267.0	-144.0	0.21589205397301348	-0.1454272863568216	94.0	5351.5625	-0.1409295352323838	-97.0	32.80316040851176	33939.0	339.51219512195127	-11136.0	6851622.0	209094.90966796875	-2704.0	-37.46951219512196	1229.0	82.43902439024392	2650.0	3882.7838827838827	1044.0	-2.4976076555023923	-8.813397129186603	4468.0	4776944.0	98.64443403434356	10.688995215311005	3684.0	
2888.0	11.130434782608695	1229.0	-6.9021739130434785	0.0	2253.0	-142.0	0.2128935532233883	-0.13793103448275862	78.0	5361.328125	-0.1169415292353823	-92.0	32.80316040851176	33939.0	327.3475609756098	-10737.0	6851942.0	209104.67529296875	-1661.0	-40.76219512195122	1337.0	50.64024390243903	2637.0	3863.736263736264	916.0	-2.1913875598086126	-10.593301435406698	4252.0	4776944.0	98.64443403434356	10.17224880382775	4428.0	
2959.0	10.195652173913043	1315.0	-7.673913043478261	0.3695652173913043	2219.0	-139.0	0.2083958020989505	-0.12143928035982009	62.0	5371.09375	-0.09295352323838081	-81.0	32.80316040851176	33939.0	319.9085365853659	-10493.0	6852262.0	209114.44091796875	-930.0	-42.46951219512196	1393.0	28.353658536585368	2640.0	3868.131868131868	768.0	-1.8373205741626792	-11.531100478468899	3772.0	4776944.0	98.64443403434356	9.023923444976075	4820.0	
2965.0	9.315217391304348	1396.0	-7.739130434782608	0.7608695652173912	2183.0	-138.0	0.20689655172413793	-0.09745127436281859	59.0	5380.859375	-0.08845577211394302	-65.0	32.80316040851176	33939.0	308.6585365853659	-10124.0	6852582.0	209124.20654296875	-481.0	-48.90243902439025	1604.0	14.664634146341465	2654.0	3888.644688644689	636.0	-1.5215311004784688	-11.416267942583731	3400.0	4776944.0	98.64443403434356	8.133971291866029	4772.0	
2932.0	8.771739130434783	1446.0	-7.380434782608695	0.9456521739130435	2166.0	-141.0	0.21139430284857572	-0.08245877061469264	44.0	5390.625	-0.06596701649175413	-55.0	32.80316040851176	33939.0	294.5426829268293	-9661.0	6852902.0	209133.97216796875	-163.0	-56.79878048780488	1863.0	4.969512195121951	2636.0	3862.2710622710624	500.0	-1.1961722488038278	-11.033492822966506	3160.0	4777024.0	98.64362028042962	7.559808612440191	4612.0	
2922.0	8.402173913043478	1480.0	-7.271739130434782	1.2282608695652173	2140.0	-152.0	0.22788605697151423	-0.05697151424287856	37.0	5400.390625	-0.05547226386806597	-38.0	32.80316040851176	33939.0	281.3109756097561	-9227.0	6853222.0	209143.73779296875	205.0	-64.54268292682927	2117.0	-6.250000000000001	2641.0	3869.5970695970695	416.0	-0.9952153110047847	-11.10047846889952	3028.0	4777024.0	98.64362028042962	7.244019138755981	4640.0	
2991.0	8.391304347826086	1481.0	-8.021739130434783	1.391304347826087	2125.0	-139.0	0.2083958020989505	-0.04047976011994003	30.0	5410.15625	-0.04497751124437781	-27.0	32.80316040851176	33939.0	274.2378048780488	-8995.0	6853542.0	209153.50341796875	514.0	-71.15853658536587	2334.0	-15.670731707317074	2635.0	3860.805860805861	380.0	-0.9090909090909091	-11.435406698564593	2988.0	4777024.0	98.64362028042962	7.148325358851674	4780.0	
3060.0	8.521739130434783	1469.0	-8.771739130434783	1.391304347826087	2125.0	-150.0	0.22488755622188905	-0.020989505247376312	24.0	5419.921875	-0.035982008995502246	-14.0	32.80316040851176	33939.0	270.94512195121956	-8887.0	6853862.0	209163.26904296875	667.0	-73.71951219512196	2418.0	-20.335365853658537	2642.0	3871.062271062271	300.0	-0.7177033492822966	-12.44976076555024	3020.0	4777024.0	98.64362028042962	7.224880382775119	5204.0	
3159.0	8.73913043478261	1449.0	-9.847826086956522	1.2391304347826086	2139.0	-155.0	0.23238380809595202	-0.0029985007496251873	10.0	5429.6875	-0.014992503748125937	-2.0	32.80316040851176	33939.0	269.7865853658537	-8849.0	6854182.0	209173.03466796875	642.0	-68.75	2255.0	-19.573170731707318	2626.0	3847.6190476190477	372.0	-0.8899521531100478	-13.645933014354066	3108.0	4777024.0	98.64362028042962	7.435406698564593	5704.0	
3224.0	9.108695652173912	1415.0	-10.554347826086957	1.2608695652173914	2137.0	-158.0	0.2368815592203898	0.02848575712143928	8.0	5439.453125	-0.01199400299850075	19.0	32.80316040851176	33939.0	267.6219512195122	-8778.0	6854502.0	209182.80029296875	446.0	-61.85975609756098	2029.0	-13.597560975609758	2633.0	3857.875457875458	384.0	-0.9186602870813396	-14.564593301435407	3276.0	4776848.0	98.64541053934155	7.837320574162679	6088.0	
3271.0	9.815217391304348	1350.0	-11.065217391304348	1.358695652173913	2128.0	-151.0	0.22638680659670163	0.043478260869565216	0.0	5449.21875	0.0	29.0	32.80316040851176	33939.0	266.82926829268297	-8752.0	6854822.0	209192.56591796875	195.0	-56.646341463414636	1858.0	-5.945121951219512	2642.0	3871.062271062271	348.0	-0.8325358851674641	-15.052631578947368	3552.0	4776848.0	98.64541053934155	8.497607655502392	6292.0	
3277.0	10.554347826086957	1282.0	-11.130434782608695	1.4239130434782608	2122.0	-157.0	0.2353823088455772	0.06296851574212893	-13.0	5458.984375	0.019490254872563718	42.0	32.80316040851176	33939.0	268.01829268292687	-8791.0	6855142.0	209202.33154296875	-186.0	-52.43902439024391	1720.0	5.670731707317073	2639.0	3866.6666666666665	328.0	-0.784688995215311	-15.253588516746412	3904.0	4776848.0	98.64541053934155	9.339712918660286	6376.0	
3272.0	11.119565217391305	1230.0	-11.076086956521738	1.6195652173913042	2104.0	-163.0	0.24437781109445278	0.07796101949025487	-18.0	5468.75	0.026986506746626684	52.0	32.80316040851176	33939.0	269.5426829268293	-8841.0	6855462.0	209212.09716796875	-787.0	-49.451219512195124	1622.0	23.993902439024392	2644.0	3873.992673992674	252.0	-0.6028708133971291	-15.320574162679426	4200.0	4776848.0	98.64541053934155	10.047846889952153	6404.0	
3252.0	11.304347826086957	1213.0	-10.858695652173912	1.826086956521739	2085.0	-172.0	0.2578710644677661	0.10344827586206896	-17.0	5478.515625	0.025487256371814093	69.0	32.80316040851176	33939.0	269.2987804878049	-8833.0	6855782.0	209221.86279296875	-1593.0	-47.10365853658537	1545.0	48.56707317073171	2639.0	3866.6666666666665	180.0	-0.43062200956937796	-15.24401913875598	4344.0	4776848.0	98.64541053934155	10.392344497607654	6372.0	
3248.0	11.217391304347826	1221.0	-10.815217391304348	2.152173913043478	2055.0	-172.0	0.2578710644677661	0.1169415292353823	-18.0	5488.28125	0.026986506746626684	78.0	32.80316040851176	33939.0	266.25	-8733.0	6856102.0	209231.62841796875	-2492.0	-48.71951219512196	1598.0	75.97560975609757	2628.0	3850.5494505494507	8.0	-0.019138755980861243	-14.937799043062201	4304.0	4777120.0	98.64264377603418	10.296650717703349	6244.0	
3208.0	10.978260869565217	1243.0	-10.380434782608695	2.2282608695652173	2048.0	-174.0	0.2608695652173913	0.13793103448275862	-17.0	5498.046875	0.025487256371814093	92.0	32.80316040851176	33939.0	258.75	-8487.0	6856422.0	209241.39404296875	-3458.0	-52.59146341463415	1725.0	105.42682926829269	2642.0	3871.062271062271	-36.0	0.08612440191387559	-14.545454545454545	4200.0	4777120.0	98.64264377603418	10.047846889952153	6080.0	
3170.0	10.619565217391305	1276.0	-9.967391304347826	2.2717391304347827	2044.0	-171.0	0.2563718140929535	0.15592203898050974	-22.0	5507.8125	0.03298350824587706	104.0	32.80316040851176	33939.0	246.64634146341464	-8090.0	6856742.0	209251.15966796875	-4428.0	-56.82926829268293	1864.0	135.0	2651.0	3884.2490842490843	-44.0	0.10526315789473684	-14.0	4028.0	4777120.0	98.64264377603418	9.636363636363637	5852.0	
3130.0	10.119565217391305	1322.0	-9.532608695652174	2.119565217391304	2058.0	-175.0	0.2623688155922039	0.1679160419790105	-25.0	5517.578125	0.037481259370314844	112.0	32.80316040851176	33939.0	230.06097560975613	-7546.0	6857062.0	209260.92529296875	-5251.0	-61.98170731707317	2033.0	160.09146341463415	2637.0	3863.736263736264	20.0	-0.04784688995215311	-13.39712918660287	3808.0	4777120.0	98.64264377603418	9.110047846889952	5600.0	
3096.0	9.597826086956522	1370.0	-9.16304347826087	1.9565217391304348	2073.0	-173.0	0.2593703148425787	0.18140929535232383	-29.0	5527.34375	0.043478260869565216	121.0	32.80316040851176	33939.0	209.1768292682927	-6861.0	6857382.0	209270.69091796875	-5883.0	-65.57926829268293	2151.0	179.359756097561	2650.0	3882.7838827838827	84.0	-0.20095693779904306	-12.880382775119617	3532.0	4777120.0	98.64264377603418	8.44976076555024	5384.0	
3051.0	8.869565217391305	1437.0	-8.67391304347826	1.934782608695652	2075.0	-177.0	0.2653673163418291	0.191904047976012	-30.0	5537.109375	0.04497751124437781	128.0	32.80316040851176	33939.0	184.20731707317074	-6042.0	6857702.0	209280.45654296875	-6367.0	-68.9329268292683	2261.0	194.1158536585366	2642.0	3871.062271062271	76.0	-0.18181818181818182	-12.440191387559809	3240.0	4776944.0	98.64443403434356	7.751196172248804	5200.0	
3016.0	8.17391304347826	1501.0	-8.293478260869565	1.891304347826087	2079.0	-180.0	0.2698650674662669	0.19640179910044978	-26.0	5546.875	0.038980509745127435	131.0	32.80316040851176	33939.0	157.8658536585366	-5178.0	6858022.0	209290.22216796875	-6622.0	-70.88414634146342	2325.0	201.89024390243904	2634.0	3859.3406593406594	76.0	-0.18181818181818182	-12.0	2908.0	4776944.0	98.64443403434356	6.956937799043062	5016.0	
2982.0	7.413043478260869	1571.0	-7.923913043478261	2.032608695652174	2066.0	-179.0	0.26836581709145424	0.20239880059970014	-31.0	5556.640625	0.046476761619190406	135.0	32.80316040851176	33939.0	131.6158536585366	-4317.0	6858342.0	209299.98779296875	-6573.0	-72.98780487804879	2394.0	200.39634146341464	2639.0	3866.6666666666665	32.0	-0.07655502392344497	-11.837320574162678	2760.0	4776944.0	98.64443403434356	6.602870813397129	4948.0	
2985.0	6.663043478260869	1640.0	-7.956521739130435	1.9565217391304348	2073.0	-184.0	0.27586206896551724	0.2083958020989505	-21.0	5566.40625	0.031484257871064465	139.0	32.80316040851176	33939.0	105.21341463414635	-3451.0	6858662.0	209309.75341796875	-6347.0	-72.53048780487805	2379.0	193.50609756097563	2636.0	3862.2710622710624	24.0	-0.057416267942583726	-11.598086124401913	2388.0	4776944.0	98.64443403434356	5.712918660287081	4848.0	
2978.0	5.989130434782608	1702.0	-7.880434782608695	2.043478260869565	2065.0	-186.0	0.2788605697151424	0.19940029985007496	-24.0	5576.171875	0.035982008995502246	133.0	32.80316040851176	33939.0	79.1158536585366	-2595.0	6858982.0	209319.51904296875	-5801.0	-69.54268292682927	2281.0	176.859756097561	2651.0	3884.2490842490843	-20.0	0.04784688995215311	-11.473684210526315	2060.0	4776944.0	98.64443403434356	4.92822966507177	4796.0	
2963.0	5.423913043478261	1754.0	-7.717391304347826	2.0	2069.0	-185.0	0.2773613193403298	0.20389805097451275	-21.0	5585.9375	0.031484257871064465	136.0	32.80316040851176	33939.0	54.72560975609757	-1795.0	6859302.0	209329.28466796875	-5037.0	-63.963414634146346	2098.0	153.56707317073173	2650.0	3882.7838827838827	28.0	-0.06698564593301436	-11.339712918660286	1752.0	4776800.0	98.64589879196377	4.1913875598086126	4740.0	
2952.0	4.923913043478261	1800.0	-7.5978260869565215	2.0217391304347827	2067.0	-193.0	0.2893553223388306	0.20539730134932532	-19.0	5595.703125	0.02848575712143928	137.0	32.80316040851176	33939.0	34.75609756097561	-1140.0	6859622.0	209339.05029296875	-4204.0	-58.53658536585366	1920.0	128.1707317073171	2636.0	3862.2710622710624	-12.0	0.028708133971291863	-11.224880382775119	1524.0	4776800.0	98.64589879196377	3.6459330143540667	4692.0	
2938.0	4.782608695652174	1813.0	-7.445652173913043	2.0652173913043477	2063.0	-200.0	0.29985007496251875	0.20689655172413793	-16.0	5605.46875	0.0239880059970015	138.0	32.80316040851176	33939.0	19.146341463414636	-628.0	6859942.0	209348.81591796875	-3184.0	-50.64024390243903	1661.0	97.07317073170732	2640.0	3868.131868131868	-64.0	0.15311004784688995	-10.92822966507177	1392.0	4776800.0	98.64589879196377	3.3301435406698565	4568.0	
2908.0	4.5978260869565215	1830.0	-7.119565217391304	2.1847826086956523	2052.0	-196.0	0.29385307346326833	0.19640179910044978	-21.0	5615.234375	0.031484257871064465	131.0	32.80316040851176	33939.0	5.670731707317073	-186.0	6860262.0	209358.58154296875	-2158.0	-44.60365853658537	1463.0	65.79268292682927	2638.0	3865.2014652014655	-108.0	0.2583732057416268	-10.555023923444976	1328.0	4776800.0	98.64589879196377	3.177033492822966	4412.0	
2904.0	4.423913043478261	1846.0	-7.076086956521739	2.152173913043478	2055.0	-192.0	0.28785607196401797	0.19940029985007496	-17.0	5625.0	0.025487256371814093	133.0	32.80316040851176	33939.0	-5.7926829268292686	190.0	6860582.0	209368.34716796875	-1335.0	-37.987804878048784	1246.0	40.701219512195124	2636.0	3862.2710622710624	-68.0	0.16267942583732056	-10.516746411483254	1264.0	4776800.0	98.64589879196377	3.0239234449760763	4396.0	
2886.0	4.413043478260869	1847.0	-6.880434782608695	2.0	2069.0	-202.0	0.3028485757121439	0.19640179910044978	-10.0	5634.765625	0.014992503748125937	131.0	32.80316040851176	33939.0	-15.975609756097562	524.0	6860902.0	209378.11279296875	-662.0	-27.469512195121954	901.0	20.182926829268293	2639.0	3866.6666666666665	-24.0	0.057416267942583726	-10.574162679425838	1248.0	4776816.0	98.64573604108057	2.985645933014354	4420.0	
2880.0	4.728260869565217	1818.0	-6.815217391304348	2.010869565217391	2068.0	-208.0	0.3118440779610195	0.19940029985007496	-15.0	5644.53125	0.022488755622188904	133.0	32.80316040851176	33939.0	-24.695121951219516	810.0	6861222.0	209387.87841796875	-27.0	-14.420731707317074	473.0	0.8231707317073171	2629.0	3852.0146520146523	-28.0	0.06698564593301436	-10.277511961722487	1368.0	4776816.0	98.64573604108057	3.2727272727272725	4296.0	
2835.0	5.141304347826087	1780.0	-6.326086956521739	2.2065217391304346	2050.0	-198.0	0.29685157421289354	0.1874062968515742	-10.0	5654.296875	0.014992503748125937	125.0	32.80316040851176	33939.0	-29.969512195121954	983.0	6861542.0	209397.64404296875	524.0	-7.500000000000001	246.0	-15.975609756097562	2645.0	3875.4578754578756	-92.0	0.2200956937799043	-9.674641148325358	1540.0	4776816.0	98.64573604108057	3.6842105263157894	4044.0	
2804.0	5.554347826086956	1742.0	-5.989130434782608	2.3260869565217392	2039.0	-198.0	0.29685157421289354	0.191904047976012	-10.0	5664.0625	0.014992503748125937	128.0	32.80316040851176	33939.0	-32.10365853658537	1053.0	6861862.0	209407.40966796875	914.0	-2.804878048780488	92.0	-27.865853658536587	2648.0	3879.8534798534797	-112.0	0.2679425837320574	-9.253588516746412	1720.0	4776816.0	98.64573604108057	4.114832535885167	3868.0	
2798.0	5.880434782608695	1712.0	-5.923913043478261	2.369565217391304	2035.0	-203.0	0.3043478260869565	0.19040479760119938	-12.0	5673.828125	0.017991004497751123	127.0	32.80316040851176	33939.0	-33.71951219512196	1106.0	6862182.0	209417.17529296875	1114.0	1.2500000000000002	-41.0	-33.963414634146346	2639.0	3866.6666666666665	-164.0	0.3923444976076555	-9.129186602870814	1896.0	4776816.0	98.64573604108057	4.535885167464115	3816.0	
2800.0	6.358695652173913	1668.0	-5.945652173913043	2.4891304347826084	2024.0	-202.0	0.3028485757121439	0.18590704647676162	-11.0	5683.59375	0.01649175412293853	124.0	32.80316040851176	33939.0	-33.8719512195122	1111.0	6862502.0	209426.94091796875	1152.0	6.4939024390243905	-213.0	-35.1219512195122	2647.0	3878.388278388278	-196.0	0.4688995215311005	-9.07177033492823	2048.0	4777072.0	98.64313202819082	4.899521531100478	3792.0	
2790.0	6.630434782608695	1643.0	-5.83695652173913	2.467391304347826	2026.0	-206.0	0.3088455772113943	0.19040479760119938	-17.0	5693.359375	0.025487256371814093	127.0	32.80316040851176	33939.0	-32.743902439024396	1074.0	6862822.0	209436.70654296875	1064.0	10.213414634146343	-335.0	-32.43902439024391	2622.0	3841.758241758242	-188.0	0.4497607655502392	-8.966507177033492	2204.0	4777072.0	98.64313202819082	5.2727272727272725	3748.0	
2770.0	6.891304347826087	1619.0	-5.619565217391304	2.4239130434782608	2030.0	-200.0	0.29985007496251875	0.18140929535232383	-9.0	5703.125	0.013493253373313342	121.0	32.80316040851176	33939.0	-30.762195121951223	1009.0	6863142.0	209446.47216796875	837.0	13.170731707317074	-432.0	-25.51829268292683	2632.0	3856.4102564102564	-208.0	0.49760765550239233	-8.889952153110048	2280.0	4777072.0	98.64313202819082	5.454545454545454	3716.0	
2753.0	7.010869565217391	1608.0	-5.434782608695652	2.532608695652174	2020.0	-201.0	0.30134932533733133	0.18440779610194902	-11.0	5712.890625	0.01649175412293853	123.0	32.80316040851176	33939.0	-29.420731707317074	965.0	6863462.0	209456.23779296875	573.0	15.243902439024392	-500.0	-17.469512195121954	2639.0	3866.6666666666665	-192.0	0.4593301435406698	-8.822966507177034	2356.0	4777072.0	98.64313202819082	5.636363636363636	3688.0	
2765.0	7.217391304347826	1589.0	-5.565217391304348	2.5760869565217392	2016.0	-203.0	0.3043478260869565	0.1829085457271364	-8.0	5722.65625	0.01199400299850075	122.0	32.80316040851176	33939.0	-28.8109756097561	945.0	6863782.0	209466.00341796875	309.0	13.902439024390246	-456.0	-9.420731707317074	2638.0	3865.2014652014655	-220.0	0.5263157894736842	-8.76555023923445	2440.0	4777072.0	98.64313202819082	5.837320574162679	3664.0	
2761.0	7.4021739130434785	1572.0	-5.521739130434782	2.4239130434782608	2030.0	-201.0	0.30134932533733133	0.19040479760119938	-12.0	5732.421875	0.017991004497751123	127.0	32.80316040851176	33939.0	-28.750000000000004	943.0	6864102.0	209475.76904296875	35.0	12.225609756097562	-401.0	-1.0670731707317074	2644.0	3873.992673992674	-176.0	0.42105263157894735	-8.870813397129186	2536.0	4776960.0	98.64427128354252	6.0669856459330145	3708.0	
2796.0	7.58695652173913	1555.0	-5.9021739130434785	2.1956521739130435	2051.0	-197.0	0.29535232383808097	0.18590704647676162	-14.0	5742.1875	0.020989505247376312	124.0	32.80316040851176	33939.0	-30.396341463414636	997.0	6864422.0	209485.53466796875	-225.0	12.01219512195122	-394.0	6.859756097560976	2651.0	3884.2490842490843	-24.0	0.057416267942583726	-9.138755980861244	2624.0	4776960.0	98.64427128354252	6.277511961722488	3820.0	
2820.0	7.543478260869565	1559.0	-6.163043478260869	1.8369565217391304	2084.0	-193.0	0.2893553223388306	0.17691154422788605	-10.0	5751.953125	0.014992503748125937	118.0	32.80316040851176	33939.0	-33.201219512195124	1089.0	6864742.0	209495.30029296875	-478.0	13.231707317073171	-434.0	14.573170731707318	2636.0	3862.2710622710624	84.0	-0.20095693779904306	-9.473684210526315	2640.0	4776960.0	98.64427128354252	6.315789473684211	3960.0	
2855.0	7.576086956521739	1556.0	-6.543478260869565	1.576086956521739	2108.0	-199.0	0.2983508245877061	0.1664167916041979	-7.0	5761.71875	0.010494752623688156	111.0	32.80316040851176	33939.0	-39.51219512195122	1296.0	6865062.0	209505.06591796875	-679.0	14.939024390243905	-490.0	20.701219512195124	2641.0	3869.5970695970695	204.0	-0.4880382775119617	-9.779904306220095	2624.0	4776960.0	98.64427128354252	6.277511961722488	4088.0	
2870.0	7.576086956521739	1556.0	-6.706521739130435	1.2391304347826086	2139.0	-192.0	0.28785607196401797	0.1664167916041979	-17.0	5771.484375	0.025487256371814093	111.0	32.80316040851176	33939.0	-48.07926829268293	1577.0	6865382.0	209514.83154296875	-733.0	17.225609756097562	-565.0	22.34756097560976	2631.0	3854.945054945055	356.0	-0.8516746411483254	-10.095693779904305	2664.0	4776960.0	98.64427128354252	6.373205741626794	4220.0	
2896.0	7.619565217391304	1552.0	-6.989130434782608	0.9782608695652174	2163.0	-191.0	0.2863568215892054	0.1649175412293853	-14.0	5781.25	0.020989505247376312	110.0	32.80316040851176	33939.0	-57.43902439024391	1884.0	6865702.0	209524.59716796875	-765.0	20.54878048780488	-674.0	23.323170731707318	2640.0	3868.131868131868	500.0	-1.1961722488038278	-10.411483253588516	2672.0	4777280.0	98.64101626943878	6.392344497607655	4352.0	
2897.0	7.6521739130434785	1549.0	-7.0	0.7282608695652174	2186.0	-197.0	0.29535232383808097	0.15742128935532235	-18.0	5791.015625	0.026986506746626684	105.0	32.80316040851176	33939.0	-68.32317073170732	2241.0	6866022.0	209534.36279296875	-859.0	24.39024390243903	-800.0	26.189024390243905	2643.0	3872.5274725274726	588.0	-1.4066985645933014	-10.698564593301436	2720.0	4777280.0	98.64101626943878	6.507177033492822	4472.0	
2935.0	7.739130434782608	1541.0	-7.413043478260869	0.6195652173913043	2196.0	-187.0	0.280359820089955	0.15742128935532235	-12.0	5800.78125	0.017991004497751123	105.0	32.80316040851176	33939.0	-80.39634146341464	2637.0	6866342.0	209544.12841796875	-865.0	28.780487804878053	-944.0	26.371951219512198	2625.0	3846.153846153846	648.0	-1.5502392344497606	-10.985645933014354	2748.0	4777280.0	98.64101626943878	6.574162679425837	4592.0	
2947.0	7.902173913043478	1526.0	-7.543478260869565	0.5760869565217391	2200.0	-191.0	0.2863568215892054	0.1454272863568216	-7.0	5810.546875	0.010494752623688156	97.0	32.80316040851176	33939.0	-93.07926829268294	3053.0	6866662.0	209553.89404296875	-798.0	30.64024390243903	-1005.0	24.32926829268293	2639.0	3866.6666666666665	680.0	-1.6267942583732056	-11.196172248803828	2816.0	4777280.0	98.64101626943878	6.7368421052631575	4680.0	
2969.0	8.08695652173913	1509.0	-7.782608695652174	0.25	2230.0	-189.0	0.2833583208395802	0.1394302848575712	-11.0	5820.3125	0.01649175412293853	93.0	32.80316040851176	33939.0	-105.57926829268294	3463.0	6866982.0	209563.65966796875	-682.0	33.56707317073171	-1101.0	20.79268292682927	2636.0	3862.2710622710624	752.0	-1.7990430622009568	-11.4066985645933	2856.0	4777280.0	98.64101626943878	6.832535885167464	4768.0	
2992.0	7.967391304347826	1520.0	-8.032608695652174	0.19565217391304346	2235.0	-186.0	0.2788605697151424	0.13043478260869565	-11.0	5830.078125	0.01649175412293853	87.0	32.80316040851176	33939.0	-117.59146341463416	3857.0	6867302.0	209573.42529296875	-616.0	36.40243902439025	-1194.0	18.78048780487805	2638.0	3865.2014652014655	816.0	-1.9521531100478469	-11.636363636363637	2828.0	4777264.0	98.64117902005722	6.765550239234449	4864.0	
2994.0	7.8478260869565215	1531.0	-8.054347826086957	0.13043478260869565	2241.0	-181.0	0.27136431784107945	0.13343328335832083	-4.0	5839.84375	0.005997001499250375	89.0	32.80316040851176	33939.0	-131.12804878048783	4301.0	6867622.0	209583.19091796875	-582.0	38.78048780487805	-1272.0	17.743902439024392	2622.0	3841.758241758242	872.0	-2.0861244019138754	-11.69377990430622	2784.0	4777264.0	98.64117902005722	6.660287081339713	4888.0	
3000.0	7.826086956521739	1533.0	-8.119565217391305	0.11956521739130435	2242.0	-182.0	0.272863568215892	0.11094452773613193	-4.0	5849.609375	0.005997001499250375	74.0	32.80316040851176	33939.0	-145.4878048780488	4772.0	6867942.0	209592.95654296875	-522.0	38.84146341463415	-1274.0	15.914634146341465	2622.0	3841.758241758242	880.0	-2.1052631578947367	-11.665071770334928	2776.0	4777264.0	98.64117902005722	6.641148325358851	4876.0	
2985.0	7.902173913043478	1526.0	-7.956521739130435	-0.22826086956521738	2274.0	-177.0	0.2653673163418291	0.095952023988006	-6.0	5859.375	0.008995502248875561	64.0	32.80316040851176	33939.0	-159.81707317073173	5242.0	6868262.0	209602.72216796875	-481.0	38.84146341463415	-1274.0	14.664634146341465	2636.0	3862.2710622710624	980.0	-2.3444976076555024	-11.655502392344497	2796.0	4777264.0	98.64117902005722	6.688995215311005	4872.0	
2973.0	8.021739130434783	1515.0	-7.826086956521739	-0.31521739130434784	2282.0	-171.0	0.2563718140929535	0.08545727136431784	-6.0	5869.140625	0.008995502248875561	57.0	32.80316040851176	33939.0	-175.5487804878049	5758.0	6868582.0	209612.48779296875	-436.0	41.15853658536586	-1350.0	13.29268292682927	2646.0	3876.923076923077	1072.0	-2.5645933014354068	-11.626794258373206	2864.0	4777264.0	98.64117902005722	6.851674641148325	4860.0	
2985.0	8.326086956521738	1487.0	-7.956521739130435	-0.31521739130434784	2282.0	-173.0	0.2593703148425787	0.07196401799100449	0.0	5878.90625	0.0	48.0	32.80316040851176	33939.0	-190.82317073170734	6259.0	6868902.0	209622.25341796875	-328.0	40.76219512195122	-1337.0	10.000000000000002	2639.0	3866.6666666666665	1072.0	-2.5645933014354068	-11.598086124401913	2964.0	4777376.0	98.64003976591974	7.090909090909091	4848.0	
2969.0	8.684782608695652	1454.0	-7.782608695652174	-0.2717391304347826	2278.0	-178.0	0.26686656671664166	0.05697151424287856	5.0	5888.671875	-0.0074962518740629685	38.0	32.80316040851176	33939.0	-202.95731707317074	6657.0	6869222.0	209632.01904296875	-280.0	38.75	-1271.0	8.536585365853659	2642.0	3871.062271062271	1080.0	-2.5837320574162677	-11.645933014354066	3112.0	4777376.0	98.64003976591974	7.444976076555023	4868.0	
2981.0	9.119565217391305	1414.0	-7.913043478260869	-0.31521739130434784	2282.0	-176.0	0.2638680659670165	0.04497751124437781	8.0	5898.4375	-0.01199400299850075	30.0	32.80316040851176	33939.0	-214.2987804878049	7029.0	6869542.0	209641.78466796875	-376.0	34.05487804878049	-1117.0	11.463414634146343	2631.0	3854.945054945055	1084.0	-2.5933014354066986	-11.588516746411482	3316.0	4777376.0	98.64003976591974	7.9330143540669855	4844.0	
2981.0	9.706521739130434	1360.0	-7.913043478260869	-0.31521739130434784	2282.0	-172.0	0.2578710644677661	0.038980509745127435	12.0	5908.203125	-0.017991004497751123	26.0	32.80316040851176	33939.0	-225.5487804878049	7398.0	6869862.0	209651.55029296875	-412.0	30.853658536585368	-1012.0	12.560975609756099	2637.0	3863.736263736264	1104.0	-2.6411483253588517	-11.607655502392344	3588.0	4777376.0	98.64003976591974	8.583732057416267	4852.0	
2994.0	10.141304347826086	1320.0	-8.054347826086957	-0.31521739130434784	2282.0	-170.0	0.25487256371814093	0.005997001499250375	19.0	5917.96875	-0.02848575712143928	4.0	32.80316040851176	33939.0	-235.15243902439028	7713.0	6870182.0	209661.31591796875	-485.0	26.89024390243903	-882.0	14.786585365853659	2639.0	3866.6666666666665	1108.0	-2.650717703349282	-11.674641148325358	3792.0	4777376.0	98.64003976591974	9.07177033492823	4880.0	
2977.0	10.206521739130434	1314.0	-7.869565217391304	-0.25	2276.0	-166.0	0.24887556221889054	-0.005997001499250375	27.0	5927.734375	-0.04047976011994003	-4.0	32.80316040851176	33939.0	-243.68902439024393	7993.0	6870502.0	209671.08154296875	-595.0	21.85975609756098	-717.0	18.140243902439025	2635.0	3860.805860805861	1096.0	-2.6220095693779903	-11.598086124401913	3840.0	4777152.0	98.64231827464207	9.186602870813397	4848.0	
2960.0	10.467391304347826	1290.0	-7.684782608695652	-0.17391304347826086	2269.0	-167.0	0.25037481259370314	-0.014992503748125937	23.0	5937.5	-0.034482758620689655	-10.0	32.80316040851176	33939.0	-252.46951219512198	8281.0	6870822.0	209680.84716796875	-747.0	15.27439024390244	-501.0	22.77439024390244	2640.0	3868.131868131868	1068.0	-2.555023923444976	-11.339712918660286	3952.0	4777152.0	98.64231827464207	9.454545454545455	4740.0	
2946.0	10.989130434782608	1242.0	-7.532608695652174	-0.10869565217391304	2263.0	-168.0	0.2518740629685157	-0.038980509745127435	42.0	5947.265625	-0.06296851574212893	-26.0	32.80316040851176	33939.0	-261.9207317073171	8591.0	6871142.0	209690.61279296875	-829.0	7.225609756097562	-237.0	25.27439024390244	2626.0	3847.6190476190477	1036.0	-2.478468899521531	-11.186602870813397	4208.0	4777152.0	98.64231827464207	10.066985645933014	4676.0	
2932.0	11.33695652173913	1210.0	-7.380434782608695	-0.08695652173913043	2261.0	-168.0	0.2518740629685157	-0.05847076461769115	48.0	5957.03125	-0.07196401799100449	-39.0	32.80316040851176	33939.0	-268.50609756097566	8807.0	6871462.0	209700.37841796875	-935.0	-1.9207317073170733	63.0	28.50609756097561	2623.0	3843.223443223443	1004.0	-2.401913875598086	-11.014354066985646	4360.0	4777152.0	98.64231827464207	10.430622009569378	4604.0	
2908.0	11.402173913043478	1204.0	-7.119565217391304	-0.11956521739130435	2264.0	-168.0	0.2518740629685157	-0.05847076461769115	48.0	5966.796875	-0.07196401799100449	-39.0	32.80316040851176	33939.0	-272.5609756097561	8940.0	6871782.0	209710.14404296875	-974.0	-10.76219512195122	353.0	29.695121951219516	2643.0	3872.5274725274726	1060.0	-2.5358851674641145	-10.75598086124402	4364.0	4777152.0	98.64231827464207	10.440191387559809	4496.0	
2883.0	11.521739130434783	1193.0	-6.8478260869565215	-0.3695652173913043	2287.0	-163.0	0.24437781109445278	-0.0704647676161919	57.0	5976.5625	-0.08545727136431784	-47.0	32.80316040851176	33939.0	-278.32317073170736	9129.0	6872102.0	209719.90966796875	-988.0	-20.701219512195124	679.0	30.121951219512198	2635.0	3860.805860805861	1096.0	-2.6220095693779903	-10.430622009569378	4400.0	4777280.0	98.64101626943878	10.526315789473683	4360.0	
2872.0	11.597826086956522	1186.0	-6.728260869565217	-0.5652173913043478	2305.0	-163.0	0.24437781109445278	-0.0704647676161919	57.0	5986.328125	-0.08545727136431784	-47.0	32.80316040851176	33939.0	-285.2134146341464	9355.0	6872422.0	209729.67529296875	-941.0	-27.530487804878053	903.0	28.689024390243905	2630.0	3853.479853479854	1216.0	-2.909090909090909	-10.200956937799043	4476.0	4777280.0	98.64101626943878	10.708133971291865	4264.0	
2860.0	11.83695652173913	1164.0	-6.5978260869565215	-0.6521739130434783	2313.0	-161.0	0.24137931034482757	-0.11244377811094453	82.0	5996.09375	-0.12293853073463268	-75.0	32.80316040851176	33939.0	-290.609756097561	9532.0	6872742.0	209739.44091796875	-920.0	-33.68902439024391	1105.0	28.04878048780488	2648.0	3879.8534798534797	1280.0	-3.062200956937799	-9.952153110047847	4560.0	4777280.0	98.64101626943878	10.909090909090908	4160.0	
2835.0	11.880434782608695	1160.0	-6.326086956521739	-0.8260869565217391	2329.0	-162.0	0.24287856071964017	-0.12293853073463268	99.0	6005.859375	-0.14842578710644677	-82.0	32.80316040851176	33939.0	-294.87804878048786	9672.0	6873062.0	209749.20654296875	-719.0	-40.213414634146346	1319.0	21.920731707317074	2618.0	3835.897435897436	1276.0	-3.052631578947368	-9.866028708133971	4584.0	4777280.0	98.64101626943878	10.966507177033492	4124.0	
2801.0	11.891304347826086	1159.0	-5.956521739130435	-1.2282608695652173	2366.0	-164.0	0.24587706146926536	-0.1409295352323838	108.0	6015.625	-0.1619190404797601	-94.0	32.80316040851176	33939.0	-300.88414634146346	9869.0	6873382.0	209758.97216796875	-533.0	-46.12804878048781	1513.0	16.25	2633.0	3857.875457875458	1444.0	-3.4545454545454546	-9.531100478468899	4580.0	4777280.0	98.64101626943878	10.956937799043061	3984.0	
2777.0	12.25	1126.0	-5.695652173913043	-1.4456521739130435	2386.0	-171.0	0.2563718140929535	-0.14392803598200898	128.0	6025.390625	-0.191904047976012	-96.0	32.80316040851176	33939.0	-310.4878048780488	10184.0	6873702.0	209768.73779296875	-116.0	-50.54878048780488	1658.0	3.536585365853659	2641.0	3869.5970695970695	1600.0	-3.827751196172249	-9.320574162679426	4708.0	4777248.0	98.64134177068482	11.263157894736842	3896.0	
2761.0	12.641304347826086	1090.0	-5.521739130434782	-1.4239130434782608	2384.0	-170.0	0.25487256371814093	-0.1679160419790105	140.0	6035.15625	-0.2098950524737631	-112.0	32.80316040851176	33939.0	-316.06707317073176	10367.0	6874022.0	209778.50341796875	368.0	-57.40853658536586	1883.0	-11.219512195121952	2635.0	3860.805860805861	1604.0	-3.8373205741626792	-9.062200956937799	4920.0	4777248.0	98.64134177068482	11.770334928229664	3788.0	
2720.0	12.576086956521738	1096.0	-5.076086956521739	-1.576086956521739	2398.0	-166.0	0.24887556221889054	-0.18140929535232383	158.0	6044.921875	-0.2368815592203898	-121.0	32.80316040851176	33939.0	-315.94512195121956	10363.0	6874342.0	209788.26904296875	696.0	-63.14024390243903	2071.0	-21.219512195121954	2651.0	3884.2490842490843	1644.0	-3.9330143540669855	-8.574162679425838	4912.0	4777248.0	98.64134177068482	11.751196172248804	3584.0	
2667.0	12.282608695652174	1123.0	-4.5	-1.5978260869565217	2400.0	-166.0	0.24887556221889054	-0.19040479760119938	176.0	6054.6875	-0.2638680659670165	-127.0	32.80316040851176	33939.0	-316.76829268292687	10390.0	6874662.0	209798.03466796875	737.0	-68.68902439024392	2253.0	-22.469512195121954	2626.0	3847.6190476190477	1656.0	-3.9617224880382773	-7.9330143540669855	4784.0	4777248.0	98.64134177068482	11.444976076555024	3316.0	
2608.0	12.369565217391305	1115.0	-3.858695652173913	-1.6630434782608696	2406.0	-174.0	0.2608695652173913	-0.20539730134932532	185.0	6064.453125	-0.2773613193403298	-137.0	32.80316040851176	33939.0	-320.5487804878049	10514.0	6874982.0	209807.80029296875	825.0	-76.3719512195122	2505.0	-25.152439024390247	2639.0	3866.6666666666665	1692.0	-4.047846889952153	-7.177033492822966	4816.0	4777248.0	98.64134177068482	11.521531100478468	3000.0	
2572.0	12.5	1103.0	-3.467391304347826	-1.75	2414.0	-173.0	0.2593703148425787	-0.2083958020989505	213.0	6074.21875	-0.3193403298350824	-139.0	32.80316040851176	33939.0	-321.4939024390244	10545.0	6875302.0	209817.56591796875	1040.0	-85.33536585365854	2799.0	-31.707317073170735	2636.0	3862.2710622710624	1704.0	-4.0765550239234445	-6.583732057416268	4860.0	4777488.0	98.63890051222958	11.626794258373206	2752.0	
2537.0	12.5	1103.0	-3.0869565217391304	-2.032608695652174	2440.0	-182.0	0.272863568215892	-0.20689655172413793	227.0	6083.984375	-0.3403298350824588	-138.0	32.80316040851176	33939.0	-318.5975609756098	10450.0	6875622.0	209827.33154296875	1045.0	-92.83536585365854	3045.0	-31.85975609756098	2629.0	3852.0146520146523	1868.0	-4.4688995215311005	-6.2105263157894735	4848.0	4777488.0	98.63890051222958	11.598086124401913	2596.0	
2516.0	12.815217391304348	1074.0	-2.858695652173913	-2.119565217391304	2448.0	-177.0	0.2653673163418291	-0.22038980509745126	245.0	6093.75	-0.36731634182908546	-147.0	32.80316040851176	33939.0	-320.3658536585366	10508.0	6875942.0	209837.09716796875	1195.0	-101.89024390243904	3342.0	-36.4329268292683	2637.0	3863.736263736264	1904.0	-4.555023923444976	-5.913875598086124	4996.0	4777488.0	98.63890051222958	11.952153110047847	2472.0	
2474.0	13.228260869565217	1036.0	-2.402173913043478	-2.293478260869565	2464.0	-183.0	0.27436281859070466	-0.21589205397301348	262.0	6103.515625	-0.39280359820089955	-144.0	32.80316040851176	33939.0	-318.38414634146346	10443.0	6876262.0	209846.86279296875	1452.0	-114.51219512195124	3756.0	-44.268292682926834	2631.0	3854.945054945055	1984.0	-4.746411483253588	-5.578947368421052	5192.0	4777488.0	98.63890051222958	12.421052631578947	2332.0	
2458.0	13.293478260869565	1030.0	-2.2282608695652173	-2.630434782608696	2495.0	-184.0	0.27586206896551724	-0.22338830584707645	282.0	6113.28125	-0.42278860569715143	-149.0	32.80316040851176	33939.0	-315.1524390243903	10337.0	6876582.0	209856.62841796875	1456.0	-122.43902439024392	4016.0	-44.39024390243903	2625.0	3846.153846153846	2096.0	-5.0143540669856455	-5.23444976076555	5236.0	4777488.0	98.63890051222958	12.526315789473683	2188.0	
2424.0	13.347826086956522	1025.0	-1.858695652173913	-2.8260869565217392	2513.0	-186.0	0.2788605697151424	-0.22038980509745126	308.0	6123.046875	-0.46176911544227883	-147.0	32.80316040851176	33939.0	-314.4207317073171	10313.0	6876902.0	209866.39404296875	1483.0	-129.63414634146343	4252.0	-45.213414634146346	2642.0	3871.062271062271	2216.0	-5.301435406698564	-4.842105263157895	5252.0	4777600.0	98.63776125898674	12.564593301435407	2024.0	
2398.0	13.119565217391305	1046.0	-1.576086956521739	-2.608695652173913	2493.0	-185.0	0.2773613193403298	-0.22938530734632684	320.0	6132.8125	-0.47976011994003	-153.0	32.80316040851176	33939.0	-314.1768292682927	10305.0	6877222.0	209876.15966796875	1679.0	-140.3658536585366	4604.0	-51.18902439024391	2656.0	3891.5750915750914	2144.0	-5.1291866028708135	-4.45933014354067	5132.0	4777600.0	98.63776125898674	12.277511961722487	1864.0	
2366.0	12.42391304347826	1110.0	-1.2282608695652173	-2.5760869565217392	2490.0	-189.0	0.2833583208395802	-0.21889055472263869	341.0	6142.578125	-0.5112443778110944	-146.0	32.80316040851176	33939.0	-312.31707317073176	10244.0	6877542.0	209885.92529296875	1693.0	-148.9939024390244	4887.0	-51.61585365853659	2637.0	3863.736263736264	2060.0	-4.92822966507177	-3.990430622009569	4772.0	4777600.0	98.63776125898674	11.416267942583731	1668.0	
2321.0	11.467391304347826	1198.0	-0.7391304347826086	-2.4782608695652173	2481.0	-193.0	0.2893553223388306	-0.2143928035982009	363.0	6152.34375	-0.5442278860569715	-143.0	32.80316040851176	33939.0	-310.6707317073171	10190.0	6877862.0	209895.69091796875	1804.0	-156.06707317073173	5119.0	-55.00000000000001	2648.0	3879.8534798534797	2048.0	-4.899521531100478	-3.3205741626794256	4304.0	4777600.0	98.63776125898674	10.296650717703349	1388.0	
2250.0	10.66304347826087	1272.0	0.03260869565217391	-2.4565217391304346	2479.0	-189.0	0.2833583208395802	-0.20689655172413793	381.0	6162.109375	-0.5712143928035982	-138.0	32.80316040851176	33939.0	-309.0243902439025	10136.0	6878182.0	209905.45654296875	2140.0	-164.57317073170734	5398.0	-65.2439024390244	2659.0	3895.970695970696	2072.0	-4.956937799043062	-2.8708133971291865	4112.0	4777600.0	98.63776125898674	9.837320574162678	1200.0	
2196.0	9.902173913043478	1342.0	0.6195652173913043	-2.369565217391304	2471.0	-188.0	0.2818590704647676	-0.20089955022488756	409.0	6171.875	-0.6131934032983508	-134.0	32.80316040851176	33939.0	-306.6768292682927	10059.0	6878502.0	209915.22216796875	2675.0	-172.07317073170734	5644.0	-81.5548780487805	2635.0	3860.805860805861	2012.0	-4.813397129186603	-2.172248803827751	3792.0	4777472.0	98.63906326272935	9.07177033492823	908.0	
2153.0	9.130434782608695	1413.0	1.0869565217391304	-2.0760869565217392	2444.0	-187.0	0.280359820089955	-0.1889055472263868	420.0	6181.640625	-0.6296851574212894	-126.0	32.80316040851176	33939.0	-300.0304878048781	9841.0	6878822.0	209924.98779296875	3015.0	-180.09146341463418	5907.0	-91.92073170731709	2635.0	3860.805860805861	1864.0	-4.45933014354067	-1.6363636363636362	3384.0	4777472.0	98.63906326272935	8.095693779904305	684.0	
2116.0	8.630434782608695	1459.0	1.4891304347826086	-1.858695652173913	2424.0	-186.0	0.2788605697151424	-0.17991004497751123	442.0	6191.40625	-0.6626686656671664	-120.0	32.80316040851176	33939.0	-291.70731707317077	9568.0	6879142.0	209934.75341796875	3181.0	-188.53658536585368	6184.0	-96.98170731707317	2639.0	3866.6666666666665	1776.0	-4.248803827751196	-1.1291866028708133	3120.0	4777472.0	98.63906326272935	7.464114832535885	472.0	
2047.0	8.478260869565217	1473.0	2.2391304347826084	-1.7934782608695652	2418.0	-190.0	0.2848575712143928	-0.15592203898050974	463.0	6201.171875	-0.6941529235382309	-104.0	32.80316040851176	33939.0	-291.25	9553.0	6879462.0	209944.51904296875	3639.0	-191.34146341463418	6276.0	-110.94512195121952	2649.0	3881.3186813186812	1688.0	-4.038277511961723	-0.43062200956937796	3048.0	4777472.0	98.63906326272935	7.291866028708133	180.0	
2045.0	8.434782608695652	1477.0	2.260869565217391	-1.8369565217391304	2422.0	-189.0	0.2833583208395802	-0.14842578710644677	476.0	6210.9375	-0.7136431784107946	-99.0	32.80316040851176	33939.0	-285.2134146341464	9355.0	6879782.0	209954.28466796875	3530.0	-201.34146341463418	6604.0	-107.6219512195122	2658.0	3894.5054945054944	1812.0	-4.3349282296650715	-0.1339712918660287	3032.0	4777472.0	98.63906326272935	7.253588516746412	56.0	
2052.0	8.391304347826086	1481.0	2.1847826086956523	-1.7282608695652173	2412.0	-188.0	0.2818590704647676	-0.12593703148425786	494.0	6220.703125	-0.7406296851574212	-84.0	32.80316040851176	33939.0	-268.6585365853659	8812.0	6880102.0	209964.05029296875	3543.0	-205.06097560975613	6726.0	-108.01829268292684	2635.0	3860.805860805861	1684.0	-4.028708133971292	-0.19138755980861244	2976.0	4777536.0	98.63841226078502	7.119617224880383	80.0	
2072.0	8.195652173913043	1499.0	1.967391304347826	-1.4782608695652173	2389.0	-183.0	0.27436281859070466	-0.11244377811094453	515.0	6230.46875	-0.7721139430284857	-75.0	32.80316040851176	33939.0	-251.18902439024393	8239.0	6880422.0	209973.81591796875	3738.0	-205.3658536585366	6736.0	-113.96341463414635	2643.0	3872.5274725274726	1564.0	-3.741626794258373	-0.33492822966507174	2876.0	4777536.0	98.63841226078502	6.880382775119617	140.0	
2048.0	7.565217391304348	1557.0	2.2282608695652173	-1.3369565217391304	2376.0	-175.0	0.2623688155922039	-0.08695652173913043	529.0	6240.234375	-0.793103448275862	-58.0	32.80316040851176	33939.0	-240.30487804878052	7882.0	6880742.0	209983.58154296875	3932.0	-202.9268292682927	6656.0	-119.87804878048782	2633.0	3857.875457875458	1472.0	-3.5215311004784686	-0.15311004784688995	2620.0	4777536.0	98.63841226078502	6.267942583732057	64.0	
2002.0	7.043478260869565	1605.0	2.7282608695652173	-0.5543478260869565	2304.0	-167.0	0.25037481259370314	-0.0704647676161919	542.0	6250.0	-0.8125937031484257	-47.0	32.80316040851176	33939.0	-230.18292682926833	7550.0	6881062.0	209993.34716796875	4175.0	-199.93902439024393	6558.0	-127.28658536585367	2638.0	3865.2014652014655	1116.0	-2.6698564593301435	0.4880382775119617	2348.0	4777536.0	98.63841226078502	5.617224880382775	-204.0	
1931.0	6.5978260869565215	1646.0	3.5	-0.08695652173913043	2261.0	-173.0	0.2593703148425787	-0.05547226386806597	550.0	6259.765625	-0.8245877061469266	-37.0	32.80316040851176	33939.0	-225.27439024390247	7389.0	6881382.0	210003.11279296875	4372.0	-199.75609756097563	6552.0	-133.2926829268293	2639.0	3866.6666666666665	908.0	-2.172248803827751	1.3205741626794258	2176.0	4777536.0	98.63841226078502	5.205741626794258	-552.0	
1890.0	6.206521739130435	1682.0	3.9456521739130435	0.5543478260869565	2202.0	-162.0	0.24287856071964017	-0.022488755622188904	559.0	6269.53125	-0.8380809595202399	-15.0	32.80316040851176	33939.0	-214.2378048780488	7027.0	6881702.0	210012.87841796875	4267.0	-203.81097560975613	6685.0	-130.09146341463415	2623.0	3843.223443223443	624.0	-1.492822966507177	1.9234449760765548	2008.0	4777600.0	98.63776125898674	4.803827751196172	-804.0	
1854.0	6.0978260869565215	1692.0	4.33695652173913	0.7391304347826086	2185.0	-144.0	0.21589205397301348	-0.008995502248875561	576.0	6279.296875	-0.8635682158920539	-6.0	32.80316040851176	33939.0	-198.68902439024393	6517.0	6882022.0	210022.64404296875	4026.0	-206.58536585365854	6776.0	-122.7439024390244	2643.0	3872.5274725274726	572.0	-1.368421052631579	2.373205741626794	1952.0	4777600.0	98.63776125898674	4.669856459330143	-992.0	
1846.0	6.163043478260869	1686.0	4.423913043478261	1.2173913043478262	2141.0	-149.0	0.22338830584707645	0.01199400299850075	580.0	6289.0625	-0.8695652173913043	8.0	32.80316040851176	33939.0	-185.1829268292683	6074.0	6882342.0	210032.40966796875	3641.0	-208.56707317073173	6841.0	-111.00609756097562	2658.0	3894.5054945054944	372.0	-0.8899521531100478	2.4688995215311005	1980.0	4777600.0	98.63776125898674	4.7368421052631575	-1032.0	
1844.0	6.032608695652174	1698.0	4.445652173913043	1.25	2138.0	-143.0	0.2143928035982009	0.0239880059970015	588.0	6298.828125	-0.881559220389805	16.0	32.80316040851176	33939.0	-171.25000000000003	5617.0	6882662.0	210042.17529296875	3192.0	-208.50609756097563	6839.0	-97.31707317073172	2629.0	3852.0146520146523	316.0	-0.7559808612440191	2.4976076555023923	1920.0	4777600.0	98.63776125898674	4.5933014354066986	-1044.0	
1853.0	5.880434782608695	1712.0	4.3478260869565215	1.1195652173913042	2150.0	-128.0	0.191904047976012	0.043478260869565216	594.0	6308.59375	-0.8905547226386806	29.0	32.80316040851176	33939.0	-157.9268292682927	5180.0	6882982.0	210051.94091796875	2739.0	-201.64634146341464	6614.0	-83.50609756097562	2655.0	3890.10989010989	404.0	-0.9665071770334928	2.488038277511962	1876.0	4777600.0	98.63776125898674	4.488038277511961	-1040.0	
1849.0	5.478260869565217	1749.0	4.391304347826087	1.7065217391304348	2096.0	-115.0	0.17241379310344826	0.06446776611694152	603.0	6318.359375	-0.9040479760119939	43.0	32.82801609337912	33944.0	-147.8658536585366	4850.0	6883302.0	210061.70654296875	2527.0	-188.59756097560978	6186.0	-77.04268292682927	2618.0	3835.897435897436	184.0	-0.4401913875598086	2.5071770334928227	1748.0	4777600.0	98.6419688648855	4.181818181818182	-1048.0	
1828.0	4.880434782608695	1804.0	4.619565217391305	2.141304347826087	2056.0	-112.0	0.1679160419790105	0.07196401799100449	610.0	6328.125	-0.9145427286356821	48.0	32.82801609337912	33944.0	-139.14634146341464	4564.0	6883622.0	210071.47216796875	2293.0	-176.5548780487805	5791.0	-69.90853658536587	2652.0	3885.714285714286	-56.0	0.1339712918660287	2.650717703349282	1516.0	4777600.0	98.6419688648855	3.626794258373206	-1108.0	
1795.0	4.217391304347826	1865.0	4.978260869565217	2.2717391304347827	2044.0	-104.0	0.15592203898050974	0.09295352323838081	612.0	6337.890625	-0.9175412293853074	62.0	32.82801609337912	33944.0	-128.78048780487805	4224.0	6883942.0	210081.23779296875	2230.0	-162.25609756097563	5322.0	-67.98780487804879	2633.0	3857.875457875458	-148.0	0.354066985645933	2.976076555023923	1196.0	4777600.0	98.6419688648855	2.861244019138756	-1244.0	
1768.0	3.902173913043478	1894.0	5.271739130434782	2.391304347826087	2033.0	-91.0	0.136431784107946	0.10344827586206896	614.0	6347.65625	-0.9205397301349325	69.0	32.82801609337912	33944.0	-115.60975609756099	3792.0	6884262.0	210091.00341796875	2392.0	-149.1768292682927	4893.0	-72.92682926829269	2637.0	3863.736263736264	-248.0	0.5933014354066986	3.416267942583732	980.0	4777600.0	98.6419688648855	2.3444976076555024	-1428.0	
1717.0	3.7065217391304346	1912.0	5.826086956521739	2.5543478260869565	2018.0	-86.0	0.12893553223388304	0.10494752623688156	623.0	6357.421875	-0.9340329835082458	70.0	32.82801609337912	33944.0	-101.92073170731709	3343.0	6884582.0	210100.76904296875	2508.0	-137.22560975609758	4501.0	-76.46341463414635	2651.0	3884.2490842490843	-268.0	0.6411483253588517	3.9617224880382773	880.0	4777600.0	98.6419688648855	2.1052631578947367	-1656.0	
1684.0	3.543478260869565	1927.0	6.184782608695652	3.1630434782608696	1962.0	-77.0	0.11544227886056971	0.1169415292353823	621.0	6367.1875	-0.9310344827586207	78.0	32.82801609337912	33944.0	-90.0609756097561	2954.0	6884902.0	210110.53466796875	2581.0	-124.39024390243904	4080.0	-78.68902439024392	2660.0	3897.4358974358975	-496.0	1.186602870813397	4.555023923444976	800.0	4776912.0	98.64896742526209	1.9138755980861244	-1904.0	
1651.0	3.7282608695652173	1910.0	6.543478260869565	3.0760869565217392	1970.0	-70.0	0.10494752623688156	0.12743628185907047	625.0	6376.953125	-0.9370314842578711	85.0	32.82801609337912	33944.0	-77.77439024390245	2551.0	6885222.0	210120.30029296875	2627.0	-115.51829268292684	3789.0	-80.09146341463415	2646.0	3876.923076923077	-492.0	1.1770334928229664	4.956937799043062	860.0	4776912.0	98.64896742526209	2.0574162679425836	-2072.0	
1651.0	4.184782608695652	1868.0	6.543478260869565	3.391304347826087	1941.0	-66.0	0.09895052473763118	0.136431784107946	622.0	6386.71875	-0.9325337331334332	91.0	32.82801609337912	33944.0	-63.07926829268293	2069.0	6885542.0	210130.06591796875	2685.0	-110.15243902439025	3613.0	-81.85975609756099	2648.0	3879.8534798534797	-644.0	1.5406698564593302	4.956937799043062	1080.0	4776912.0	98.64896742526209	2.5837320574162677	-2072.0	
1628.0	4.217391304347826	1865.0	6.793478260869565	3.3260869565217392	1947.0	-61.0	0.0914542728635682	0.13793103448275862	628.0	6396.484375	-0.9415292353823088	92.0	32.82801609337912	33944.0	-53.41463414634147	1752.0	6885862.0	210139.83154296875	2546.0	-96.25000000000001	3157.0	-77.6219512195122	2629.0	3852.0146520146523	-644.0	1.5406698564593302	5.186602870813397	1132.0	4776912.0	98.64896742526209	2.7081339712918657	-2168.0	
1616.0	4.130434782608695	1873.0	6.923913043478261	3.7065217391304346	1912.0	-59.0	0.08845577211394302	0.14992503748125938	625.0	6406.25	-0.9370314842578711	100.0	32.82801609337912	33944.0	-45.97560975609756	1508.0	6886182.0	210149.59716796875	2411.0	-81.12804878048782	2661.0	-73.50609756097562	2637.0	3863.736263736264	-836.0	2.0	5.3971291866028706	1080.0	4776912.0	98.64896742526209	2.5837320574162677	-2256.0	
1591.0	4.065217391304348	1879.0	7.195652173913043	3.7282608695652173	1910.0	-54.0	0.08095952023988005	0.15892053973013492	627.0	6416.015625	-0.9400299850074962	106.0	32.82801609337912	33944.0	-37.07317073170732	1216.0	6886502.0	210159.36279296875	2450.0	-69.14634146341464	2268.0	-74.69512195121952	2637.0	3863.736263736264	-836.0	2.0	5.626794258373206	1032.0	4776752.0	98.65059499986214	2.4688995215311005	-2352.0	
1578.0	4.054347826086956	1880.0	7.33695652173913	3.684782608695652	1914.0	-50.0	0.07496251874062969	0.14842578710644677	633.0	6425.78125	-0.9490254872563718	99.0	32.82801609337912	33944.0	-28.62804878048781	939.0	6886822.0	210169.12841796875	2331.0	-57.25609756097562	1878.0	-71.06707317073172	2621.0	3840.2930402930406	-832.0	1.9904306220095693	5.866028708133971	1068.0	4776752.0	98.65059499986214	2.555023923444976	-2452.0	
1550.0	4.304347826086956	1857.0	7.641304347826087	3.391304347826087	1941.0	-48.0	0.07196401799100449	0.15292353823088456	622.0	6435.546875	-0.9325337331334332	102.0	32.82801609337912	33944.0	-19.603658536585368	643.0	6887142.0	210178.89404296875	2131.0	-45.73170731707317	1500.0	-64.96951219512195	2642.0	3871.062271062271	-656.0	1.569377990430622	6.181818181818182	1196.0	4776752.0	98.65059499986214	2.861244019138756	-2584.0	
1521.0	4.554347826086956	1834.0	7.956521739130435	3.1956521739130435	1959.0	-43.0	0.06446776611694152	0.15892053973013492	628.0	6445.3125	-0.9415292353823088	106.0	32.82801609337912	33944.0	-11.890243902439025	390.0	6887462.0	210188.65966796875	1933.0	-31.768292682926834	1042.0	-58.9329268292683	2651.0	3884.2490842490843	-520.0	1.244019138755981	6.574162679425837	1308.0	4776752.0	98.65059499986214	3.129186602870813	-2748.0	
1493.0	4.771739130434782	1814.0	8.26086956521739	2.9239130434782608	1984.0	-43.0	0.06446776611694152	0.1664167916041979	631.0	6455.078125	-0.9460269865067465	111.0	32.82801609337912	33944.0	-3.689024390243903	121.0	6887782.0	210198.42529296875	1755.0	-23.53658536585366	772.0	-53.50609756097561	2635.0	3860.805860805861	-476.0	1.138755980861244	6.947368421052631	1380.0	4776752.0	98.65059499986214	3.3014354066985643	-2904.0	
1467.0	4.391304347826087	1849.0	8.543478260869565	3.3478260869565215	1945.0	-39.0	0.05847076461769115	0.15592203898050974	630.0	6464.84375	-0.944527736131934	104.0	32.82801609337912	33944.0	2.8353658536585367	-93.0	6888102.0	210208.19091796875	1894.0	-19.512195121951223	640.0	-57.743902439024396	2661.0	3898.901098901099	-604.0	1.444976076555024	7.186602870813397	1276.0	4777184.0	98.64620055053734	3.052631578947368	-3004.0	
1455.0	4.260869565217392	1861.0	8.67391304347826	3.108695652173913	1967.0	-39.0	0.05847076461769115	0.1634182908545727	627.0	6474.609375	-0.9400299850074962	109.0	32.82801609337912	33944.0	9.207317073170733	-302.0	6888422.0	210217.95654296875	1809.0	-17.621951219512198	578.0	-55.15243902439025	2620.0	3838.827838827839	-536.0	1.2822966507177034	7.349282296650717	1164.0	4777184.0	98.64620055053734	2.784688995215311	-3072.0	
1428.0	4.315217391304348	1856.0	8.967391304347826	3.0869565217391304	1969.0	-39.0	0.05847076461769115	0.1634182908545727	627.0	6484.375	-0.9400299850074962	109.0	32.82801609337912	33944.0	7.835365853658537	-257.0	6888742.0	210227.72216796875	1794.0	-10.76219512195122	353.0	-54.69512195121952	2634.0	3859.3406593406594	-528.0	1.263157894736842	7.588516746411483	1192.0	4777184.0	98.64620055053734	2.851674641148325	-3172.0	
1403.0	4.706521739130435	1820.0	9.23913043478261	2.9565217391304346	1981.0	-36.0	0.05397301349325337	0.15592203898050974	639.0	6494.140625	-0.9580209895052474	104.0	32.82801609337912	33944.0	7.195121951219513	-236.0	6889062.0	210237.48779296875	1959.0	-4.329268292682928	142.0	-59.72560975609757	2638.0	3865.2014652014655	-500.0	1.1961722488038278	7.894736842105263	1324.0	4777184.0	98.64620055053734	3.1674641148325358	-3300.0	
1379.0	5.065217391304348	1787.0	9.5	3.032608695652174	1974.0	-41.0	0.06146926536731634	0.1619190404797601	629.0	6503.90625	-0.9430284857571214	108.0	32.82801609337912	33944.0	8.201219512195122	-269.0	6889382.0	210247.25341796875	1804.0	-1.9512195121951221	64.0	-55.00000000000001	2636.0	3862.2710622710624	-508.0	1.215311004784689	8.239234449760765	1504.0	4777184.0	98.64620055053734	3.5980861244019136	-3444.0	
1350.0	5.6521739130434785	1733.0	9.815217391304348	2.6630434782608696	2008.0	-35.0	0.05247376311844078	0.15892053973013492	629.0	6513.671875	-0.9430284857571214	106.0	32.82801609337912	33944.0	10.670731707317074	-350.0	6889702.0	210257.01904296875	1497.0	-5.182926829268293	170.0	-45.64024390243903	2651.0	3884.2490842490843	-332.0	0.7942583732057416	8.526315789473683	1776.0	4777344.0	98.64457297840237	4.248803827751196	-3564.0	
1342.0	6.0978260869565215	1692.0	9.902173913043478	2.3369565217391304	2038.0	-36.0	0.05397301349325337	0.15892053973013492	633.0	6523.4375	-0.9490254872563718	106.0	32.82801609337912	33944.0	11.55487804878049	-379.0	6890022.0	210266.78466796875	1259.0	-7.01219512195122	230.0	-38.38414634146342	2662.0	3900.3663003663005	-80.0	0.19138755980861244	8.746411483253588	1996.0	4777344.0	98.64457297840237	4.77511961722488	-3656.0	
1334.0	6.315217391304348	1672.0	9.989130434782608	1.9130434782608696	2077.0	-42.0	0.06296851574212893	0.15742128935532235	628.0	6533.203125	-0.9415292353823088	105.0	32.82801609337912	33944.0	13.140243902439025	-431.0	6890342.0	210276.55029296875	945.0	-7.0426829268292686	231.0	-28.8109756097561	2639.0	3866.6666666666665	24.0	-0.057416267942583726	8.78468899521531	2120.0	4777344.0	98.64457297840237	5.071770334928229	-3672.0	
1324.0	6.33695652173913	1670.0	10.097826086956522	1.9239130434782608	2076.0	-39.0	0.05847076461769115	0.14842578710644677	630.0	6542.96875	-0.944527736131934	99.0	32.82801609337912	33944.0	12.225609756097562	-401.0	6890662.0	210286.31591796875	644.0	-6.890243902439025	226.0	-19.634146341463417	2646.0	3876.923076923077	36.0	-0.08612440191387559	8.956937799043061	2112.0	4777344.0	98.64457297840237	5.052631578947368	-3744.0	
1311.0	6.0978260869565215	1692.0	10.239130434782608	1.9021739130434783	2078.0	-38.0	0.05697151424287856	0.15892053973013492	631.0	6552.734375	-0.9460269865067465	106.0	32.82801609337912	33944.0	12.591463414634147	-413.0	6890982.0	210296.08154296875	390.0	-9.115853658536587	299.0	-11.890243902439025	2635.0	3860.805860805861	56.0	-0.1339712918660287	9.148325358851674	2028.0	4777344.0	98.64457297840237	4.851674641148326	-3824.0	
1309.0	5.945652173913043	1706.0	10.26086956521739	1.7608695652173914	2091.0	-39.0	0.05847076461769115	0.14992503748125938	637.0	6562.5	-0.9550224887556221	100.0	32.82801609337912	33944.0	14.390243902439027	-472.0	6891302.0	210305.84716796875	221.0	-11.707317073170733	384.0	-6.737804878048781	2639.0	3866.6666666666665	76.0	-0.18181818181818182	9.081339712918659	1956.0	4777744.0	98.64050405205937	4.679425837320574	-3796.0	
1319.0	6.043478260869565	1697.0	10.152173913043478	1.75	2092.0	-34.0	0.050974512743628186	0.15442278860569714	635.0	6572.265625	-0.952023988005997	103.0	32.82801609337912	33944.0	15.213414634146343	-499.0	6891622.0	210315.61279296875	116.0	-12.347560975609758	405.0	-3.536585365853659	2651.0	3884.2490842490843	108.0	-0.2583732057416268	9.004784688995215	1996.0	4777744.0	98.64050405205937	4.77511961722488	-3764.0	
1316.0	6.032608695652174	1698.0	10.184782608695652	2.0	2069.0	-35.0	0.05247376311844078	0.15592203898050974	637.0	6582.03125	-0.9550224887556221	104.0	32.82801609337912	33944.0	16.920731707317074	-555.0	6891942.0	210325.37841796875	109.0	-11.006097560975611	361.0	-3.3231707317073176	2650.0	3882.7838827838827	-8.0	0.019138755980861243	9.023923444976075	1988.0	4777744.0	98.64050405205937	4.755980861244019	-3772.0	
1316.0	5.945652173913043	1706.0	10.184782608695652	2.3152173913043477	2040.0	-28.0	0.041979010494752625	0.15442278860569714	638.0	6591.796875	-0.9565217391304347	103.0	32.82801609337912	33944.0	20.426829268292686	-670.0	6892262.0	210335.14404296875	78.0	-11.737804878048781	385.0	-2.378048780487805	2651.0	3884.2490842490843	-132.0	0.3157894736842105	9.052631578947368	1952.0	4777744.0	98.64050405205937	4.669856459330143	-3784.0	
1334.0	5.945652173913043	1706.0	9.989130434782608	2.760869565217391	1999.0	-35.0	0.05247376311844078	0.14842578710644677	629.0	6601.5625	-0.9430284857571214	99.0	32.82801609337912	33944.0	24.695121951219516	-810.0	6892582.0	210344.90966796875	43.0	-14.695121951219514	482.0	-1.3109756097560976	2655.0	3890.10989010989	-312.0	0.7464114832535885	8.746411483253588	1936.0	4777744.0	98.64050405205937	4.631578947368421	-3656.0	
1359.0	5.9021739130434785	1710.0	9.717391304347826	2.760869565217391	1999.0	-37.0	0.05547226386806597	0.13793103448275862	625.0	6611.328125	-0.9370314842578711	92.0	32.82801609337912	33944.0	27.225609756097562	-893.0	6892902.0	210354.67529296875	11.0	-12.896341463414636	423.0	-0.3353658536585366	2630.0	3853.479853479854	-376.0	0.8995215311004784	8.669856459330143	1932.0	4777808.0	98.63985302437402	4.62200956937799	-3624.0	
1375.0	5.771739130434782	1722.0	9.543478260869565	3.2065217391304346	1958.0	-31.0	0.046476761619190406	0.14392803598200898	631.0	6621.09375	-0.9460269865067465	96.0	32.82801609337912	33944.0	26.76829268292683	-878.0	6893222.0	210364.44091796875	-9.0	-10.853658536585368	356.0	0.27439024390243905	2654.0	3888.644688644689	-460.0	1.1004784688995215	8.363636363636363	1896.0	4777808.0	98.63985302437402	4.535885167464115	-3496.0	
1410.0	5.663043478260869	1732.0	9.16304347826087	3.4891304347826084	1932.0	-33.0	0.04947526236881559	0.14842578710644677	624.0	6630.859375	-0.9355322338830584	99.0	32.82801609337912	33944.0	28.689024390243905	-941.0	6893542.0	210374.20654296875	-31.0	-14.085365853658537	462.0	0.9451219512195123	2624.0	3844.6886446886447	-624.0	1.492822966507177	8.076555023923445	1844.0	4777808.0	98.63985302437402	4.411483253588517	-3376.0	
1449.0	5.641304347826087	1734.0	8.73913043478261	3.5978260869565215	1922.0	-30.0	0.04497751124437781	0.12743628185907047	636.0	6640.625	-0.9535232383808095	85.0	32.82801609337912	33944.0	34.237804878048784	-1123.0	6893862.0	210383.97216796875	-226.0	-14.29878048780488	469.0	6.890243902439025	2641.0	3869.5970695970695	-712.0	1.7033492822966507	7.578947368421052	1796.0	4777808.0	98.63985302437402	4.296650717703349	-3168.0	
1488.0	5.576086956521739	1740.0	8.315217391304348	3.7391304347826084	1909.0	-29.0	0.043478260869565216	0.1409295352323838	625.0	6650.390625	-0.9370314842578711	94.0	32.82801609337912	33944.0	39.35975609756098	-1291.0	6894182.0	210393.73779296875	-437.0	-9.085365853658537	298.0	13.323170731707318	2634.0	3859.3406593406594	-812.0	1.9425837320574162	7.0047846889952154	1740.0	4777808.0	98.63985302437402	4.162679425837321	-2928.0	
1528.0	5.326086956521739	1763.0	7.880434782608695	3.934782608695652	1891.0	-34.0	0.050974512743628186	0.13493253373313344	627.0	6660.15625	-0.9400299850074962	90.0	32.82801609337912	33944.0	44.054878048780495	-1445.0	6894502.0	210403.50341796875	-629.0	-3.689024390243903	121.0	19.176829268292686	2637.0	3863.736263736264	-888.0	2.124401913875598	6.488038277511961	1672.0	4777728.0	98.64066680900352	4.0	-2712.0	
1558.0	5.260869565217392	1769.0	7.554347826086956	3.8478260869565215	1899.0	-31.0	0.046476761619190406	0.12593703148425786	625.0	6669.921875	-0.9370314842578711	84.0	32.82801609337912	33944.0	48.9329268292683	-1605.0	6894822.0	210413.26904296875	-850.0	2.347560975609756	-77.0	25.914634146341466	2625.0	3846.153846153846	-864.0	2.0669856459330145	6.105263157894736	1616.0	4777728.0	98.64066680900352	3.866028708133971	-2552.0	
1587.0	5.119565217391304	1782.0	7.239130434782608	4.054347826086956	1880.0	-27.0	0.04047976011994003	0.12893553223388304	633.0	6679.6875	-0.9490254872563718	86.0	32.82801609337912	33944.0	56.34146341463415	-1848.0	6895142.0	210423.03466796875	-1038.0	7.195121951219513	-236.0	31.646341463414636	2655.0	3890.10989010989	-864.0	2.0669856459330145	5.751196172248804	1568.0	4777728.0	98.64066680900352	3.751196172248804	-2404.0	
1613.0	4.673913043478261	1823.0	6.956521739130435	3.9456521739130435	1890.0	-28.0	0.041979010494752625	0.12143928035982009	625.0	6689.453125	-0.9370314842578711	81.0	32.82801609337912	33944.0	67.04268292682927	-2199.0	6895462.0	210432.80029296875	-1068.0	12.926829268292684	-424.0	32.5609756097561	2645.0	3875.4578754578756	-892.0	2.1339712918660285	5.4162679425837315	1372.0	4777728.0	98.64066680900352	3.2822966507177034	-2264.0	
1646.0	4.141304347826087	1872.0	6.5978260869565215	4.032608695652174	1882.0	-37.0	0.05547226386806597	0.1184407796101949	625.0	6699.21875	-0.9370314842578711	79.0	32.82801609337912	33944.0	77.98780487804879	-2558.0	6895782.0	210442.56591796875	-1036.0	20.27439024390244	-665.0	31.58536585365854	2641.0	3869.5970695970695	-952.0	2.277511961722488	5.043062200956937	1084.0	4777728.0	98.64066680900352	2.5933014354066986	-2108.0	
1679.0	3.6630434782608696	1916.0	6.239130434782608	4.076086956521739	1878.0	-32.0	0.047976011994003	0.10644677661169415	625.0	6708.984375	-0.9370314842578711	71.0	32.82801609337912	33944.0	88.56707317073172	-2905.0	6896102.0	210452.33154296875	-893.0	28.53658536585366	-936.0	27.225609756097562	2633.0	3857.875457875458	-976.0	2.3349282296650715	4.6028708133971294	864.0	4777856.0	98.6393647537059	2.0669856459330145	-1924.0	
1700.0	3.358695652173913	1944.0	6.010869565217392	4.184782608695652	1868.0	-34.0	0.050974512743628186	0.10344827586206896	621.0	6718.75	-0.9310344827586207	69.0	32.82801609337912	33944.0	99.48170731707317	-3263.0	6896422.0	210462.09716796875	-698.0	38.10975609756098	-1250.0	21.28048780487805	2642.0	3871.062271062271	-1000.0	2.3923444976076556	4.200956937799043	728.0	4777856.0	98.6393647537059	1.7416267942583732	-1756.0	
1743.0	3.434782608695652	1937.0	5.543478260869565	4.0978260869565215	1876.0	-33.0	0.04947526236881559	0.095952023988006	616.0	6728.515625	-0.9235382308845577	64.0	32.82801609337912	33944.0	110.88414634146342	-3637.0	6896742.0	210471.86279296875	-519.0	49.054878048780495	-1609.0	15.823170731707318	2626.0	3847.6190476190477	-1012.0	2.4210526315789473	3.8086124401913874	708.0	4777856.0	98.6393647537059	1.69377990430622	-1592.0	
1776.0	3.391304347826087	1941.0	5.184782608695652	4.08695652173913	1877.0	-45.0	0.06746626686656672	0.08395802098950525	621.0	6738.28125	-0.9310344827586207	56.0	32.82801609337912	33944.0	124.17682926829269	-4073.0	6897062.0	210481.62841796875	-333.0	61.3719512195122	-2013.0	10.152439024390246	2621.0	3840.2930402930406	-1024.0	2.449760765550239	3.38755980861244	740.0	4777856.0	98.6393647537059	1.770334928229665	-1416.0	
1797.0	3.5543478260869565	1926.0	4.956521739130435	4.163043478260869	1870.0	-47.0	0.0704647676161919	0.07196401799100449	622.0	6748.046875	-0.9325337331334332	48.0	32.82801609337912	33944.0	137.83536585365854	-4521.0	6897382.0	210491.39404296875	-167.0	73.01829268292684	-2395.0	5.091463414634147	2639.0	3866.6666666666665	-984.0	2.354066985645933	3.062200956937799	800.0	4777856.0	98.6393647537059	1.9138755980861244	-1280.0	
1826.0	3.9239130434782608	1892.0	4.641304347826087	3.8260869565217392	1901.0	-47.0	0.0704647676161919	0.05997001499250375	615.0	6757.8125	-0.9220389805097451	40.0	32.82801609337912	33944.0	153.78048780487805	-5044.0	6897702.0	210501.15966796875	-28.0	84.1158536585366	-2759.0	0.853658536585366	2650.0	3882.7838827838827	-880.0	2.1052631578947367	2.92822966507177	888.0	4778096.0	98.63692340159774	2.124401913875598	-1224.0	
1850.0	4.413043478260869	1847.0	4.380434782608695	3.5760869565217392	1924.0	-55.0	0.08245877061469264	0.043478260869565216	611.0	6767.578125	-0.9160419790104948	29.0	32.82801609337912	33944.0	168.35365853658539	-5522.0	6898022.0	210510.92529296875	-49.0	94.66463414634147	-3105.0	1.4939024390243905	2635.0	3860.805860805861	-760.0	1.8181818181818181	2.555023923444976	1128.0	4778096.0	98.63692340159774	2.6985645933014353	-1068.0	
1868.0	4.869565217391305	1805.0	4.184782608695652	3.684782608695652	1914.0	-62.0	0.09295352323838081	0.037481259370314844	612.0	6777.34375	-0.9175412293853074	25.0	32.82801609337912	33944.0	181.64634146341464	-5958.0	6898342.0	210520.69091796875	-163.0	105.85365853658537	-3472.0	4.969512195121951	2653.0	3887.1794871794873	-744.0	1.7799043062200957	2.325358851674641	1340.0	4778096.0	98.63692340159774	3.2057416267942584	-972.0	
1879.0	5.228260869565217	1772.0	4.065217391304348	3.510869565217391	1930.0	-64.0	0.095952023988006	0.01199400299850075	607.0	6787.109375	-0.9100449775112444	8.0	32.82801609337912	33944.0	195.06097560975613	-6398.0	6898662.0	210530.45654296875	-466.0	115.88414634146342	-3801.0	14.207317073170733	2627.0	3849.084249084249	-716.0	1.7129186602870812	2.1339712918660285	1536.0	4778096.0	98.63692340159774	3.6746411483253585	-892.0	
1884.0	5.532608695652174	1744.0	4.010869565217392	3.1630434782608696	1962.0	-64.0	0.095952023988006	0.01199400299850075	607.0	6796.875	-0.9100449775112444	8.0	32.82801609337912	33944.0	208.62804878048783	-6843.0	6898982.0	210540.22216796875	-798.0	121.00609756097562	-3969.0	24.32926829268293	2638.0	3865.2014652014655	-588.0	1.4066985645933014	2.0191387559808613	1676.0	4778096.0	98.63692340159774	4.009569377990431	-844.0	
1892.0	5.782608695652174	1721.0	3.9239130434782608	2.4891304347826084	2024.0	-70.0	0.10494752623688156	0.0029985007496251873	599.0	6806.640625	-0.8980509745127436	2.0	32.82801609337912	33944.0	221.82926829268294	-7276.0	6899302.0	210549.98779296875	-982.0	123.01829268292684	-4035.0	29.939024390243905	2634.0	3859.3406593406594	-300.0	0.7177033492822966	1.9330143540669855	1772.0	4777728.0	98.64066680900352	4.239234449760765	-808.0	
1912.0	6.0	1701.0	3.7065217391304346	1.9891304347826086	2070.0	-70.0	0.10494752623688156	0.0029985007496251873	599.0	6816.40625	-0.8980509745127436	2.0	32.82801609337912	33944.0	234.57317073170734	-7694.0	6899622.0	210559.75341796875	-989.0	122.34756097560977	-4013.0	30.152439024390247	2634.0	3859.3406593406594	-20.0	0.04784688995215311	1.6650717703349283	1888.0	4777728.0	98.64066680900352	4.516746411483253	-696.0	
1930.0	6.380434782608695	1666.0	3.510869565217391	1.7391304347826086	2093.0	-76.0	0.11394302848575712	-0.043478260869565216	585.0	6826.171875	-0.8770614692653673	-29.0	32.82801609337912	33944.0	246.7987804878049	-8095.0	6899942.0	210569.51904296875	-895.0	121.92073170731709	-3999.0	27.28658536585366	2649.0	3881.3186813186812	120.0	-0.28708133971291866	1.3588516746411483	2056.0	4777728.0	98.64066680900352	4.918660287081339	-568.0	
1961.0	6.565217391304348	1649.0	3.1739130434782608	1.8043478260869565	2087.0	-82.0	0.12293853073463268	-0.05847076461769115	578.0	6835.9375	-0.8665667166416792	-39.0	32.82801609337912	33944.0	256.89024390243907	-8426.0	6900262.0	210579.28466796875	-792.0	125.85365853658537	-4128.0	24.146341463414636	2626.0	3847.6190476190477	64.0	-0.15311004784688995	1.0526315789473684	2160.0	4777728.0	98.64066680900352	5.167464114832535	-440.0	
1982.0	6.619565217391304	1644.0	2.9456521739130435	1.9130434782608696	2077.0	-94.0	0.1409295352323838	-0.07646176911544228	572.0	6845.703125	-0.8575712143928036	-51.0	32.82801609337912	33944.0	266.89024390243907	-8754.0	6900582.0	210589.05029296875	-833.0	132.83536585365854	-4357.0	25.396341463414636	2637.0	3863.736263736264	20.0	-0.04784688995215311	0.7177033492822966	2208.0	4777728.0	98.64066680900352	5.282296650717703	-300.0	
1998.0	6.630434782608695	1643.0	2.7717391304347827	2.25	2046.0	-100.0	0.14992503748125938	-0.08545727136431784	559.0	6855.46875	-0.8380809595202399	-57.0	32.82801609337912	33944.0	278.6280487804878	-9139.0	6900902.0	210598.81591796875	-1031.0	137.59146341463415	-4513.0	31.432926829268297	2644.0	3873.992673992674	-108.0	0.2583732057416268	0.5454545454545454	2176.0	4777760.0	98.64034129512434	5.205741626794258	-228.0	
2012.0	6.673913043478261	1639.0	2.619565217391304	2.2065217391304346	2050.0	-102.0	0.15292353823088456	-0.10794602698650674	546.0	6865.234375	-0.8185907046476761	-72.0	32.82801609337912	33944.0	291.5243902439025	-9562.0	6901222.0	210608.58154296875	-1275.0	138.109756097561	-4530.0	38.8719512195122	2639.0	3866.6666666666665	-96.0	0.2296650717703349	0.36363636363636365	2176.0	4777760.0	98.64034129512434	5.205741626794258	-152.0	
2007.0	6.8478260869565215	1623.0	2.6739130434782608	1.75	2092.0	-102.0	0.15292353823088456	-0.12443778110944527	536.0	6875.0	-0.8035982008995503	-83.0	32.82801609337912	33944.0	300.1219512195122	-9844.0	6901542.0	210618.34716796875	-1473.0	133.65853658536588	-4384.0	44.90853658536586	2642.0	3871.062271062271	152.0	-0.36363636363636365	0.24880382775119617	2304.0	4777760.0	98.64034129512434	5.511961722488038	-104.0	
2040.0	7.58695652173913	1555.0	2.3152173913043477	1.2065217391304348	2142.0	-112.0	0.1679160419790105	-0.13793103448275862	520.0	6884.765625	-0.7796101949025487	-92.0	32.82801609337912	33944.0	305.4268292682927	-10018.0	6901862.0	210628.11279296875	-1704.0	124.39024390243904	-4080.0	51.951219512195124	2635.0	3860.805860805861	392.0	-0.937799043062201	-0.03827751196172249	2636.0	4777760.0	98.64034129512434	6.30622009569378	16.0	
2074.0	8.33695652173913	1486.0	1.9456521739130435	0.9347826086956521	2167.0	-116.0	0.17391304347826086	-0.15892053973013492	500.0	6894.53125	-0.7496251874062968	-106.0	32.82801609337912	33944.0	311.4024390243903	-10214.0	6902182.0	210637.87841796875	-1853.0	112.31707317073172	-3684.0	56.493902439024396	2626.0	3847.6190476190477	500.0	-1.1961722488038278	-0.49760765550239233	3008.0	4777760.0	98.64034129512434	7.196172248803827	208.0	
2106.0	9.054347826086957	1420.0	1.5978260869565217	0.4891304347826087	2208.0	-120.0	0.17991004497751123	-0.17841079460269865	497.0	6904.296875	-0.7451274362818591	-119.0	32.82801609337912	33944.0	318.38414634146346	-10443.0	6902502.0	210647.64404296875	-1840.0	100.21341463414635	-3287.0	56.09756097560976	2643.0	3872.5274725274726	776.0	-1.8564593301435406	-0.9760765550239234	3336.0	4777984.0	98.63806269899257	7.980861244019138	408.0	
2159.0	9.543478260869565	1375.0	1.0217391304347825	0.2717391304347826	2228.0	-122.0	0.1829085457271364	-0.19490254872563717	471.0	6914.0625	-0.7061469265367316	-130.0	32.82801609337912	33944.0	325.7317073170732	-10684.0	6902822.0	210657.40966796875	-1798.0	88.71951219512196	-2910.0	54.81707317073171	2648.0	3879.8534798534797	852.0	-2.0382775119617222	-1.2822966507177034	3464.0	4777984.0	98.63806269899257	8.287081339712918	536.0	
2207.0	9.41304347826087	1387.0	0.5	0.9130434782608695	2169.0	-117.0	0.17541229385307347	-0.20239880059970014	462.0	6923.828125	-0.6926536731634183	-135.0	32.82801609337912	33944.0	334.1158536585366	-10959.0	6903142.0	210667.17529296875	-1377.0	81.95121951219512	-2688.0	41.98170731707317	2635.0	3860.805860805861	636.0	-1.5215311004784688	-1.971291866028708	3492.0	4777984.0	98.63806269899257	8.354066985645932	824.0	
2265.0	8.956521739130434	1429.0	-0.13043478260869565	1.7826086956521738	2089.0	-117.0	0.17541229385307347	-0.22488755622188905	432.0	6933.59375	-0.6476761619190404	-150.0	32.82801609337912	33944.0	346.6463414634147	-11370.0	6903462.0	210676.94091796875	-1277.0	77.10365853658537	-2529.0	38.9329268292683	2654.0	3888.644688644689	216.0	-0.5167464114832536	-2.6411483253588517	3276.0	4777984.0	98.63806269899257	7.837320574162679	1104.0	
2318.0	8.815217391304348	1442.0	-0.7065217391304348	1.6304347826086956	2103.0	-123.0	0.18440779610194902	-0.22788605697151423	416.0	6943.359375	-0.623688155922039	-152.0	32.82801609337912	33944.0	355.3048780487805	-11654.0	6903782.0	210686.70654296875	-1539.0	65.82317073170732	-2159.0	46.920731707317074	2625.0	3846.153846153846	240.0	-0.5741626794258373	-3.3014354066985643	3168.0	4777984.0	98.63806269899257	7.578947368421052	1380.0	
2381.0	9.228260869565217	1404.0	-1.391304347826087	1.9239130434782608	2076.0	-123.0	0.18440779610194902	-0.24287856071964017	396.0	6953.125	-0.5937031484257871	-162.0	32.82801609337912	33944.0	356.5548780487805	-11695.0	6904102.0	210696.47216796875	-1354.0	48.84146341463415	-1602.0	41.28048780487805	2646.0	3876.923076923077	168.0	-0.4019138755980861	-4.133971291866029	3328.0	4778016.0	98.63773718540554	7.961722488038277	1728.0	
2457.0	10.184782608695652	1316.0	-2.217391304347826	1.8152173913043477	2086.0	-121.0	0.18140929535232383	-0.2593703148425787	378.0	6962.890625	-0.5667166416791604	-173.0	32.82801609337912	33944.0	355.4268292682927	-11658.0	6904422.0	210706.23779296875	-1122.0	30.152439024390247	-989.0	34.207317073170735	2639.0	3866.6666666666665	80.0	-0.19138755980861244	-5.033492822966507	3728.0	4778016.0	98.63773718540554	8.91866028708134	2104.0	
2538.0	10.92391304347826	1248.0	-3.0978260869565215	1.5434782608695652	2111.0	-117.0	0.17541229385307347	-0.25037481259370314	357.0	6972.65625	-0.5352323838080959	-167.0	32.82801609337912	33944.0	356.82926829268297	-11704.0	6904742.0	210716.00341796875	-975.0	10.945121951219512	-359.0	29.725609756097565	2632.0	3856.4102564102564	300.0	-0.7177033492822966	-6.124401913875598	4116.0	4778016.0	98.63773718540554	9.84688995215311	2560.0	
2636.0	11.326086956521738	1211.0	-4.163043478260869	1.6739130434782608	2099.0	-117.0	0.17541229385307347	-0.2773613193403298	339.0	6982.421875	-0.5082458770614693	-185.0	32.82801609337912	33944.0	360.45731707317077	-11823.0	6905062.0	210725.76904296875	-653.0	0.5182926829268293	-17.0	19.908536585365855	2643.0	3872.5274725274726	244.0	-0.5837320574162679	-7.4162679425837315	4320.0	4778016.0	98.63773718540554	10.33492822966507	3100.0	
2802.0	10.858695652173912	1254.0	-5.967391304347826	2.108695652173913	2059.0	-115.0	0.17241379310344826	-0.26836581709145424	318.0	6992.1875	-0.4767616191904048	-179.0	32.82801609337912	33944.0	361.7378048780488	-11865.0	6905382.0	210735.53466796875	193.0	22.500000000000004	-738.0	-5.884146341463415	2646.0	3876.923076923077	-172.0	0.41148325358851673	-9.37799043062201	4144.0	4778016.0	98.63773718540554	9.913875598086124	3920.0	
2954.0	9.728260869565217	1358.0	-7.619565217391304	1.826086956521739	2085.0	-115.0	0.17241379310344826	-0.2623688155922039	299.0	7001.953125	-0.4482758620689655	-175.0	32.82801609337912	33944.0	361.5243902439025	-11858.0	6905702.0	210745.30029296875	213.0	70.0609756097561	-2298.0	-6.4939024390243905	2654.0	3888.644688644689	28.0	-0.06698564593301436	-11.511961722488039	3612.0	4777856.0	98.6393647537059	8.641148325358852	4812.0	
2994.0	8.956521739130434	1429.0	-8.054347826086957	2.902173913043478	1986.0	-117.0	0.17541229385307347	-0.2623688155922039	275.0	7011.71875	-0.4122938530734633	-175.0	32.82801609337912	33944.0	361.1585365853659	-11846.0	6906022.0	210755.06591796875	-560.0	63.50609756097562	-2083.0	17.073170731707318	2634.0	3859.3406593406594	-356.0	0.8516746411483254	-11.980861244019138	3208.0	4777856.0	98.6393647537059	7.6746411483253585	5008.0	
3000.0	8.565217391304348	1465.0	-8.119565217391305	3.3043478260869565	1949.0	-120.0	0.17991004497751123	-0.2563718140929535	247.0	7021.484375	-0.3703148425787106	-171.0	32.82801609337912	33944.0	360.76219512195127	-11833.0	6906342.0	210764.83154296875	-194.0	43.201219512195124	-1417.0	5.914634146341464	2634.0	3859.3406593406594	-500.0	1.1961722488038278	-11.933014354066986	3048.0	4777856.0	98.6393647537059	7.291866028708133	4988.0	
2964.0	8.521739130434783	1469.0	-7.728260869565217	3.1630434782608696	1962.0	-113.0	0.16941529235382308	-0.2578710644677661	225.0	7031.25	-0.3373313343328336	-172.0	32.82801609337912	33944.0	361.00609756097566	-11841.0	6906662.0	210774.59716796875	-16.0	26.432926829268297	-867.0	0.48780487804878053	2645.0	3875.4578754578756	-392.0	0.937799043062201	-11.789473684210526	3064.0	4777856.0	98.6393647537059	7.330143540669856	4928.0	
3022.0	8.804347826086957	1443.0	-8.358695652173912	2.902173913043478	1986.0	-116.0	0.17391304347826086	-0.25487256371814093	210.0	7041.015625	-0.3148425787106447	-170.0	32.82801609337912	33944.0	365.1524390243903	-11977.0	6906982.0	210784.36279296875	-147.0	13.29268292682927	-436.0	4.481707317073171	2622.0	3841.758241758242	-356.0	0.8516746411483254	-12.277511961722487	3116.0	4777856.0	98.6393647537059	7.454545454545454	5132.0	
3084.0	8.934782608695652	1431.0	-9.032608695652174	2.858695652173913	1990.0	-112.0	0.1679160419790105	-0.2383808095952024	185.0	7050.78125	-0.2773613193403298	-159.0	32.82801609337912	33944.0	370.88414634146346	-12165.0	6907302.0	210794.12841796875	-261.0	0.9756097560975611	-32.0	7.957317073170732	2626.0	3847.6190476190477	-336.0	0.8038277511961722	-13.062200956937799	3204.0	4777504.0	98.64294540718042	7.665071770334928	5460.0	
3202.0	9.141304347826086	1412.0	-10.315217391304348	2.9782608695652173	1979.0	-113.0	0.16941529235382308	-0.2338830584707646	170.0	7060.546875	-0.25487256371814093	-156.0	32.82801609337912	33944.0	378.4146341463415	-12412.0	6907622.0	210803.89404296875	-494.0	-11.859756097560977	389.0	15.060975609756099	2643.0	3872.5274725274726	-340.0	0.8133971291866028	-13.789473684210526	3264.0	4777504.0	98.64294540718042	7.8086124401913874	5764.0	
3394.0	9.445652173913043	1384.0	-12.402173913043478	2.869565217391304	1989.0	-112.0	0.1679160419790105	-0.21739130434782608	151.0	7070.3125	-0.22638680659670163	-145.0	32.82801609337912	33944.0	386.7378048780488	-12685.0	6907942.0	210813.65966796875	-837.0	-17.469512195121954	573.0	25.51829268292683	2650.0	3882.7838827838827	-316.0	0.7559808612440191	-15.980861244019138	3368.0	4777504.0	98.64294540718042	8.057416267942584	6680.0	
3593.0	9.989130434782608	1334.0	-14.565217391304348	2.619565217391304	2012.0	-115.0	0.17241379310344826	-0.19940029985007496	128.0	7080.078125	-0.191904047976012	-133.0	32.82801609337912	33944.0	396.82926829268297	-13016.0	6908262.0	210823.42529296875	-1429.0	-19.26829268292683	632.0	43.56707317073171	2638.0	3865.2014652014655	-212.0	0.507177033492823	-18.62200956937799	3560.0	4777504.0	98.64294540718042	8.516746411483254	7784.0	
3712.0	11.0	1241.0	-15.858695652173912	2.641304347826087	2010.0	-109.0	0.1634182908545727	-0.17991004497751123	113.0	7089.84375	-0.16941529235382308	-120.0	32.82801609337912	33944.0	405.06097560975616	-13286.0	6908582.0	210833.19091796875	-2214.0	-23.59756097560976	774.0	67.5	2651.0	3884.2490842490843	-184.0	0.4401913875598086	-20.47846889952153	3988.0	4777504.0	98.64294540718042	9.54066985645933	8560.0	
3726.0	12.16304347826087	1134.0	-16.01086956521739	2.858695652173913	1990.0	-106.0	0.15892053973013492	-0.15592203898050974	96.0	7099.609375	-0.14392803598200898	-104.0	32.82801609337912	33944.0	409.969512195122	-13447.0	6908902.0	210842.95654296875	-3213.0	-31.402439024390247	1030.0	97.95731707317074	2651.0	3884.2490842490843	-268.0	0.6411483253588517	-20.8133971291866	4548.0	4777456.0	98.64343367845115	10.880382775119617	8700.0	
3678.0	13.119565217391305	1046.0	-15.489130434782608	2.8043478260869565	1995.0	-101.0	0.15142428785607195	-0.136431784107946	73.0	7109.375	-0.10944527736131934	-91.0	32.82801609337912	33944.0	415.1524390243903	-13617.0	6909222.0	210852.72216796875	-4499.0	-40.457317073170735	1327.0	137.16463414634148	2638.0	3865.2014652014655	-260.0	0.6220095693779905	-20.287081339712916	5048.0	4777456.0	98.64343367845115	12.076555023923445	8480.0	
3614.0	13.630434782608695	999.0	-14.793478260869565	2.793478260869565	1996.0	-107.0	0.16041979010494753	-0.10794602698650674	52.0	7119.140625	-0.07796101949025487	-72.0	32.82801609337912	33944.0	418.8414634146342	-13738.0	6909542.0	210862.48779296875	-6108.0	-51.03658536585366	1674.0	186.21951219512198	2635.0	3860.805860805861	-284.0	0.6794258373205742	-19.57894736842105	5300.0	4777456.0	98.64343367845115	12.679425837320574	8184.0	
3539.0	13.391304347826086	1021.0	-13.978260869565217	2.684782608695652	2006.0	-102.0	0.15292353823088456	-0.08545727136431784	30.0	7128.90625	-0.04497751124437781	-57.0	32.82801609337912	33944.0	415.82317073170736	-13639.0	6909862.0	210872.25341796875	-7699.0	-61.3719512195122	2013.0	234.72560975609758	2636.0	3862.2710622710624	-244.0	0.5837320574162679	-18.698564593301434	5296.0	4777456.0	98.64343367845115	12.669856459330143	7816.0	
3446.0	12.67391304347826	1087.0	-12.967391304347826	2.510869565217391	2022.0	-90.0	0.13493253373313344	-0.05697151424287856	20.0	7138.671875	-0.029985007496251874	-38.0	32.82801609337912	33944.0	404.1768292682927	-13257.0	6910182.0	210882.01904296875	-9112.0	-73.29268292682927	2404.0	277.8048780487805	2645.0	3875.4578754578756	-192.0	0.4593301435406698	-17.56937799043062	4972.0	4777456.0	98.64343367845115	11.894736842105262	7344.0	
3336.0	11.369565217391305	1207.0	-11.771739130434783	2.391304347826087	2033.0	-86.0	0.12893553223388304	-0.03298350824587706	2.0	7148.4375	-0.0029985007496251873	-22.0	32.82801609337912	33944.0	384.69512195121956	-12618.0	6910502.0	210891.78466796875	-10258.0	-82.34756097560977	2701.0	312.7439024390244	2656.0	3891.5750915750914	-72.0	0.17224880382775118	-16.13397129186603	4416.0	4777424.0	98.64375919267728	10.564593301435407	6744.0	
3244.0	9.73913043478261	1357.0	-10.771739130434783	2.108695652173913	2059.0	-83.0	0.12443778110944527	-0.013493253373313342	-9.0	7158.203125	0.013493253373313342	-9.0	32.82801609337912	33944.0	354.1158536585366	-11615.0	6910822.0	210901.55029296875	-10791.0	-89.81707317073172	2946.0	328.9939024390244	2640.0	3868.131868131868	-12.0	0.028708133971291863	-15.004784688995215	3684.0	4777424.0	98.64375919267728	8.813397129186603	6272.0	
3170.0	8.16304347826087	1502.0	-9.967391304347826	2.0217391304347827	2067.0	-77.0	0.11544227886056971	0.017991004497751123	-20.0	7167.96875	0.029985007496251874	12.0	32.82801609337912	33944.0	315.3658536585366	-10344.0	6911142.0	210911.31591796875	-10881.0	-93.35365853658537	3062.0	331.7378048780488	2638.0	3865.2014652014655	4.0	-0.009569377990430622	-14.095693779904305	2972.0	4777424.0	98.64375919267728	7.110047846889952	5892.0	
3120.0	6.673913043478261	1639.0	-9.42391304347826	2.2717391304347827	2044.0	-70.0	0.10494752623688156	0.043478260869565216	-32.0	7177.734375	0.047976011994003	29.0	32.82801609337912	33944.0	274.359756097561	-8999.0	6911462.0	210921.08154296875	-10431.0	-96.34146341463415	3160.0	318.01829268292687	2639.0	3866.6666666666665	-144.0	0.34449760765550236	-13.358851674641148	2288.0	4777424.0	98.64375919267728	5.473684210526316	5584.0	
3081.0	5.217391304347826	1773.0	-9.0	2.532608695652174	2020.0	-72.0	0.10794602698650674	0.05547226386806597	-32.0	7187.5	0.047976011994003	37.0	32.82801609337912	33944.0	229.359756097561	-7523.0	6911782.0	210930.84716796875	-9663.0	-97.04268292682927	3183.0	294.6036585365854	2638.0	3865.2014652014655	-308.0	0.7368421052631579	-12.870813397129186	1612.0	4777424.0	98.64375919267728	3.8564593301435406	5380.0	
3073.0	3.9456521739130435	1890.0	-8.91304347826087	2.6739130434782608	2007.0	-70.0	0.10494752623688156	0.08395802098950525	-39.0	7197.265625	0.05847076461769115	56.0	32.82801609337912	33944.0	188.44512195121953	-6181.0	6912102.0	210940.61279296875	-8264.0	-93.26219512195122	3059.0	251.95121951219514	2640.0	3868.131868131868	-400.0	0.9569377990430622	-12.688995215311005	940.0	4777648.0	98.64148059386129	2.248803827751196	5304.0	
3076.0	2.4130434782608696	2031.0	-8.945652173913043	2.4782608695652173	2025.0	-69.0	0.10344827586206896	0.0944527736131934	-47.0	7207.03125	0.0704647676161919	63.0	32.82801609337912	33944.0	147.9878048780488	-4854.0	6912422.0	210950.37841796875	-6533.0	-84.0548780487805	2757.0	199.1768292682927	2623.0	3843.223443223443	-296.0	0.708133971291866	-12.660287081339712	276.0	4777648.0	98.64148059386129	0.6602870813397129	5292.0	
3061.0	1.1739130434782608	2145.0	-8.782608695652174	2.3260869565217392	2039.0	-69.0	0.10344827586206896	0.10044977511244378	-41.0	7216.796875	0.06146926536731634	67.0	32.82801609337912	33944.0	107.53048780487806	-3527.0	6912742.0	210960.14404296875	-4625.0	-69.60365853658537	2283.0	141.00609756097563	2641.0	3869.5970695970695	-252.0	0.6028708133971291	-12.602870813397129	-32.0	4777648.0	98.64148059386129	-0.07655502392344497	5268.0	
3055.0	0.3913043478260869	2217.0	-8.717391304347826	2.2717391304347827	2044.0	-76.0	0.11394302848575712	0.10494752623688156	-45.0	7226.5625	0.06746626686656672	70.0	32.82801609337912	33944.0	70.27439024390245	-2305.0	6913062.0	210969.90966796875	-2549.0	-55.91463414634147	1834.0	77.71341463414635	2653.0	3887.1794871794873	-172.0	0.41148325358851673	-12.488038277511961	-492.0	4777648.0	98.64148059386129	-1.1770334928229664	5220.0	
3026.0	0.14130434782608695	2240.0	-8.402173913043478	2.25	2046.0	-79.0	0.1184407796101949	0.11244377811094453	-47.0	7236.328125	0.0704647676161919	75.0	32.82801609337912	33944.0	36.707317073170735	-1204.0	6913382.0	210979.67529296875	-627.0	-42.16463414634147	1383.0	19.115853658536587	2634.0	3859.3406593406594	-144.0	0.34449760765550236	-12.16267942583732	-660.0	4777648.0	98.64148059386129	-1.5789473684210527	5084.0	
2988.0	0.44565217391304346	2212.0	-7.989130434782608	2.358695652173913	2036.0	-76.0	0.11394302848575712	0.12593703148425786	-52.0	7246.09375	0.07796101949025487	84.0	32.82801609337912	33944.0	8.75	-287.0	6913702.0	210989.44091796875	1113.0	-29.84756097560976	979.0	-33.9329268292683	2655.0	3890.10989010989	-168.0	0.4019138755980861	-11.751196172248804	-580.0	4777328.0	98.6447357355748	-1.38755980861244	4912.0	
2951.0	1.2391304347826086	2139.0	-7.58695652173913	2.391304347826087	2033.0	-82.0	0.12293853073463268	0.1184407796101949	-47.0	7255.859375	0.0704647676161919	79.0	32.82801609337912	33944.0	-13.719512195121952	450.0	6914022.0	210999.20654296875	2810.0	-16.432926829268293	539.0	-85.67073170731707	2629.0	3852.0146520146523	-204.0	0.4880382775119617	-11.157894736842104	-236.0	4777328.0	98.6447357355748	-0.5645933014354066	4664.0	
2910.0	2.130434782608696	2057.0	-7.141304347826087	2.619565217391304	2012.0	-76.0	0.11394302848575712	0.12293853073463268	-44.0	7265.625	0.06596701649175413	82.0	32.82801609337912	33944.0	-31.09756097560976	1020.0	6914342.0	211008.97216796875	4139.0	-8.567073170731708	281.0	-126.18902439024392	2651.0	3884.2490842490843	-296.0	0.708133971291866	-10.669856459330143	152.0	4777328.0	98.6447357355748	0.36363636363636365	4460.0	
2884.0	3.0652173913043477	1971.0	-6.858695652173913	2.793478260869565	1996.0	-79.0	0.1184407796101949	0.12143928035982009	-48.0	7275.390625	0.07196401799100449	81.0	32.82801609337912	33944.0	-44.87804878048781	1472.0	6914662.0	211018.73779296875	5091.0	-2.164634146341464	71.0	-155.21341463414635	2635.0	3860.805860805861	-388.0	0.9282296650717703	-10.248803827751196	536.0	4777328.0	98.6447357355748	1.2822966507177034	4284.0	
2867.0	3.8043478260869565	1903.0	-6.673913043478261	3.0652173913043477	1971.0	-82.0	0.12293853073463268	0.11244377811094453	-44.0	7285.15625	0.06596701649175413	75.0	32.82801609337912	33944.0	-55.94512195121952	1835.0	6914982.0	211028.50341796875	5741.0	5.914634146341464	-194.0	-175.03048780487808	2634.0	3859.3406593406594	-508.0	1.215311004784689	-10.095693779904305	936.0	4777328.0	98.6447357355748	2.2392344497607652	4220.0	
2851.0	4.83695652173913	1808.0	-6.5	3.2282608695652173	1956.0	-92.0	0.13793103448275862	0.11394302848575712	-47.0	7294.921875	0.0704647676161919	76.0	32.82801609337912	33944.0	-64.23780487804879	2107.0	6915302.0	211038.26904296875	6110.0	16.432926829268293	-539.0	-186.28048780487808	2641.0	3869.5970695970695	-572.0	1.368421052631579	-9.933014354066986	1352.0	4777840.0	98.63952751058613	3.2344497607655502	4152.0	
2834.0	5.815217391304348	1718.0	-6.315217391304348	3.5217391304347827	1929.0	-94.0	0.1409295352323838	0.1169415292353823	-43.0	7304.6875	0.06446776611694152	78.0	32.82801609337912	33944.0	-69.02439024390245	2264.0	6915622.0	211048.03466796875	6137.0	28.384146341463417	-931.0	-187.10365853658539	2648.0	3879.8534798534797	-640.0	1.5311004784688995	-9.655502392344497	1848.0	4777840.0	98.63952751058613	4.421052631578947	4036.0	
2798.0	6.826086956521739	1625.0	-5.923913043478261	3.5543478260869565	1926.0	-88.0	0.13193403298350825	0.10494752623688156	-46.0	7314.453125	0.06896551724137931	70.0	32.82801609337912	33944.0	-70.0609756097561	2298.0	6915942.0	211057.80029296875	5780.0	36.707317073170735	-1204.0	-176.21951219512198	2640.0	3868.131868131868	-680.0	1.6267942583732056	-9.24401913875598	2288.0	4777840.0	98.63952751058613	5.473684210526316	3864.0	
2756.0	7.706521739130435	1544.0	-5.467391304347826	3.652173913043478	1917.0	-94.0	0.1409295352323838	0.10494752623688156	-45.0	7324.21875	0.06746626686656672	70.0	32.82801609337912	33944.0	-67.37804878048782	2210.0	6916262.0	211067.56591796875	5144.0	42.34756097560976	-1389.0	-156.82926829268294	2644.0	3873.992673992674	-716.0	1.7129186602870812	-8.842105263157894	2708.0	4777840.0	98.63952751058613	6.4784688995215305	3696.0	
2741.0	8.358695652173912	1484.0	-5.304347826086956	3.6956521739130435	1913.0	-90.0	0.13493253373313344	0.09895052473763118	-44.0	7333.984375	0.06596701649175413	66.0	32.82801609337912	33944.0	-61.12804878048781	2005.0	6916582.0	211077.33154296875	4339.0	46.768292682926834	-1534.0	-132.28658536585368	2633.0	3857.875457875458	-716.0	1.7129186602870812	-8.44976076555024	2980.0	4777840.0	98.63952751058613	7.1291866028708135	3532.0	
2719.0	8.793478260869565	1444.0	-5.065217391304348	3.7717391304347827	1906.0	-93.0	0.1394302848575712	0.10494752623688156	-44.0	7343.75	0.06596701649175413	70.0	32.82801609337912	33944.0	-52.804878048780495	1732.0	6916902.0	211087.09716796875	3430.0	48.170731707317074	-1580.0	-104.57317073170732	2638.0	3865.2014652014655	-780.0	1.8660287081339713	-8.248803827751196	3176.0	4777584.0	98.64213162191182	7.598086124401914	3448.0	
2712.0	9.108695652173912	1415.0	-4.989130434782608	3.7391304347826084	1909.0	-90.0	0.13493253373313344	0.095952023988006	-42.0	7353.515625	0.06296851574212893	64.0	32.82801609337912	33944.0	-43.59756097560976	1430.0	6917222.0	211096.86279296875	2425.0	47.926829268292686	-1572.0	-73.9329268292683	2636.0	3862.2710622710624	-784.0	1.875598086124402	-8.114832535885167	3276.0	4777584.0	98.64213162191182	7.837320574162679	3392.0	
2711.0	9.043478260869565	1421.0	-4.978260869565217	3.8260869565217392	1901.0	-89.0	0.13343328335832083	0.095952023988006	-43.0	7363.28125	0.06446776611694152	64.0	32.82801609337912	33944.0	-34.08536585365854	1118.0	6917542.0	211106.62841796875	1370.0	46.25000000000001	-1517.0	-41.768292682926834	2626.0	3847.6190476190477	-788.0	1.8851674641148324	-8.095693779904305	3288.0	4777584.0	98.64213162191182	7.866028708133971	3384.0	
2709.0	8.934782608695652	1431.0	-4.956521739130435	3.891304347826087	1895.0	-85.0	0.12743628185907047	0.09295352323838081	-42.0	7373.046875	0.06296851574212893	62.0	32.82801609337912	33944.0	-25.487804878048784	836.0	6917862.0	211116.39404296875	320.0	43.23170731707317	-1418.0	-9.756097560975611	2643.0	3872.5274725274726	-780.0	1.8660287081339713	-8.095693779904305	3248.0	4777584.0	98.64213162191182	7.770334928229665	3384.0	
2722.0	8.608695652173912	1461.0	-5.0978260869565215	3.869565217391304	1897.0	-88.0	0.13193403298350825	0.09295352323838081	-37.0	7382.8125	0.05547226386806597	62.0	32.82801609337912	33944.0	-18.56707317073171	609.0	6918182.0	211126.15966796875	-637.0	40.396341463414636	-1325.0	19.420731707317074	2648.0	3879.8534798534797	-764.0	1.8277511961722488	-8.248803827751196	3132.0	4777584.0	98.64213162191182	7.492822966507177	3448.0	
2730.0	8.119565217391305	1506.0	-5.184782608695652	3.641304347826087	1918.0	-84.0	0.12593703148425786	0.0914542728635682	-43.0	7392.578125	0.06446776611694152	61.0	32.82801609337912	33944.0	-14.115853658536587	463.0	6918502.0	211135.92529296875	-1410.0	37.10365853658537	-1217.0	42.987804878048784	2639.0	3866.6666666666665	-700.0	1.6746411483253587	-8.382775119617225	2932.0	4777568.0	98.6422943789473	7.0143540669856455	3504.0	
2737.0	7.576086956521739	1556.0	-5.260869565217392	3.717391304347826	1911.0	-80.0	0.1199400299850075	0.0914542728635682	-46.0	7402.34375	0.06896551724137931	61.0	32.82801609337912	33944.0	-13.01829268292683	427.0	6918822.0	211145.69091796875	-2014.0	33.23170731707317	-1090.0	61.40243902439025	2656.0	3891.5750915750914	-672.0	1.6076555023923444	-8.564593301435407	2696.0	4777568.0	98.6422943789473	6.449760765550239	3580.0	
2753.0	7.108695652173913	1599.0	-5.434782608695652	3.4565217391304346	1935.0	-83.0	0.12443778110944527	0.08095952023988005	-36.0	7412.109375	0.05397301349325337	54.0	32.82801609337912	33944.0	-12.896341463414636	423.0	6919142.0	211155.45654296875	-2437.0	27.500000000000004	-902.0	74.29878048780489	2630.0	3853.479853479854	-612.0	1.464114832535885	-8.62200956937799	2480.0	4777568.0	98.6422943789473	5.9330143540669855	3604.0	
2766.0	6.771739130434782	1630.0	-5.576086956521739	3.260869565217391	1953.0	-77.0	0.11544227886056971	0.08245877061469264	-37.0	7421.875	0.05547226386806597	55.0	32.82801609337912	33944.0	-16.707317073170735	548.0	6919462.0	211165.22216796875	-2764.0	22.682926829268293	-744.0	84.26829268292684	2644.0	3873.992673992674	-528.0	1.263157894736842	-8.794258373205741	2296.0	4777568.0	98.6422943789473	5.492822966507177	3676.0	
2781.0	6.445652173913043	1660.0	-5.739130434782608	3.0543478260869565	1972.0	-68.0	0.10194902548725637	0.07946026986506746	-44.0	7431.640625	0.06596701649175413	53.0	32.82801609337912	33944.0	-22.164634146341466	727.0	6919782.0	211174.98779296875	-2996.0	18.84146341463415	-618.0	91.34146341463415	2636.0	3862.2710622710624	-452.0	1.0813397129186602	-9.023923444976075	2116.0	4777568.0	98.6422943789473	5.062200956937799	3772.0	
2798.0	6.0	1701.0	-5.923913043478261	2.967391304347826	1980.0	-69.0	0.10344827586206896	0.07796101949025487	-45.0	7441.40625	0.06746626686656672	52.0	32.82801609337912	33944.0	-28.719512195121954	942.0	6920102.0	211184.75341796875	-3076.0	14.969512195121952	-491.0	93.78048780487806	2637.0	3863.736263736264	-392.0	0.937799043062201	-9.23444976076555	1964.0	4777600.0	98.6419688648855	4.698564593301435	3860.0	
2812.0	5.815217391304348	1718.0	-6.076086956521739	2.793478260869565	1996.0	-65.0	0.09745127436281859	0.07196401799100449	-44.0	7451.171875	0.06596701649175413	48.0	32.82801609337912	33944.0	-36.55487804878049	1199.0	6920422.0	211194.51904296875	-3059.0	12.500000000000002	-410.0	93.26219512195122	2643.0	3872.5274725274726	-344.0	0.8229665071770335	-9.425837320574162	1848.0	4777600.0	98.6419688648855	4.421052631578947	3940.0	
2830.0	5.630434782608695	1735.0	-6.271739130434782	2.8260869565217392	1993.0	-70.0	0.10494752623688156	0.06896551724137931	-40.0	7460.9375	0.05997001499250375	46.0	32.82801609337912	33944.0	-46.707317073170735	1532.0	6920742.0	211204.28466796875	-2949.0	9.695121951219512	-318.0	89.90853658536587	2653.0	3887.1794871794873	-300.0	0.7177033492822966	-9.588516746411482	1792.0	4777600.0	98.6419688648855	4.287081339712919	4008.0	
2844.0	5.6521739130434785	1733.0	-6.423913043478261	2.6956521739130435	2005.0	-61.0	0.0914542728635682	0.06746626686656672	-41.0	7470.703125	0.06146926536731634	45.0	32.82801609337912	33944.0	-57.835365853658544	1897.0	6921062.0	211214.05029296875	-2728.0	7.682926829268293	-252.0	83.17073170731707	2633.0	3857.875457875458	-280.0	0.6698564593301435	-9.789473684210526	1800.0	4777600.0	98.6419688648855	4.30622009569378	4092.0	
2854.0	5.8478260869565215	1715.0	-6.532608695652174	2.6956521739130435	2005.0	-59.0	0.08845577211394302	0.06746626686656672	-36.0	7480.46875	0.05397301349325337	45.0	32.82801609337912	33944.0	-68.8109756097561	2257.0	6921382.0	211223.81591796875	-2528.0	4.451219512195123	-146.0	77.07317073170732	2642.0	3871.062271062271	-260.0	0.6220095693779905	-10.028708133971291	1924.0	4777600.0	98.6419688648855	4.6028708133971294	4192.0	
2887.0	6.315217391304348	1672.0	-6.891304347826087	2.4347826086956523	2029.0	-62.0	0.09295352323838081	0.05697151424287856	-39.0	7490.234375	0.05847076461769115	38.0	32.82801609337912	33944.0	-79.60365853658537	2611.0	6921702.0	211233.58154296875	-2235.0	2.7439024390243905	-90.0	68.14024390243902	2628.0	3850.5494505494507	-136.0	0.3253588516746411	-10.325358851674642	2100.0	4777328.0	98.6447357355748	5.023923444976076	4316.0	
2905.0	6.576086956521739	1648.0	-7.08695652173913	2.0543478260869565	2064.0	-57.0	0.08545727136431784	0.04047976011994003	-38.0	7500.0	0.05697151424287856	27.0	32.82801609337912	33944.0	-91.28048780487806	2994.0	6922022.0	211243.34716796875	-2078.0	4.237804878048781	-139.0	63.35365853658537	2641.0	3869.5970695970695	-4.0	0.009569377990430622	-10.641148325358852	2228.0	4777328.0	98.6447357355748	5.330143540669856	4448.0	
2927.0	6.782608695652174	1629.0	-7.326086956521739	1.7826086956521738	2089.0	-56.0	0.08395802098950525	0.043478260869565216	-32.0	7509.765625	0.047976011994003	29.0	32.82801609337912	33944.0	-103.53658536585367	3396.0	6922342.0	211253.11279296875	-2033.0	8.506097560975611	-279.0	61.98170731707317	2635.0	3860.805860805861	76.0	-0.18181818181818182	-10.861244019138756	2244.0	4777328.0	98.6447357355748	5.368421052631579	4540.0	
2943.0	6.684782608695652	1638.0	-7.5	1.75	2092.0	-55.0	0.08245877061469264	0.0239880059970015	-28.0	7519.53125	0.041979010494752625	16.0	32.82801609337912	33944.0	-117.6829268292683	3860.0	6922662.0	211262.87841796875	-1894.0	12.80487804878049	-420.0	57.743902439024396	2628.0	3850.5494505494507	104.0	-0.24880382775119617	-10.937799043062201	2260.0	4777328.0	98.6447357355748	5.4066985645933014	4572.0	
2944.0	6.793478260869565	1628.0	-7.510869565217391	1.8043478260869565	2087.0	-56.0	0.08395802098950525	0.0239880059970015	-27.0	7529.296875	0.04047976011994003	16.0	32.82801609337912	33944.0	-133.35365853658539	4374.0	6922982.0	211272.64404296875	-1771.0	15.670731707317074	-514.0	53.993902439024396	2638.0	3865.2014652014655	132.0	-0.3157894736842105	-11.062200956937799	2276.0	4777328.0	98.6447357355748	5.444976076555024	4624.0	
2958.0	7.010869565217391	1608.0	-7.663043478260869	1.8695652173913042	2081.0	-52.0	0.07796101949025487	0.010494752623688156	-22.0	7539.0625	0.03298350824587706	7.0	32.82801609337912	33944.0	-149.14634146341464	4892.0	6923302.0	211282.40966796875	-1584.0	17.5609756097561	-576.0	48.29268292682927	2645.0	3875.4578754578756	100.0	-0.23923444976076555	-11.186602870813397	2388.0	4777632.0	98.64164335086024	5.712918660287081	4676.0	
2974.0	7.293478260869565	1582.0	-7.83695652173913	1.6956521739130435	2097.0	-49.0	0.07346326836581708	0.0014992503748125937	-16.0	7548.828125	0.0239880059970015	1.0	32.82801609337912	33944.0	-163.8719512195122	5375.0	6923622.0	211292.17529296875	-1308.0	18.445121951219512	-605.0	39.87804878048781	2642.0	3871.062271062271	156.0	-0.37320574162679426	-11.444976076555024	2532.0	4777632.0	98.64164335086024	6.057416267942584	4784.0	
2989.0	7.4021739130434785	1572.0	-8.0	1.5869565217391304	2107.0	-45.0	0.06746626686656672	-0.01199400299850075	-15.0	7558.59375	0.022488755622188904	-8.0	32.82801609337912	33944.0	-178.84146341463418	5866.0	6923942.0	211301.94091796875	-1091.0	19.847560975609756	-651.0	33.26219512195122	2652.0	3885.714285714286	244.0	-0.5837320574162679	-11.760765550239235	2612.0	4777632.0	98.64164335086024	6.248803827751196	4916.0	
3017.0	7.434782608695652	1569.0	-8.304347826086957	1.2717391304347825	2136.0	-43.0	0.06446776611694152	-0.038980509745127435	-5.0	7568.359375	0.0074962518740629685	-26.0	32.82801609337912	33944.0	-193.65853658536588	6352.0	6924262.0	211311.70654296875	-915.0	22.31707317073171	-732.0	27.896341463414636	2627.0	3849.084249084249	360.0	-0.8612440191387559	-12.028708133971291	2624.0	4777632.0	98.64164335086024	6.277511961722488	5028.0	
3028.0	7.445652173913043	1568.0	-8.42391304347826	1.1195652173913042	2150.0	-41.0	0.06146926536731634	-0.050974512743628186	0.0	7578.125	0.0	-34.0	32.82801609337912	33944.0	-209.57317073170734	6874.0	6924582.0	211321.47216796875	-652.0	24.146341463414636	-792.0	19.878048780487806	2639.0	3866.6666666666665	424.0	-1.014354066985646	-12.16267942583732	2616.0	4777632.0	98.64164335086024	6.258373205741626	5084.0	
3030.0	7.58695652173913	1555.0	-8.445652173913043	1.0217391304347825	2159.0	-42.0	0.06296851574212893	-0.06596701649175413	8.0	7587.890625	-0.01199400299850075	-44.0	32.85287178552244	33949.0	-225.70121951219514	7403.0	6924902.0	211331.23779296875	-429.0	25.731707317073173	-844.0	13.079268292682928	2642.0	3871.062271062271	456.0	-1.0909090909090908	-12.200956937799043	2636.0	4777632.0	98.64585102312589	6.30622009569378	5100.0	
3031.0	7.75	1540.0	-8.456521739130434	1.1956521739130435	2143.0	-39.0	0.05847076461769115	-0.07796101949025487	22.0	7597.65625	-0.03298350824587706	-52.0	32.85287178552244	33949.0	-241.12804878048783	7909.0	6925222.0	211341.00341796875	-149.0	25.121951219512198	-824.0	4.5426829268292686	2635.0	3860.805860805861	408.0	-0.9760765550239234	-12.200956937799043	2732.0	4777632.0	98.64585102312589	6.535885167464115	5100.0	
3032.0	8.25	1494.0	-8.467391304347826	1.2391304347826086	2139.0	-38.0	0.05697151424287856	-0.09745127436281859	26.0	7607.421875	-0.038980509745127435	-65.0	32.85287178552244	33949.0	-254.02439024390247	8332.0	6925542.0	211350.76904296875	103.0	22.5609756097561	-740.0	-3.1402439024390247	2647.0	3878.388278388278	368.0	-0.8803827751196172	-12.267942583732056	2940.0	4777632.0	98.64585102312589	7.033492822966507	5128.0	
3029.0	8.66304347826087	1456.0	-8.434782608695652	1.358695652173913	2128.0	-38.0	0.05697151424287856	-0.09745127436281859	26.0	7617.1875	-0.038980509745127435	-65.0	32.85287178552244	33949.0	-265.0304878048781	8693.0	6925862.0	211360.53466796875	337.0	18.719512195121954	-614.0	-10.27439024390244	2643.0	3872.5274725274726	372.0	-0.8899521531100478	-12.210526315789473	3152.0	4777632.0	98.64585102312589	7.5406698564593295	5104.0	
3019.0	9.0	1425.0	-8.326086956521738	1.2717391304347825	2136.0	-36.0	0.05397301349325337	-0.13043478260869565	39.0	7626.953125	-0.05847076461769115	-87.0	32.85287178552244	33949.0	-273.50609756097566	8971.0	6926182.0	211370.30029296875	508.0	12.621951219512196	-414.0	-15.487804878048783	2635.0	3860.805860805861	388.0	-0.9282296650717703	-12.076555023923445	3280.0	4777632.0	98.64585102312589	7.84688995215311	5048.0	
2999.0	9.293478260869565	1398.0	-8.108695652173912	1.3478260869565217	2129.0	-36.0	0.05397301349325337	-0.13043478260869565	39.0	7636.71875	-0.05847076461769115	-87.0	32.85287178552244	33949.0	-280.2134146341464	9191.0	6926502.0	211380.06591796875	501.0	3.780487804878049	-124.0	-15.27439024390244	2641.0	3869.5970695970695	392.0	-0.937799043062201	-11.990430622009569	3448.0	4776752.0	98.65480303460794	8.248803827751196	5012.0	
3014.0	9.706521739130434	1360.0	-8.271739130434783	1.2282608695652173	2140.0	-38.0	0.05697151424287856	-0.1454272863568216	57.0	7646.484375	-0.08545727136431784	-97.0	32.85287178552244	33949.0	-286.1890243902439	9387.0	6926822.0	211389.83154296875	479.0	-5.548780487804879	182.0	-14.603658536585368	2641.0	3869.5970695970695	416.0	-0.9952153110047847	-12.038277511961722	3640.0	4776752.0	98.65480303460794	8.708133971291865	5032.0	
3022.0	9.967391304347826	1336.0	-8.358695652173912	0.9239130434782609	2168.0	-34.0	0.050974512743628186	-0.17241379310344826	81.0	7656.25	-0.12143928035982009	-115.0	32.85287178552244	33949.0	-290.3048780487805	9522.0	6927142.0	211399.59716796875	389.0	-15.30487804878049	502.0	-11.859756097560977	2635.0	3860.805860805861	568.0	-1.3588516746411483	-12.220095693779903	3744.0	4776752.0	98.65480303460794	8.956937799043061	5108.0	
3034.0	10.217391304347826	1313.0	-8.48913043478261	0.717391304347826	2187.0	-40.0	0.05997001499250375	-0.17841079460269865	86.0	7666.015625	-0.12893553223388304	-119.0	32.85287178552244	33949.0	-294.20731707317077	9650.0	6927462.0	211409.36279296875	317.0	-24.32926829268293	798.0	-9.664634146341465	2646.0	3876.923076923077	668.0	-1.5980861244019138	-12.296650717703349	4028.0	4776752.0	98.65480303460794	9.636363636363637	5140.0	
3048.0	10.793478260869565	1260.0	-8.641304347826086	0.42391304347826086	2214.0	-42.0	0.06296851574212893	-0.19790104947526235	105.0	7675.78125	-0.15742128935532235	-132.0	32.85287178552244	33949.0	-299.63414634146346	9828.0	6927782.0	211419.12841796875	165.0	-32.53048780487805	1067.0	-5.0304878048780495	2627.0	3849.084249084249	720.0	-1.7224880382775118	-12.373205741626794	4004.0	4776752.0	98.65480303460794	9.578947368421053	5172.0	
3048.0	11.739130434782608	1173.0	-8.641304347826086	0.33695652173913043	2222.0	-38.0	0.05697151424287856	-0.21889055472263869	129.0	7685.546875	-0.1934032983508246	-146.0	32.85287178552244	33949.0	-305.7317073170732	10028.0	6928102.0	211428.89404296875	107.0	-39.54268292682927	1297.0	-3.26219512195122	2642.0	3871.062271062271	836.0	-2.0	-12.507177033492823	4396.0	4777056.0	98.6517105184278	10.516746411483254	5228.0	
3046.0	12.402173913043478	1112.0	-8.619565217391305	0.5108695652173912	2206.0	-40.0	0.05997001499250375	-0.22788605697151423	146.0	7695.3125	-0.21889055472263869	-152.0	32.85287178552244	33949.0	-305.0914634146342	10007.0	6928422.0	211438.65966796875	118.0	-48.68902439024391	1597.0	-3.5975609756097566	2642.0	3871.062271062271	784.0	-1.875598086124402	-12.516746411483252	4764.0	4777056.0	98.6517105184278	11.39712918660287	5232.0	
3015.0	12.543478260869565	1099.0	-8.282608695652174	0.5869565217391304	2199.0	-43.0	0.06446776611694152	-0.2338830584707646	159.0	7705.078125	-0.2383808095952024	-156.0	32.85287178552244	33949.0	-301.4024390243903	9886.0	6928742.0	211448.42529296875	30.0	-59.29878048780488	1945.0	-0.9146341463414634	2644.0	3873.992673992674	720.0	-1.7224880382775118	-12.296650717703349	4884.0	4777056.0	98.6517105184278	11.68421052631579	5140.0	
2985.0	12.456521739130434	1107.0	-7.956521739130435	0.3804347826086956	2218.0	-43.0	0.06446776611694152	-0.25337331334332835	168.0	7714.84375	-0.2518740629685157	-169.0	32.85287178552244	33949.0	-302.2865853658537	9915.0	6929062.0	211458.19091796875	27.0	-69.0548780487805	2265.0	-0.8231707317073171	2626.0	3847.6190476190477	792.0	-1.894736842105263	-11.818181818181818	4856.0	4777056.0	98.6517105184278	11.617224880382775	4940.0	
2946.0	12.467391304347826	1106.0	-7.532608695652174	0.44565217391304346	2212.0	-45.0	0.06746626686656672	-0.2593703148425787	192.0	7724.609375	-0.28785607196401797	-173.0	32.85287178552244	33949.0	-307.9268292682927	10100.0	6929382.0	211467.95654296875	49.0	-81.82926829268294	2684.0	-1.4939024390243905	2626.0	3847.6190476190477	780.0	-1.8660287081339713	-11.339712918660286	4872.0	4777056.0	98.6517105184278	11.655502392344497	4740.0	
2919.0	12.728260869565217	1082.0	-7.239130434782608	0.14130434782608695	2240.0	-42.0	0.06296851574212893	-0.27436281859070466	213.0	7734.375	-0.3193403298350824	-183.0	32.85287178552244	33949.0	-312.9878048780488	10266.0	6929702.0	211477.72216796875	37.0	-92.6219512195122	3038.0	-1.128048780487805	2643.0	3872.5274725274726	912.0	-2.1818181818181817	-10.976076555023923	4956.0	4776976.0	98.65252433815562	11.85645933014354	4588.0	
2888.0	13.141304347826086	1044.0	-6.9021739130434785	-0.16304347826086957	2268.0	-46.0	0.06896551724137931	-0.2788605697151424	230.0	7744.140625	-0.3448275862068965	-186.0	32.85287178552244	33949.0	-316.18902439024396	10371.0	6930022.0	211487.48779296875	-193.0	-99.75609756097562	3272.0	5.884146341463415	2642.0	3871.062271062271	1044.0	-2.4976076555023923	-10.650717703349281	5120.0	4776976.0	98.65252433815562	12.248803827751196	4452.0	
2874.0	13.369565217391305	1023.0	-6.75	-0.32608695652173914	2283.0	-44.0	0.06596701649175413	-0.2788605697151424	256.0	7753.90625	-0.383808095952024	-186.0	32.85287178552244	33949.0	-319.7256097560976	10487.0	6930342.0	211497.25341796875	-197.0	-104.45121951219514	3426.0	6.00609756097561	2639.0	3866.6666666666665	1124.0	-2.688995215311005	-10.4688995215311	5264.0	4776976.0	98.65252433815562	12.593301435406698	4376.0	
2866.0	13.282608695652174	1031.0	-6.663043478260869	-0.2826086956521739	2279.0	-44.0	0.06596701649175413	-0.272863568215892	276.0	7763.671875	-0.41379310344827586	-182.0	32.85287178552244	33949.0	-322.50000000000006	10578.0	6930662.0	211507.01904296875	-95.0	-111.4329268292683	3655.0	2.8963414634146343	2649.0	3881.3186813186812	1092.0	-2.61244019138756	-10.267942583732056	5208.0	4776976.0	98.65252433815562	12.459330143540669	4292.0	
2849.0	12.684782608695652	1086.0	-6.478260869565217	-0.5	2299.0	-45.0	0.06746626686656672	-0.280359820089955	289.0	7773.4375	-0.4332833583208396	-187.0	32.85287178552244	33949.0	-326.0365853658537	10694.0	6930982.0	211516.78466796875	-35.0	-116.52439024390245	3822.0	1.0670731707317074	2639.0	3866.6666666666665	1200.0	-2.8708133971291865	-10.047846889952153	4948.0	4776976.0	98.65252433815562	11.837320574162678	4200.0	
2822.0	12.271739130434783	1124.0	-6.184782608695652	-0.6847826086956521	2316.0	-42.0	0.06296851574212893	-0.2788605697151424	306.0	7783.203125	-0.4587706146926537	-186.0	32.85287178552244	33949.0	-334.20731707317077	10962.0	6931302.0	211526.55029296875	153.0	-121.00609756097562	3969.0	-4.664634146341464	2627.0	3849.084249084249	1248.0	-2.985645933014354	-9.789473684210526	4752.0	4777328.0	98.64894353306062	11.368421052631579	4092.0	
2774.0	12.054347826086957	1144.0	-5.663043478260869	-0.8369565217391304	2330.0	-36.0	0.05397301349325337	-0.2848575712143928	327.0	7792.96875	-0.49025487256371814	-190.0	32.85287178552244	33949.0	-340.1829268292683	11158.0	6931622.0	211536.31591796875	661.0	-124.35975609756099	4079.0	-20.152439024390247	2636.0	3862.2710622710624	1340.0	-3.2057416267942584	-9.253588516746412	4676.0	4777328.0	98.64894353306062	11.186602870813397	3868.0	
2738.0	11.956521739130434	1153.0	-5.271739130434782	-0.6956521739130435	2317.0	-39.0	0.05847076461769115	-0.28785607196401797	349.0	7802.734375	-0.5232383808095952	-192.0	32.85287178552244	33949.0	-341.219512195122	11192.0	6931942.0	211546.08154296875	1242.0	-128.20121951219514	4205.0	-37.86585365853659	2624.0	3844.6886446886447	1236.0	-2.956937799043062	-8.593301435406698	4600.0	4777328.0	98.64894353306062	11.004784688995215	3592.0	
2674.0	11.945652173913043	1154.0	-4.576086956521739	-0.717391304347826	2319.0	-45.0	0.06746626686656672	-0.2773613193403298	362.0	7812.5	-0.5427286356821589	-185.0	32.85287178552244	33949.0	-338.109756097561	11090.0	6932262.0	211555.84716796875	1731.0	-132.8048780487805	4356.0	-52.774390243902445	2640.0	3868.131868131868	1236.0	-2.956937799043062	-7.8181818181818175	4600.0	4777328.0	98.64894353306062	11.004784688995215	3268.0	
2620.0	12.304347826086957	1121.0	-3.9891304347826084	-0.5108695652173912	2300.0	-38.0	0.05697151424287856	-0.26686656671664166	392.0	7822.265625	-0.5877061469265367	-178.0	32.85287178552244	33949.0	-334.69512195121956	10978.0	6932582.0	211565.61279296875	2120.0	-139.75609756097563	4584.0	-64.63414634146342	2656.0	3891.5750915750914	1208.0	-2.889952153110048	-7.444976076555023	4676.0	4777328.0	98.64894353306062	11.186602870813397	3112.0	
2575.0	12.891304347826086	1067.0	-3.5	-0.6086956521739131	2309.0	-39.0	0.05847076461769115	-0.2698650674662669	407.0	7832.03125	-0.6101949025487257	-180.0	32.85287178552244	33949.0	-329.39024390243907	10804.0	6932902.0	211575.37841796875	2268.0	-147.7439024390244	4846.0	-69.14634146341464	2651.0	3884.2490842490843	1192.0	-2.851674641148325	-6.822966507177033	4952.0	4777232.0	98.64992011583007	11.84688995215311	2852.0	
2539.0	13.065217391304348	1051.0	-3.108695652173913	-0.4782608695652174	2297.0	-43.0	0.06446776611694152	-0.24737631184407796	430.0	7841.796875	-0.6446776611694153	-165.0	32.85287178552244	33949.0	-320.51829268292687	10513.0	6933222.0	211585.14404296875	2365.0	-153.26219512195124	5027.0	-72.10365853658537	2646.0	3876.923076923077	1200.0	-2.8708133971291865	-6.382775119617224	5116.0	4777232.0	98.64992011583007	12.239234449760765	2668.0	
2503.0	12.739130434782608	1081.0	-2.717391304347826	-0.4782608695652174	2297.0	-33.0	0.04947526236881559	-0.23088455772113942	443.0	7851.5625	-0.664167916041979	-154.0	32.85287178552244	33949.0	-310.88414634146346	10197.0	6933542.0	211594.90966796875	2140.0	-159.90853658536588	5245.0	-65.2439024390244	2652.0	3885.714285714286	1184.0	-2.832535885167464	-5.85645933014354	4992.0	4777232.0	98.64992011583007	11.942583732057416	2448.0	
2453.0	12.434782608695652	1109.0	-2.1739130434782608	-1.0978260869565217	2354.0	-38.0	0.05697151424287856	-0.22338830584707645	459.0	7861.328125	-0.6881559220389805	-149.0	32.85287178552244	33949.0	-306.4634146341464	10052.0	6933862.0	211604.67529296875	1902.0	-163.07926829268294	5349.0	-57.987804878048784	2645.0	3875.4578754578756	1372.0	-3.2822966507177034	-5.301435406698564	4848.0	4777232.0	98.64992011583007	11.598086124401913	2216.0	
2400.0	12.445652173913043	1108.0	-1.5978260869565217	-1.4239130434782608	2384.0	-35.0	0.05247376311844078	-0.20539730134932532	481.0	7871.09375	-0.7211394302848575	-137.0	32.85287178552244	33949.0	-306.5243902439025	10054.0	6934182.0	211614.44091796875	2166.0	-165.82317073170734	5439.0	-66.03658536585367	2653.0	3887.1794871794873	1564.0	-3.741626794258373	-4.688995215311005	4852.0	4777232.0	98.64992011583007	11.607655502392344	1960.0	
2364.0	12.119565217391305	1138.0	-1.2065217391304348	-1.0978260869565217	2354.0	-35.0	0.05247376311844078	-0.20389805097451275	492.0	7880.859375	-0.7376311844077961	-136.0	32.85287178552244	33949.0	-301.0975609756098	9876.0	6934502.0	211624.20654296875	2334.0	-171.09756097560978	5612.0	-71.15853658536587	2631.0	3854.945054945055	1448.0	-3.464114832535885	-4.1913875598086126	4740.0	4777648.0	98.64568825953641	11.339712918660286	1752.0	
2334.0	11.630434782608695	1183.0	-0.8804347826086957	-1.0869565217391304	2353.0	-34.0	0.050974512743628186	-0.1829085457271364	509.0	7890.625	-0.7631184407796102	-122.0	32.85287178552244	33949.0	-295.3353658536586	9687.0	6934822.0	211633.97216796875	2481.0	-177.8048780487805	5832.0	-75.64024390243902	2650.0	3882.7838827838827	1444.0	-3.4545454545454546	-3.7703349282296648	4476.0	4777648.0	98.64568825953641	10.708133971291865	1576.0	
2286.0	11.152173913043478	1227.0	-0.358695652173913	-1.0869565217391304	2353.0	-24.0	0.035982008995502246	-0.1664167916041979	516.0	7900.390625	-0.7736131934032984	-111.0	32.85287178552244	33949.0	-292.7439024390244	9602.0	6935142.0	211643.73779296875	2699.0	-183.44512195121953	6017.0	-82.28658536585367	2643.0	3872.5274725274726	1376.0	-3.291866028708134	-3.129186602870813	4252.0	4777648.0	98.64568825953641	10.17224880382775	1308.0	
2236.0	10.597826086956522	1278.0	0.18478260869565216	-0.5217391304347826	2301.0	-28.0	0.041979010494752625	-0.15292353823088456	534.0	7910.15625	-0.800599700149925	-102.0	32.85287178552244	33949.0	-289.2378048780488	9487.0	6935462.0	211653.50341796875	2891.0	-190.45731707317074	6247.0	-88.14024390243904	2636.0	3862.2710622710624	1184.0	-2.832535885167464	-2.488038277511962	4028.0	4777648.0	98.64568825953641	9.636363636363637	1040.0	
2166.0	10.315217391304348	1304.0	0.9456521739130435	-0.09782608695652173	2262.0	-23.0	0.034482758620689655	-0.12893553223388304	544.0	7919.921875	-0.815592203898051	-86.0	32.85287178552244	33949.0	-279.7256097560976	9175.0	6935782.0	211663.26904296875	2887.0	-196.34146341463418	6440.0	-88.01829268292684	2649.0	3881.3186813186812	940.0	-2.248803827751196	-1.588516746411483	3820.0	4777648.0	98.64568825953641	9.138755980861244	664.0	
2121.0	9.66304347826087	1364.0	1.434782608695652	0.45652173913043476	2211.0	-16.0	0.0239880059970015	-0.12143928035982009	553.0	7929.6875	-0.8290854572713643	-81.0	32.85287178552244	33949.0	-272.2256097560976	8929.0	6936102.0	211673.03466796875	2676.0	-204.2987804878049	6701.0	-81.58536585365854	2629.0	3852.0146520146523	736.0	-1.7607655502392343	-0.9760765550239234	3540.0	4777728.0	98.64487444172605	8.4688995215311	408.0	
2064.0	9.206521739130434	1406.0	2.0543478260869565	0.0	2253.0	-9.0	0.013493253373313342	-0.10494752623688156	552.0	7939.453125	-0.8275862068965517	-70.0	32.85287178552244	33949.0	-260.6707317073171	8550.0	6936422.0	211682.80029296875	2351.0	-211.03658536585368	6922.0	-71.67682926829269	2631.0	3854.945054945055	908.0	-2.172248803827751	-0.2679425837320574	3336.0	4777728.0	98.64487444172605	7.980861244019138	112.0	
2020.0	8.92391304347826	1432.0	2.532608695652174	-0.07608695652173914	2260.0	0.0	0.0	-0.08245877061469264	569.0	7949.21875	-0.8530734632683658	-55.0	32.85287178552244	33949.0	-251.31097560975613	8243.0	6936742.0	211692.56591796875	2271.0	-211.00609756097563	6921.0	-69.23780487804879	2647.0	3878.388278388278	972.0	-2.325358851674641	0.19138755980861244	3244.0	4777728.0	98.64487444172605	7.760765550239234	-80.0	
1997.0	8.717391304347826	1451.0	2.782608695652174	-0.19565217391304346	2271.0	8.0	-0.01199400299850075	-0.05847076461769115	570.0	7958.984375	-0.8545727136431783	-39.0	32.85287178552244	33949.0	-244.69512195121953	8026.0	6937062.0	211702.33154296875	2293.0	-211.6768292682927	6943.0	-69.90853658536587	2628.0	3850.5494505494507	976.0	-2.3349282296650715	0.6028708133971291	3132.0	4777728.0	98.64487444172605	7.492822966507177	-252.0	
1967.0	8.119565217391305	1506.0	3.108695652173913	-0.07608695652173914	2260.0	18.0	-0.026986506746626684	-0.04947526236881559	577.0	7968.75	-0.8650674662668666	-33.0	32.85287178552244	33949.0	-236.95121951219514	7772.0	6937382.0	211712.09716796875	2385.0	-211.34146341463418	6932.0	-72.71341463414635	2641.0	3869.5970695970695	892.0	-2.1339712918660285	0.9186602870813396	2824.0	4777728.0	98.64487444172605	6.755980861244019	-384.0	
1954.0	7.217391304347826	1589.0	3.25	0.8695652173913043	2173.0	25.0	-0.037481259370314844	-0.037481259370314844	584.0	7978.515625	-0.8755622188905547	-25.0	32.85287178552244	33949.0	-229.14634146341464	7516.0	6937702.0	211721.86279296875	2625.0	-208.20121951219514	6829.0	-80.03048780487805	2630.0	3853.479853479854	632.0	-1.5119617224880382	1.0526315789473684	2616.0	4777712.0	98.64503720526986	6.258373205741626	-440.0	
1930.0	6.326086956521739	1671.0	3.510869565217391	1.2826086956521738	2135.0	34.0	-0.050974512743628186	-0.0074962518740629685	591.0	7988.28125	-0.8860569715142429	-5.0	32.85287178552244	33949.0	-222.01219512195124	7282.0	6938022.0	211731.62841796875	2897.0	-208.71951219512198	6846.0	-88.32317073170732	2624.0	3844.6886446886447	340.0	-0.8133971291866028	1.3301435406698565	2168.0	4777712.0	98.64503720526986	5.186602870813397	-556.0	
1894.0	5.6521739130434785	1733.0	3.902173913043478	1.7826086956521738	2089.0	46.0	-0.06896551724137931	-0.0014992503748125937	594.0	7998.046875	-0.8905547226386806	-1.0	32.85287178552244	33949.0	-215.15243902439028	7057.0	6938342.0	211741.39404296875	3077.0	-205.64024390243904	6745.0	-93.81097560975611	2639.0	3866.6666666666665	136.0	-0.3253588516746411	1.770334928229665	1824.0	4777712.0	98.64503720526986	4.363636363636363	-740.0	
1860.0	5.315217391304348	1764.0	4.271739130434782	2.141304347826087	2056.0	54.0	-0.08095952023988005	0.019490254872563718	594.0	8007.8125	-0.8905547226386806	13.0	32.85287178552244	33949.0	-206.859756097561	6785.0	6938662.0	211751.15966796875	3256.0	-200.1829268292683	6566.0	-99.26829268292684	2636.0	3862.2710622710624	-72.0	0.17224880382775118	2.2200956937799043	1640.0	4777712.0	98.64503720526986	3.923444976076555	-928.0	
1823.0	5.532608695652174	1744.0	4.673913043478261	2.0652173913043477	2063.0	65.0	-0.09745127436281859	0.02848575712143928	600.0	8017.578125	-0.8995502248875562	19.0	32.85287178552244	33949.0	-195.609756097561	6416.0	6938982.0	211760.92529296875	3258.0	-195.09146341463418	6399.0	-99.32926829268294	2636.0	3862.2710622710624	-32.0	0.07655502392344497	2.6698564593301435	1676.0	4777712.0	98.64503720526986	4.009569377990431	-1116.0	
1810.0	5.913043478260869	1709.0	4.815217391304348	3.141304347826087	1964.0	67.0	-0.10044977511244378	0.037481259370314844	598.0	8027.34375	-0.896551724137931	25.0	32.85287178552244	33949.0	-181.46341463414635	5952.0	6939302.0	211770.69091796875	3104.0	-191.4939024390244	6281.0	-94.63414634146342	2641.0	3869.5970695970695	-440.0	1.0526315789473684	2.956937799043062	1844.0	4777936.0	98.64275851648735	4.411483253588517	-1236.0	
1803.0	5.967391304347826	1704.0	4.891304347826087	3.5543478260869565	1926.0	77.0	-0.11544227886056971	0.05547226386806597	601.0	8037.109375	-0.9010494752623688	37.0	32.85287178552244	33949.0	-167.28658536585368	5487.0	6939622.0	211780.45654296875	2638.0	-194.45121951219514	6378.0	-80.42682926829269	2635.0	3860.805860805861	-692.0	1.6555023923444976	3.014354066985646	1908.0	4777936.0	98.64275851648735	4.564593301435407	-1260.0	
1807.0	5.728260869565217	1726.0	4.8478260869565215	3.869565217391304	1897.0	85.0	-0.12743628185907047	0.06896551724137931	603.0	8046.875	-0.9040479760119939	46.0	32.85287178552244	33949.0	-153.65853658536588	5040.0	6939942.0	211790.22216796875	1995.0	-192.6829268292683	6320.0	-60.82317073170732	2646.0	3876.923076923077	-856.0	2.047846889952153	2.976076555023923	1828.0	4777936.0	98.64275851648735	4.373205741626794	-1244.0	
1817.0	5.282608695652174	1767.0	4.739130434782608	3.793478260869565	1904.0	95.0	-0.1424287856071964	0.06746626686656672	596.0	8056.640625	-0.8935532233883058	45.0	32.85287178552244	33949.0	-141.70731707317074	4648.0	6940262.0	211799.98779296875	1421.0	-180.1219512195122	5908.0	-43.32317073170732	2634.0	3859.3406593406594	-848.0	2.028708133971292	2.803827751196172	1628.0	4777936.0	98.64275851648735	3.894736842105263	-1172.0	
1825.0	4.532608695652174	1836.0	4.6521739130434785	4.0978260869565215	1876.0	99.0	-0.14842578710644677	0.07946026986506746	595.0	8066.40625	-0.8920539730134932	53.0	32.85287178552244	33949.0	-131.82926829268294	4324.0	6940582.0	211809.75341796875	1011.0	-158.84146341463415	5210.0	-30.82317073170732	2638.0	3865.2014652014655	-1032.0	2.4688995215311005	2.803827751196172	1280.0	4777936.0	98.64275851648735	3.062200956937799	-1172.0	
1814.0	3.9891304347826084	1886.0	4.771739130434782	4.076086956521739	1878.0	113.0	-0.16941529235382308	0.095952023988006	600.0	8076.171875	-0.8995502248875562	64.0	32.85287178552244	33949.0	-123.32317073170732	4045.0	6940902.0	211819.51904296875	728.0	-140.03048780487805	4593.0	-22.195121951219516	2651.0	3884.2490842490843	-1020.0	2.4401913875598087	2.937799043062201	960.0	4777776.0	98.64438615114939	2.2966507177033493	-1228.0	
1786.0	3.5543478260869565	1926.0	5.076086956521739	4.108695652173913	1875.0	121.0	-0.18140929535232383	0.11094452773613193	594.0	8085.9375	-0.8905547226386806	74.0	32.85287178552244	33949.0	-114.90853658536587	3769.0	6941222.0	211829.28466796875	771.0	-125.21341463414635	4107.0	-23.50609756097561	2646.0	3876.923076923077	-1000.0	2.3923444976076556	3.3014354066985643	796.0	4777776.0	98.64438615114939	1.9043062200956937	-1380.0	
1750.0	3.2065217391304346	1958.0	5.467391304347826	4.293478260869565	1858.0	129.0	-0.1934032983508246	0.11244377811094453	587.0	8095.703125	-0.8800599700149925	75.0	32.85287178552244	33949.0	-105.09146341463416	3447.0	6941542.0	211839.05029296875	927.0	-111.46341463414635	3656.0	-28.262195121951223	2646.0	3876.923076923077	-1076.0	2.574162679425837	3.751196172248804	656.0	4777776.0	98.64438615114939	1.569377990430622	-1568.0	
1727.0	3.0978260869565215	1968.0	5.717391304347826	4.304347826086956	1857.0	129.0	-0.1934032983508246	0.1199400299850075	585.0	8105.46875	-0.8770614692653673	80.0	32.85287178552244	33949.0	-93.75000000000001	3075.0	6941862.0	211848.81591796875	1137.0	-99.60365853658537	3267.0	-34.66463414634147	2650.0	3882.7838827838827	-1092.0	2.61244019138756	4.047846889952153	600.0	4777776.0	98.64438615114939	1.4354066985645932	-1692.0	
1710.0	3.1739130434782608	1961.0	5.9021739130434785	4.3478260869565215	1853.0	136.0	-0.20389805097451275	0.13043478260869565	584.0	8115.234375	-0.8755622188905547	87.0	32.85287178552244	33949.0	-83.56707317073172	2741.0	6942182.0	211858.58154296875	1434.0	-89.17682926829269	2925.0	-43.71951219512196	2640.0	3868.131868131868	-1124.0	2.688995215311005	4.354066985645932	640.0	4777776.0	98.64438615114939	1.5311004784688995	-1820.0	
1683.0	3.1739130434782608	1961.0	6.195652173913043	4.771739130434782	1814.0	134.0	-0.20089955022488756	0.12593703148425786	587.0	8125.0	-0.8800599700149925	84.0	32.85287178552244	33949.0	-75.21341463414635	2467.0	6942502.0	211868.34716796875	1598.0	-76.95121951219512	2524.0	-48.71951219512196	2661.0	3898.901098901099	-1216.0	2.909090909090909	4.526315789473684	676.0	4777936.0	98.64275851648735	1.6172248803827751	-1892.0	
1663.0	3.358695652173913	1944.0	6.413043478260869	4.673913043478261	1823.0	146.0	-0.21889055472263869	0.136431784107946	573.0	8134.765625	-0.8590704647676162	91.0	32.85287178552244	33949.0	-66.4329268292683	2179.0	6942822.0	211878.11279296875	1706.0	-66.34146341463415	2176.0	-52.01219512195122	2658.0	3894.5054945054944	-1228.0	2.937799043062201	4.765550239234449	716.0	4777936.0	98.64275851648735	1.7129186602870812	-1992.0	
1645.0	3.5	1931.0	6.608695652173913	4.663043478260869	1824.0	145.0	-0.21739130434782608	0.1394302848575712	590.0	8144.53125	-0.8845577211394302	93.0	32.85287178552244	33949.0	-58.018292682926834	1903.0	6943142.0	211887.87841796875	1779.0	-54.75609756097561	1796.0	-54.237804878048784	2647.0	3878.388278388278	-1252.0	2.9952153110047846	4.976076555023924	768.0	4777936.0	98.64275851648735	1.8373205741626792	-2080.0	
1623.0	3.543478260869565	1927.0	6.8478260869565215	4.6521739130434785	1825.0	141.0	-0.21139430284857572	0.1409295352323838	587.0	8154.296875	-0.8800599700149925	94.0	32.85287178552244	33949.0	-52.5609756097561	1724.0	6943462.0	211897.64404296875	1767.0	-41.554878048780495	1363.0	-53.8719512195122	2642.0	3871.062271062271	-1232.0	2.9473684210526314	5.23444976076555	832.0	4777936.0	98.64275851648735	1.9904306220095693	-2188.0	
1589.0	3.3478260869565215	1945.0	7.217391304347826	4.641304347826087	1826.0	151.0	-0.22638680659670163	0.1454272863568216	578.0	8164.0625	-0.8665667166416792	97.0	32.85287178552244	33949.0	-49.48170731707317	1623.0	6943782.0	211907.40966796875	1682.0	-30.365853658536587	996.0	-51.28048780487806	2629.0	3852.0146520146523	-1252.0	2.9952153110047846	5.607655502392344	768.0	4777936.0	98.64275851648735	1.8373205741626792	-2344.0	
1553.0	3.1956521739130435	1959.0	7.608695652173913	4.717391304347826	1819.0	151.0	-0.22638680659670163	0.1454272863568216	583.0	8173.828125	-0.8740629685157421	97.0	32.85287178552244	33949.0	-46.951219512195124	1540.0	6944102.0	211917.17529296875	1559.0	-19.390243902439025	636.0	-47.53048780487806	2635.0	3860.805860805861	-1272.0	3.0430622009569377	6.086124401913875	712.0	4778096.0	98.6411308827384	1.7033492822966507	-2544.0	
1568.0	3.760869565217391	1907.0	7.445652173913043	4.673913043478261	1823.0	148.0	-0.22188905547226387	0.1454272863568216	584.0	8183.59375	-0.8755622188905547	97.0	32.85287178552244	33949.0	-35.09146341463415	1151.0	6944422.0	211926.94091796875	1627.0	-10.731707317073171	352.0	-49.60365853658537	2653.0	3887.1794871794873	-1224.0	2.92822966507177	5.827751196172248	880.0	4778096.0	98.6411308827384	2.1052631578947367	-2436.0	
1552.0	3.891304347826087	1895.0	7.619565217391304	4.043478260869565	1881.0	154.0	-0.23088455772113942	0.1454272863568216	585.0	8193.359375	-0.8770614692653673	97.0	32.85287178552244	33949.0	-18.414634146341466	604.0	6944742.0	211936.70654296875	1267.0	8.75	-287.0	-38.62804878048781	2648.0	3879.8534798534797	-968.0	2.3157894736842106	6.114832535885167	964.0	4778096.0	98.6411308827384	2.3062200956937797	-2556.0	
1516.0	3.4239130434782608	1938.0	8.01086956521739	4.641304347826087	1826.0	152.0	-0.22788605697151423	0.14692653673163417	580.0	8203.125	-0.8695652173913043	98.0	32.85287178552244	33949.0	-10.579268292682928	347.0	6945062.0	211946.47216796875	1203.0	30.792682926829272	-1010.0	-36.676829268292686	2642.0	3871.062271062271	-1236.0	2.956937799043062	6.63157894736842	788.0	4778096.0	98.6411308827384	1.8851674641148324	-2772.0	
1495.0	2.9891304347826084	1978.0	8.23913043478261	4.706521739130435	1820.0	144.0	-0.21589205397301348	0.15142428785607195	579.0	8212.890625	-0.8680659670164917	101.0	32.85287178552244	33949.0	-4.75609756097561	156.0	6945382.0	211956.23779296875	1650.0	41.79878048780488	-1371.0	-50.304878048780495	2647.0	3878.388278388278	-1272.0	3.0430622009569377	6.803827751196172	540.0	4778096.0	98.6411308827384	1.2918660287081338	-2844.0	
1465.0	2.8478260869565215	1991.0	8.565217391304348	4.684782608695652	1822.0	146.0	-0.21889055472263869	0.1394302848575712	581.0	8222.65625	-0.8710644677661169	93.0	32.85287178552244	33949.0	-3.1707317073170733	104.0	6945702.0	211966.00341796875	1675.0	53.26219512195122	-1747.0	-51.06707317073171	2639.0	3866.6666666666665	-1272.0	3.0430622009569377	7.253588516746412	528.0	4778208.0	98.63999153965739	1.263157894736842	-3032.0	
1410.0	3.3369565217391304	1946.0	9.16304347826087	4.391304347826087	1849.0	139.0	-0.2083958020989505	0.13343328335832083	585.0	8232.421875	-0.8770614692653673	89.0	32.85287178552244	33949.0	-0.5182926829268293	17.0	6946022.0	211975.76904296875	1733.0	63.32317073170732	-2077.0	-52.835365853658544	2657.0	3893.040293040293	-1100.0	2.631578947368421	7.9425837320574155	744.0	4778208.0	98.63999153965739	1.7799043062200957	-3320.0	
1351.0	4.076086956521739	1878.0	9.804347826086957	3.9782608695652173	1887.0	140.0	-0.2098950524737631	0.13493253373313344	593.0	8242.1875	-0.889055472263868	90.0	32.85287178552244	33949.0	8.201219512195122	-269.0	6946342.0	211985.53466796875	1664.0	60.243902439024396	-1976.0	-50.73170731707317	2647.0	3878.388278388278	-872.0	2.0861244019138754	8.669856459330143	1104.0	4778208.0	98.63999153965739	2.6411483253588517	-3624.0	
1290.0	4.891304347826087	1803.0	10.467391304347826	3.3804347826086953	1942.0	128.0	-0.191904047976012	0.13493253373313344	589.0	8251.953125	-0.8830584707646176	90.0	32.85287178552244	33949.0	13.353658536585368	-438.0	6946662.0	211995.30029296875	1183.0	54.42073170731708	-1785.0	-36.06707317073171	2633.0	3857.875457875458	-580.0	1.38755980861244	9.4066985645933	1496.0	4778208.0	98.63999153965739	3.5789473684210527	-3932.0	
1269.0	5.554347826086956	1742.0	10.695652173913043	2.8043478260869565	1995.0	130.0	-0.19490254872563717	0.13043478260869565	593.0	8261.71875	-0.889055472263868	87.0	32.85287178552244	33949.0	19.512195121951223	-640.0	6946982.0	212005.06591796875	641.0	44.451219512195124	-1458.0	-19.54268292682927	2643.0	3872.5274725274726	-300.0	0.7177033492822966	9.674641148325358	1796.0	4778208.0	98.63999153965739	4.296650717703349	-4044.0	
1270.0	5.804347826086956	1719.0	10.684782608695652	2.369565217391304	2035.0	133.0	-0.19940029985007496	0.12893553223388304	591.0	8271.484375	-0.8860569715142429	86.0	32.85287178552244	33949.0	21.3109756097561	-699.0	6947302.0	212014.83154296875	235.0	36.707317073170735	-1204.0	-7.164634146341464	2636.0	3862.2710622710624	-144.0	0.34449760765550236	9.68421052631579	1896.0	4778016.0	98.64194469949874	4.535885167464115	-4048.0	
1260.0	5.75	1724.0	10.793478260869565	2.25	2046.0	125.0	-0.1874062968515742	0.12893553223388304	597.0	8281.25	-0.8950524737631184	86.0	32.85287178552244	33949.0	15.487804878048783	-508.0	6947622.0	212024.59716796875	142.0	34.72560975609756	-1139.0	-4.329268292682928	2633.0	3857.875457875458	-136.0	0.3253588516746411	9.770334928229664	1896.0	4778016.0	98.64194469949874	4.535885167464115	-4084.0	
1267.0	5.423913043478261	1754.0	10.717391304347826	2.3152173913043477	2040.0	122.0	-0.1829085457271364	0.12143928035982009	589.0	8291.015625	-0.8830584707646176	81.0	32.85287178552244	33949.0	3.1402439024390247	-103.0	6947942.0	212034.36279296875	267.0	32.5609756097561	-1068.0	-8.140243902439025	2641.0	3869.5970695970695	-140.0	0.33492822966507174	9.665071770334928	1780.0	4778016.0	98.64194469949874	4.258373205741627	-4040.0	
1281.0	5.271739130434782	1768.0	10.565217391304348	2.543478260869565	2019.0	126.0	-0.1889055472263868	0.1184407796101949	591.0	8300.78125	-0.8860569715142429	79.0	32.85287178552244	33949.0	-4.969512195121951	163.0	6948262.0	212044.12841796875	355.0	29.29878048780488	-961.0	-10.823170731707318	2644.0	3873.992673992674	-216.0	0.5167464114832536	9.502392344497608	1672.0	4778016.0	98.64194469949874	4.0	-3972.0	
1325.0	5.130434782608695	1781.0	10.08695652173913	2.8043478260869565	1995.0	122.0	-0.1829085457271364	0.12143928035982009	595.0	8310.546875	-0.8920539730134932	81.0	32.85287178552244	33949.0	-0.853658536585366	28.0	6948582.0	212053.89404296875	242.0	20.79268292682927	-682.0	-7.378048780487806	2644.0	3873.992673992674	-324.0	0.7751196172248803	9.052631578947368	1588.0	4778016.0	98.64194469949874	3.799043062200957	-3784.0	
1374.0	5.271739130434782	1768.0	9.554347826086957	2.934782608695652	1983.0	122.0	-0.1829085457271364	0.12293853073463268	593.0	8320.3125	-0.889055472263868	82.0	32.85287178552244	33949.0	4.695121951219512	-154.0	6948902.0	212063.65966796875	157.0	20.396341463414636	-669.0	-4.786585365853659	2650.0	3882.7838827838827	-420.0	1.0047846889952152	8.440191387559809	1604.0	4778016.0	98.64194469949874	3.8373205741626792	-3528.0	
1405.0	5.260869565217392	1769.0	9.217391304347826	3.3152173913043477	1948.0	113.0	-0.16941529235382308	0.12743628185907047	592.0	8330.078125	-0.8875562218890555	85.0	32.85287178552244	33949.0	5.609756097560976	-184.0	6949222.0	212073.42529296875	82.0	26.920731707317074	-883.0	-2.5000000000000004	2642.0	3871.062271062271	-588.0	1.4066985645933014	7.961722488038277	1652.0	4778016.0	98.64194469949874	3.952153110047847	-3328.0	
1422.0	5.3478260869565215	1761.0	9.032608695652174	3.684782608695652	1914.0	117.0	-0.17541229385307347	0.12593703148425786	602.0	8339.84375	-0.9025487256371814	84.0	32.85287178552244	33949.0	7.835365853658537	-257.0	6949542.0	212083.19091796875	-143.0	31.12804878048781	-1021.0	4.359756097560976	2648.0	3879.8534798534797	-744.0	1.7799043062200957	7.779904306220096	1664.0	4778016.0	98.64194469949874	3.9808612440191387	-3252.0	
1431.0	5.206521739130435	1774.0	8.934782608695652	3.858695652173913	1898.0	124.0	-0.18590704647676162	0.12893553223388304	597.0	8349.609375	-0.8950524737631184	86.0	32.85287178552244	33949.0	13.01829268292683	-427.0	6949862.0	212092.95654296875	-418.0	32.07317073170732	-1052.0	12.743902439024392	2636.0	3862.2710622710624	-828.0	1.9808612440191387	7.655502392344498	1604.0	4778016.0	98.64194469949874	3.8373205741626792	-3200.0	
1461.0	5.0	1793.0	8.608695652173912	4.076086956521739	1878.0	120.0	-0.17991004497751123	0.1184407796101949	599.0	8359.375	-0.8980509745127436	79.0	32.85287178552244	33949.0	19.146341463414636	-628.0	6950182.0	212102.72216796875	-647.0	34.024390243902445	-1116.0	19.725609756097562	2650.0	3882.7838827838827	-932.0	2.229665071770335	7.330143540669856	1488.0	4778016.0	98.64194469949874	3.5598086124401913	-3064.0	
1499.0	4.804347826086956	1811.0	8.195652173913043	4.076086956521739	1878.0	116.0	-0.17391304347826086	0.13043478260869565	590.0	8369.140625	-0.8845577211394302	87.0	32.85287178552244	33949.0	25.945121951219516	-851.0	6950502.0	212112.48779296875	-817.0	37.713414634146346	-1237.0	24.908536585365855	2650.0	3882.7838827838827	-956.0	2.2870813397129184	6.77511961722488	1380.0	4777984.0	98.64227022626679	3.3014354066985643	-2832.0	
1552.0	4.521739130434782	1837.0	7.619565217391304	3.9565217391304346	1889.0	116.0	-0.17391304347826086	0.1199400299850075	598.0	8378.90625	-0.896551724137931	80.0	32.85287178552244	33949.0	32.6219512195122	-1070.0	6950822.0	212122.25341796875	-873.0	43.50609756097561	-1427.0	26.615853658536587	2634.0	3859.3406593406594	-924.0	2.2105263157894735	6.181818181818182	1276.0	4777984.0	98.64227022626679	3.052631578947368	-2584.0	
1592.0	4.326086956521739	1855.0	7.184782608695652	4.054347826086956	1880.0	113.0	-0.16941529235382308	0.1169415292353823	605.0	8388.671875	-0.9070464767616192	78.0	32.85287178552244	33949.0	40.09146341463415	-1315.0	6951142.0	212132.01904296875	-854.0	52.10365853658537	-1709.0	26.03658536585366	2657.0	3893.040293040293	-948.0	2.2679425837320575	5.607655502392344	1172.0	4777984.0	98.64227022626679	2.803827751196172	-2344.0	
1633.0	4.130434782608695	1873.0	6.739130434782608	3.8369565217391304	1900.0	101.0	-0.15142428785607195	0.11094452773613193	590.0	8398.4375	-0.8845577211394302	74.0	32.85287178552244	33949.0	48.8109756097561	-1601.0	6951462.0	212141.78466796875	-719.0	62.957317073170735	-2065.0	21.920731707317074	2627.0	3849.084249084249	-856.0	2.047846889952153	5.157894736842105	1076.0	4777984.0	98.64227022626679	2.574162679425837	-2156.0	
1652.0	3.9565217391304346	1889.0	6.532608695652174	3.8260869565217392	1901.0	105.0	-0.15742128935532235	0.11544227886056971	604.0	8408.203125	-0.9055472263868065	77.0	32.85287178552244	33949.0	56.585365853658544	-1856.0	6951782.0	212151.55029296875	-630.0	73.71951219512196	-2418.0	19.207317073170735	2647.0	3878.388278388278	-864.0	2.0669856459330145	4.842105263157895	1008.0	4777984.0	98.64227022626679	2.4114832535885165	-2024.0	
1678.0	3.858695652173913	1898.0	6.25	3.7391304347826084	1909.0	103.0	-0.15442278860569714	0.10344827586206896	606.0	8417.96875	-0.9085457271364318	69.0	32.85287178552244	33949.0	63.65853658536586	-2088.0	6952102.0	212161.31591796875	-455.0	86.95121951219512	-2852.0	13.871951219512196	2639.0	3866.6666666666665	-820.0	1.9617224880382775	4.574162679425837	964.0	4778160.0	98.64047982949447	2.3062200956937797	-1912.0	
1696.0	3.7717391304347827	1906.0	6.054347826086956	3.543478260869565	1927.0	96.0	-0.14392803598200898	0.10344827586206896	602.0	8427.734375	-0.9025487256371814	69.0	32.85287178552244	33949.0	70.70121951219512	-2319.0	6952422.0	212171.08154296875	-273.0	101.4329268292683	-3327.0	8.323170731707318	2639.0	3866.6666666666665	-788.0	1.8851674641148324	4.516746411483253	948.0	4778160.0	98.64047982949447	2.2679425837320575	-1888.0	
1699.0	3.7282608695652173	1910.0	6.021739130434782	3.467391304347826	1934.0	87.0	-0.13043478260869565	0.10194902548725637	603.0	8437.5	-0.9040479760119939	68.0	32.85287178552244	33949.0	77.89634146341464	-2555.0	6952742.0	212180.84716796875	-185.0	114.57317073170732	-3758.0	5.640243902439025	2653.0	3887.1794871794873	-704.0	1.6842105263157894	4.421052631578947	888.0	4778160.0	98.64047982949447	2.124401913875598	-1848.0	
1704.0	3.7065217391304346	1912.0	5.967391304347826	3.108695652173913	1967.0	87.0	-0.13043478260869565	0.08845577211394302	604.0	8447.265625	-0.9055472263868065	59.0	32.85287178552244	33949.0	86.82926829268294	-2848.0	6953062.0	212190.61279296875	-120.0	125.2439024390244	-4108.0	3.658536585365854	2656.0	3891.5750915750914	-564.0	1.3492822966507176	4.354066985645932	872.0	4778160.0	98.64047982949447	2.0861244019138754	-1820.0	
1713.0	3.782608695652174	1905.0	5.869565217391304	2.8152173913043477	1994.0	75.0	-0.11244377811094453	0.08395802098950525	612.0	8457.03125	-0.9175412293853074	56.0	32.85287178552244	33949.0	97.92682926829269	-3212.0	6953382.0	212200.37841796875	-169.0	136.21951219512195	-4468.0	5.152439024390245	2644.0	3873.992673992674	-424.0	1.014354066985646	4.239234449760765	888.0	4778160.0	98.64047982949447	2.124401913875598	-1772.0	
1730.0	3.869565217391304	1897.0	5.684782608695652	2.391304347826087	2033.0	75.0	-0.11244377811094453	0.08395802098950525	612.0	8466.796875	-0.9175412293853074	56.0	32.85287178552244	33949.0	110.12195121951221	-3612.0	6953702.0	212210.14404296875	-244.0	145.609756097561	-4776.0	7.439024390243903	2639.0	3866.6666666666665	-280.0	0.6698564593301435	4.038277511961723	916.0	4778096.0	98.6411308827384	2.1913875598086126	-1688.0	
1753.0	4.0	1885.0	5.434782608695652	1.9239130434782608	2076.0	66.0	-0.09895052473763118	0.07196401799100449	605.0	8476.5625	-0.9070464767616192	48.0	32.85287178552244	33949.0	124.87804878048782	-4096.0	6954022.0	212219.90966796875	-313.0	154.2987804878049	-5061.0	9.542682926829269	2648.0	3879.8534798534797	8.0	-0.019138755980861243	3.799043062200957	980.0	4778096.0	98.6411308827384	2.3444976076555024	-1588.0	
1792.0	4.043478260869565	1881.0	5.010869565217392	1.4565217391304348	2119.0	66.0	-0.09895052473763118	0.07196401799100449	605.0	8486.328125	-0.9070464767616192	48.0	32.85287178552244	33949.0	140.57926829268294	-4611.0	6954342.0	212229.67529296875	-431.0	165.70121951219514	-5435.0	13.140243902439025	2648.0	3879.8534798534797	172.0	-0.41148325358851673	3.2248803827751193	1044.0	4778096.0	98.6411308827384	2.4976076555023923	-1348.0	
1787.0	4.184782608695652	1868.0	5.065217391304348	0.8152173913043478	2178.0	54.0	-0.08095952023988005	0.05997001499250375	610.0	8496.09375	-0.9145427286356821	40.0	32.85287178552244	33949.0	151.12804878048783	-4957.0	6954662.0	212239.44091796875	-504.0	186.89024390243904	-6130.0	15.365853658536587	2652.0	3885.714285714286	444.0	-1.062200956937799	3.177033492822966	1080.0	4778096.0	98.6411308827384	2.5837320574162677	-1328.0	
1786.0	4.184782608695652	1868.0	5.076086956521739	0.7391304347826086	2185.0	48.0	-0.07196401799100449	0.047976011994003	606.0	8505.859375	-0.9085457271364318	32.0	32.85287178552244	33949.0	160.45731707317074	-5263.0	6954982.0	212249.20654296875	-492.0	205.82317073170734	-6751.0	15.000000000000002	2632.0	3856.4102564102564	504.0	-1.2057416267942582	3.186602870813397	1132.0	4778096.0	98.6411308827384	2.7081339712918657	-1332.0	
1784.0	4.369565217391305	1851.0	5.0978260869565215	0.8152173913043478	2178.0	28.0	-0.041979010494752625	0.029985007496251874	608.0	8515.625	-0.9115442278860569	20.0	32.85287178552244	33949.0	172.8048780487805	-5668.0	6955302.0	212258.97216796875	-431.0	216.7987804878049	-7111.0	13.140243902439025	2650.0	3882.7838827838827	496.0	-1.186602870813397	3.3205741626794256	1140.0	4778016.0	98.64194469949874	2.727272727272727	-1388.0	
1772.0	4.413043478260869	1847.0	5.228260869565217	0.45652173913043476	2211.0	22.0	-0.03298350824587706	0.025487256371814093	605.0	8525.390625	-0.9070464767616192	17.0	32.85287178552244	33949.0	187.0426829268293	-6135.0	6955622.0	212268.73779296875	-393.0	221.52439024390245	-7266.0	11.981707317073171	2648.0	3879.8534798534797	668.0	-1.5980861244019138	3.3588516746411483	1132.0	4778016.0	98.64194469949874	2.7081339712918657	-1404.0	
1776.0	4.467391304347826	1842.0	5.184782608695652	-0.010869565217391304	2254.0	8.0	-0.01199400299850075	0.004497751124437781	602.0	8535.15625	-0.9025487256371814	3.0	32.85287178552244	33949.0	200.85365853658539	-6588.0	6955942.0	212278.50341796875	-439.0	225.7926829268293	-7406.0	13.384146341463415	2637.0	3863.736263736264	872.0	-2.0861244019138754	3.3971291866028706	1196.0	4778016.0	98.64194469949874	2.861244019138756	-1420.0	
1770.0	4.663043478260869	1824.0	5.25	-0.14130434782608695	2266.0	-4.0	0.005997001499250375	-0.004497751124437781	604.0	8544.921875	-0.9055472263868065	-3.0	32.85287178552244	33949.0	212.9878048780488	-6986.0	6956262.0	212288.26904296875	-406.0	229.90853658536588	-7541.0	12.378048780487806	2654.0	3888.644688644689	956.0	-2.2870813397129184	3.3588516746411483	1300.0	4778016.0	98.64194469949874	3.110047846889952	-1404.0	
1789.0	4.956521739130435	1797.0	5.043478260869565	-0.45652173913043476	2295.0	-15.0	0.022488755622188904	-0.025487256371814093	594.0	8554.6875	-0.8905547226386806	-17.0	32.85287178552244	33949.0	223.53658536585368	-7332.0	6956582.0	212298.03466796875	-354.0	229.39024390243904	-7524.0	10.792682926829269	2626.0	3847.6190476190477	1104.0	-2.6411483253588517	3.177033492822966	1440.0	4778016.0	98.64194469949874	3.4449760765550237	-1328.0	
1810.0	5.3478260869565215	1761.0	4.815217391304348	-1.0217391304347825	2347.0	-29.0	0.043478260869565216	-0.041979010494752625	589.0	8564.453125	-0.8830584707646176	-28.0	32.85287178552244	33949.0	232.65243902439028	-7631.0	6956902.0	212307.80029296875	-302.0	222.34756097560978	-7293.0	9.207317073170733	2641.0	3869.5970695970695	1432.0	-3.4258373205741623	2.727272727272727	1652.0	4778224.0	98.63982877639664	3.952153110047847	-1140.0	
1857.0	5.956521739130435	1705.0	4.304347826086956	-2.010869565217391	2438.0	-40.0	0.05997001499250375	-0.05247376311844078	588.0	8574.21875	-0.881559220389805	-35.0	32.85287178552244	33949.0	241.7987804878049	-7931.0	6957222.0	212317.56591796875	-284.0	213.44512195121953	-7001.0	8.658536585365855	2648.0	3879.8534798534797	1896.0	-4.535885167464115	2.1435406698564594	1952.0	4778224.0	98.63982877639664	4.669856459330143	-896.0	
1903.0	6.717391304347826	1635.0	3.8043478260869565	-2.4782608695652173	2481.0	-49.0	0.07346326836581708	-0.07196401799100449	575.0	8583.984375	-0.8620689655172413	-48.0	32.85287178552244	33949.0	247.9878048780488	-8134.0	6957542.0	212327.33154296875	77.0	208.87195121951223	-6851.0	-2.347560975609756	2638.0	3865.2014652014655	1988.0	-4.755980861244019	1.875598086124402	2108.0	4778224.0	98.63982877639664	5.043062200956937	-784.0	
1947.0	7.521739130434782	1561.0	3.3260869565217392	-2.532608695652174	2486.0	-59.0	0.08845577211394302	-0.08845577211394302	561.0	8593.75	-0.841079460269865	-59.0	32.85287178552244	33949.0	250.4878048780488	-8216.0	6957862.0	212337.09716796875	366.0	211.12804878048783	-6925.0	-11.158536585365855	2629.0	3852.0146520146523	1984.0	-4.746411483253588	1.2822966507177034	2472.0	4778224.0	98.63982877639664	5.913875598086124	-536.0	
1989.0	7.923913043478261	1524.0	2.869565217391304	-2.467391304347826	2480.0	-68.0	0.10194902548725637	-0.10644677661169415	553.0	8603.515625	-0.8290854572713643	-71.0	32.85287178552244	33949.0	252.74390243902442	-8290.0	6958182.0	212346.86279296875	511.0	214.45121951219514	-7034.0	-15.579268292682928	2647.0	3878.388278388278	2008.0	-4.803827751196172	0.7464114832535885	2736.0	4778224.0	98.63982877639664	6.545454545454545	-312.0	
2031.0	8.108695652173912	1507.0	2.4130434782608696	-2.217391304347826	2457.0	-81.0	0.12143928035982009	-0.12293853073463268	548.0	8613.28125	-0.8215892053973013	-82.0	32.85287178552244	33949.0	257.8048780487805	-8456.0	6958502.0	212356.62841796875	527.0	218.84146341463418	-7178.0	-16.06707317073171	2649.0	3881.3186813186812	1884.0	-4.507177033492823	0.21052631578947367	2844.0	4777968.0	98.64243298966453	6.803827751196172	-88.0	
2052.0	8.402173913043478	1480.0	2.1847826086956523	-3.0978260869565215	2538.0	-86.0	0.12893553223388304	-0.1394302848575712	529.0	8623.046875	-0.793103448275862	-93.0	32.85287178552244	33949.0	263.0487804878049	-8628.0	6958822.0	212366.39404296875	205.0	216.6158536585366	-7105.0	-6.250000000000001	2638.0	3865.2014652014655	2180.0	-5.215311004784689	-0.17224880382775118	2952.0	4777968.0	98.64243298966453	7.062200956937799	72.0	
2080.0	9.108695652173912	1415.0	1.8804347826086956	-3.5543478260869565	2580.0	-93.0	0.1394302848575712	-0.15742128935532235	525.0	8632.8125	-0.7871064467766117	-105.0	32.85287178552244	33949.0	262.0426829268293	-8595.0	6959142.0	212376.15966796875	469.0	203.9939024390244	-6691.0	-14.29878048780488	2647.0	3878.388278388278	2620.0	-6.267942583732057	-0.4784688995215311	3268.0	4777968.0	98.64243298966453	7.8181818181818175	200.0	
2133.0	9.847826086956522	1347.0	1.3043478260869565	-2.684782608695652	2500.0	-109.0	0.1634182908545727	-0.16041979010494753	506.0	8642.578125	-0.7586206896551724	-107.0	32.85287178552244	33949.0	261.859756097561	-8589.0	6959462.0	212385.92529296875	632.0	203.2317073170732	-6666.0	-19.26829268292683	2648.0	3879.8534798534797	2160.0	-5.167464114832535	-1.138755980861244	3660.0	4777968.0	98.64243298966453	8.75598086124402	476.0	
2174.0	10.66304347826087	1272.0	0.858695652173913	-3.260869565217391	2553.0	-121.0	0.18140929535232383	-0.17991004497751123	489.0	8652.34375	-0.7331334332833583	-120.0	32.85287178552244	33949.0	263.719512195122	-8650.0	6959782.0	212395.69091796875	33.0	204.84756097560978	-6719.0	-1.0060975609756098	2645.0	3875.4578754578756	2308.0	-5.521531100478469	-1.7224880382775118	3992.0	4777968.0	98.64243298966453	9.55023923444976	720.0	
2192.0	11.391304347826086	1205.0	0.6630434782608695	-3.9782608695652173	2619.0	-120.0	0.17991004497751123	-0.19640179910044978	481.0	8662.109375	-0.7211394302848575	-131.0	32.85287178552244	33949.0	263.5365853658537	-8644.0	6960102.0	212405.45654296875	-262.0	196.12804878048783	-6433.0	7.987804878048781	2652.0	3885.714285714286	2740.0	-6.555023923444976	-1.9234449760765548	4324.0	4778096.0	98.6411308827384	10.344497607655502	804.0	
2233.0	12.33695652173913	1118.0	0.21739130434782608	-4.195652173913043	2639.0	-125.0	0.1874062968515742	-0.19490254872563717	471.0	8671.875	-0.7061469265367316	-130.0	32.85287178552244	33949.0	261.4329268292683	-8575.0	6960422.0	212415.22216796875	-411.0	186.5548780487805	-6119.0	12.53048780487805	2651.0	3884.2490842490843	2824.0	-6.755980861244019	-2.3827751196172247	4788.0	4778096.0	98.6411308827384	11.454545454545453	996.0	
2264.0	12.902173913043478	1066.0	-0.11956521739130435	-4.119565217391305	2632.0	-133.0	0.19940029985007496	-0.21889055472263869	450.0	8681.640625	-0.6746626686656672	-146.0	32.85287178552244	33949.0	259.7865853658537	-8521.0	6960742.0	212424.98779296875	-848.0	181.31097560975613	-5947.0	25.853658536585368	2648.0	3879.8534798534797	2768.0	-6.62200956937799	-2.8421052631578947	5056.0	4778096.0	98.6411308827384	12.095693779904305	1188.0	
2300.0	13.065217391304348	1051.0	-0.5108695652173912	-3.902173913043478	2612.0	-137.0	0.20539730134932532	-0.22338830584707645	431.0	8691.40625	-0.6461769115442278	-149.0	32.85287178552244	33949.0	263.26219512195127	-8635.0	6961062.0	212434.75341796875	-1544.0	176.7378048780488	-5797.0	47.07317073170732	2639.0	3866.6666666666665	2644.0	-6.325358851674641	-3.2344497607655502	5096.0	4778096.0	98.6411308827384	12.191387559808613	1352.0	
2312.0	12.989130434782608	1058.0	-0.6413043478260869	-3.8152173913043477	2604.0	-142.0	0.2128935532233883	-0.22038980509745126	413.0	8701.171875	-0.6191904047976011	-147.0	32.85287178552244	33949.0	268.6585365853659	-8812.0	6961382.0	212444.51904296875	-2201.0	163.9329268292683	-5377.0	67.10365853658537	2631.0	3854.945054945055	2648.0	-6.3349282296650715	-3.4354066985645932	5072.0	4778096.0	98.6411308827384	12.133971291866029	1436.0	
2326.0	13.119565217391305	1046.0	-0.7934782608695652	-3.402173913043478	2566.0	-143.0	0.2143928035982009	-0.2383808095952024	391.0	8710.9375	-0.5862068965517241	-159.0	32.85287178552244	33949.0	272.8658536585366	-8950.0	6961702.0	212454.28466796875	-2646.0	151.52439024390245	-4970.0	80.67073170731707	2643.0	3872.5274725274726	2456.0	-5.875598086124402	-3.617224880382775	5144.0	4778080.0	98.6412936460722	12.30622009569378	1512.0	
2339.0	13.434782608695652	1017.0	-0.9347826086956521	-3.141304347826087	2542.0	-135.0	0.20239880059970014	-0.24437781109445278	376.0	8720.703125	-0.5637181409295352	-163.0	32.85287178552244	33949.0	276.4939024390244	-9069.0	6962022.0	212464.05029296875	-3100.0	137.28658536585368	-4503.0	94.51219512195122	2646.0	3876.923076923077	2352.0	-5.626794258373206	-3.9043062200956937	5316.0	4778080.0	98.6412936460722	12.717703349282296	1632.0	
2369.0	13.543478260869565	1007.0	-1.2608695652173914	-2.967391304347826	2526.0	-139.0	0.2083958020989505	-0.25337331334332835	365.0	8730.46875	-0.5472263868065966	-169.0	32.85287178552244	33949.0	281.82926829268297	-9244.0	6962342.0	212473.81591796875	-3105.0	121.46341463414635	-3984.0	94.66463414634147	2644.0	3873.992673992674	2324.0	-5.559808612440191	-4.0669856459330145	5344.0	4778080.0	98.6412936460722	12.78468899521531	1700.0	
2395.0	13.184782608695652	1040.0	-1.5434782608695652	-4.391304347826087	2657.0	-135.0	0.20239880059970014	-0.25487256371814093	342.0	8740.234375	-0.512743628185907	-170.0	32.85287178552244	33949.0	291.6463414634147	-9566.0	6962662.0	212483.58154296875	-2932.0	105.64024390243904	-3465.0	89.39024390243904	2634.0	3859.3406593406594	2652.0	-6.344497607655502	-4.325358851674641	5188.0	4778080.0	98.6412936460722	12.411483253588516	1808.0	
2428.0	12.83695652173913	1072.0	-1.9021739130434783	-5.282608695652174	2739.0	-130.0	0.19490254872563717	-0.2623688155922039	323.0	8750.0	-0.48425787106446777	-175.0	32.85287178552244	33949.0	292.8048780487805	-9604.0	6962982.0	212493.34716796875	-3318.0	92.25609756097562	-3026.0	101.15853658536587	2646.0	3876.923076923077	3340.0	-7.990430622009569	-4.698564593301435	5040.0	4778080.0	98.6412936460722	12.057416267942584	1964.0	
2508.0	12.706521739130434	1084.0	-2.7717391304347827	-4.043478260869565	2625.0	-125.0	0.1874062968515742	-0.2623688155922039	305.0	8759.765625	-0.45727136431784104	-175.0	32.85287178552244	33949.0	283.50609756097566	-9299.0	6963302.0	212503.11279296875	-2679.0	81.09756097560977	-2660.0	81.67682926829269	2655.0	3890.10989010989	2932.0	-7.0143540669856455	-5.588516746411483	4968.0	4777888.0	98.64324680679009	11.885167464114833	2336.0	
2583.0	12.402173913043478	1112.0	-3.5869565217391304	-3.2717391304347827	2554.0	-123.0	0.18440779610194902	-0.2623688155922039	293.0	8769.53125	-0.43928035982008995	-175.0	32.85287178552244	33949.0	278.01829268292687	-9119.0	6963622.0	212512.87841796875	-1927.0	75.54878048780489	-2478.0	58.75000000000001	2633.0	3857.875457875458	2424.0	-5.7990430622009566	-6.602870813397129	4892.0	4777888.0	98.64324680679009	11.70334928229665	2760.0	
2615.0	11.42391304347826	1202.0	-3.934782608695652	-2.902173913043478	2520.0	-122.0	0.1829085457271364	-0.26686656671664166	268.0	8779.296875	-0.4017991004497751	-178.0	32.85287178552244	33949.0	284.1463414634147	-9320.0	6963942.0	212522.64404296875	-1878.0	77.22560975609757	-2533.0	57.25609756097562	2638.0	3865.2014652014655	2220.0	-5.311004784688995	-7.186602870813397	4456.0	4777888.0	98.64324680679009	10.660287081339712	3004.0	
2621.0	9.967391304347826	1336.0	-4.0	-2.1630434782608696	2452.0	-104.0	0.15592203898050974	-0.2623688155922039	255.0	8789.0625	-0.3823088455772114	-175.0	32.85287178552244	33949.0	287.19512195121956	-9420.0	6964262.0	212532.40966796875	-2042.0	81.4939024390244	-2673.0	62.25609756097562	2647.0	3878.388278388278	1944.0	-4.650717703349282	-7.167464114832535	3784.0	4777888.0	98.64324680679009	9.052631578947368	2996.0	
2652.0	8.771739130434783	1446.0	-4.33695652173913	-1.315217391304348	2374.0	-105.0	0.15742128935532235	-0.2623688155922039	228.0	8798.828125	-0.34182908545727136	-175.0	32.85287178552244	33949.0	282.1646341463415	-9255.0	6964582.0	212542.17529296875	-1993.0	78.10975609756099	-2562.0	60.76219512195122	2641.0	3869.5970695970695	1524.0	-3.6459330143540667	-7.444976076555023	3244.0	4777888.0	98.64324680679009	7.760765550239234	3112.0	
2732.0	7.869565217391304	1529.0	-5.206521739130435	-1.0543478260869565	2350.0	-113.0	0.16941529235382308	-0.2608695652173913	214.0	8808.59375	-0.32083958020989506	-174.0	32.85287178552244	33949.0	271.4329268292683	-8903.0	6964902.0	212551.94091796875	-1454.0	101.40243902439025	-3326.0	44.32926829268293	2655.0	3890.10989010989	1276.0	-3.052631578947368	-8.4688995215311	2796.0	4778256.0	98.6395032499025	6.688995215311005	3540.0	
2817.0	7.173913043478261	1593.0	-6.130434782608695	-0.8478260869565217	2331.0	-100.0	0.14992503748125938	-0.2518740629685157	195.0	8818.359375	-0.29235382308845576	-168.0	32.85287178552244	33949.0	263.1707317073171	-8632.0	6965222.0	212561.70654296875	-1544.0	115.70121951219514	-3795.0	47.07317073170732	2639.0	3866.6666666666665	1280.0	-3.062200956937799	-9.54066985645933	2452.0	4778256.0	98.6395032499025	5.866028708133971	3988.0	
2926.0	6.913043478260869	1617.0	-7.315217391304348	-0.40217391304347827	2290.0	-99.0	0.14842578710644677	-0.24587706146926536	181.0	8828.125	-0.27136431784107945	-164.0	32.85287178552244	33949.0	266.76829268292687	-8750.0	6965542.0	212571.47216796875	-1658.0	107.25609756097562	-3518.0	50.54878048780488	2641.0	3869.5970695970695	1124.0	-2.688995215311005	-10.822966507177034	2256.0	4778256.0	98.6395032499025	5.3971291866028706	4524.0	
3003.0	6.75	1632.0	-8.152173913043478	-0.7282608695652174	2320.0	-90.0	0.13493253373313344	-0.239880059970015	167.0	8837.890625	-0.25037481259370314	-160.0	32.85287178552244	33949.0	270.64024390243907	-8877.0	6965862.0	212581.23779296875	-1121.0	105.70121951219514	-3467.0	34.176829268292686	2637.0	3863.736263736264	1164.0	-2.784688995215311	-11.942583732057416	2204.0	4778256.0	98.6395032499025	5.2727272727272725	4992.0	
3073.0	6.630434782608695	1643.0	-8.91304347826087	-0.8152173913043478	2328.0	-86.0	0.12893553223388304	-0.22788605697151423	151.0	8847.65625	-0.22638680659670163	-152.0	32.85287178552244	33949.0	273.9329268292683	-8985.0	6966182.0	212591.00341796875	-589.0	105.45731707317074	-3459.0	17.957317073170735	2635.0	3860.805860805861	1276.0	-3.052631578947368	-12.708133971291865	2140.0	4778256.0	98.6395032499025	5.119617224880383	5312.0	
3115.0	6.739130434782608	1633.0	-9.369565217391305	-0.9130434782608695	2337.0	-83.0	0.12443778110944527	-0.21589205397301348	133.0	8857.421875	-0.19940029985007496	-144.0	32.85784292482422	33950.0	277.8353658536586	-9113.0	6966502.0	212600.76904296875	-52.0	104.51219512195122	-3428.0	1.5853658536585367	2655.0	3890.10989010989	1356.0	-3.2440191387559807	-13.435406698564593	2208.0	4778256.0	98.64034474249276	5.282296650717703	5616.0	
3186.0	7.195652173913043	1591.0	-10.141304347826086	-0.8695652173913043	2333.0	-81.0	0.12143928035982009	-0.20539730134932532	122.0	8867.1875	-0.1829085457271364	-137.0	32.85784292482422	33950.0	281.1585365853659	-9222.0	6966822.0	212610.53466796875	478.0	103.29268292682927	-3388.0	-14.573170731707318	2646.0	3876.923076923077	1340.0	-3.2057416267942584	-14.363636363636363	2432.0	4778256.0	98.64034474249276	5.818181818181818	6004.0	
3250.0	7.826086956521739	1533.0	-10.83695652173913	-0.8478260869565217	2331.0	-78.0	0.1169415292353823	-0.19490254872563717	107.0	8876.953125	-0.16041979010494753	-130.0	32.85784292482422	33950.0	286.76829268292687	-9406.0	6967142.0	212620.30029296875	861.0	100.00000000000001	-3280.0	-26.250000000000004	2651.0	3884.2490842490843	1332.0	-3.186602870813397	-14.813397129186603	2736.0	4778256.0	98.64034474249276	6.545454545454545	6192.0	
3331.0	8.402173913043478	1480.0	-11.717391304347826	-0.7826086956521738	2325.0	-79.0	0.1184407796101949	-0.17991004497751123	94.0	8886.71875	-0.1409295352323838	-120.0	32.85784292482422	33950.0	295.2439024390244	-9684.0	6967462.0	212630.06591796875	1248.0	96.34146341463415	-3160.0	-38.04878048780488	2649.0	3881.3186813186812	1348.0	-3.2248803827751193	-15.732057416267942	2860.0	4778256.0	98.64034474249276	6.842105263157895	6576.0	
3405.0	8.717391304347826	1451.0	-12.521739130434781	-0.7608695652173912	2323.0	-73.0	0.10944527736131934	-0.1619190404797601	84.0	8896.484375	-0.12593703148425786	-108.0	32.85784292482422	33950.0	299.63414634146346	-9828.0	6967782.0	212639.83154296875	1520.0	91.21951219512196	-2992.0	-46.34146341463415	2641.0	3869.5970695970695	1316.0	-3.1483253588516744	-16.60287081339713	3072.0	4778256.0	98.64034474249276	7.349282296650717	6940.0	
3433.0	8.880434782608695	1436.0	-12.826086956521738	-0.6086956521739131	2309.0	-76.0	0.11394302848575712	-0.1409295352323838	60.0	8906.25	-0.08995502248875561	-94.0	32.85784292482422	33950.0	299.359756097561	-9819.0	6968102.0	212649.59716796875	1603.0	84.51219512195122	-2772.0	-48.8719512195122	2648.0	3879.8534798534797	1296.0	-3.1004784688995213	-17.129186602870814	3156.0	4776640.0	98.65678400922516	7.55023923444976	7160.0	
3427.0	9.097826086956522	1416.0	-12.76086956521739	-0.2608695652173913	2277.0	-68.0	0.10194902548725637	-0.12443778110944527	44.0	8916.015625	-0.06596701649175413	-83.0	32.85784292482422	33950.0	294.20731707317077	-9650.0	6968422.0	212659.36279296875	1447.0	75.1829268292683	-2466.0	-44.11585365853659	2658.0	3894.5054945054944	1164.0	-2.784688995215311	-17.138755980861244	3260.0	4776640.0	98.65678400922516	7.7990430622009566	7164.0	
3400.0	9.478260869565217	1381.0	-12.467391304347826	0.16304347826086957	2238.0	-67.0	0.10044977511244378	-0.10044977511244378	29.0	8925.78125	-0.043478260869565216	-67.0	32.85784292482422	33950.0	285.1829268292683	-9354.0	6968742.0	212669.12841796875	1045.0	66.21951219512195	-2172.0	-31.85975609756098	2643.0	3872.5274725274726	992.0	-2.373205741626794	-16.851674641148325	3452.0	4776640.0	98.65678400922516	8.258373205741627	7044.0	
3353.0	10.021739130434783	1331.0	-11.956521739130434	0.7717391304347826	2182.0	-77.0	0.11544227886056971	-0.08545727136431784	22.0	8935.546875	-0.03298350824587706	-57.0	32.85784292482422	33950.0	273.26219512195127	-8963.0	6969062.0	212678.89404296875	412.0	53.59756097560976	-1758.0	-12.560975609756099	2634.0	3859.3406593406594	700.0	-1.6746411483253587	-16.239234449760765	3732.0	4776640.0	98.65678400922516	8.92822966507177	6788.0	
3286.0	10.380434782608695	1298.0	-11.228260869565217	1.2826086956521738	2135.0	-72.0	0.10794602698650674	-0.05847076461769115	12.0	8945.3125	-0.017991004497751123	-39.0	32.85784292482422	33950.0	258.38414634146346	-8475.0	6969382.0	212688.65966796875	-369.0	40.0609756097561	-1314.0	11.250000000000002	2641.0	3869.5970695970695	456.0	-1.0909090909090908	-15.435406698564593	3940.0	4776640.0	98.65678400922516	9.425837320574162	6452.0	
3203.0	10.293478260869565	1306.0	-10.326086956521738	1.7826086956521738	2089.0	-69.0	0.10344827586206896	-0.043478260869565216	-3.0	8955.078125	0.004497751124437781	-29.0	32.85784292482422	33950.0	240.30487804878052	-7882.0	6969702.0	212698.42529296875	-1341.0	27.042682926829272	-887.0	40.88414634146342	2648.0	3879.8534798534797	248.0	-0.5933014354066986	-14.497607655502392	3964.0	4777024.0	98.65287764037659	9.483253588516746	6060.0	
3124.0	10.01086956521739	1332.0	-9.467391304347826	1.891304347826087	2079.0	-63.0	0.0944527736131934	-0.026986506746626684	-4.0	8964.84375	0.005997001499250375	-18.0	32.85784292482422	33950.0	219.84756097560978	-7211.0	6970022.0	212708.19091796875	-2350.0	13.506097560975611	-443.0	71.64634146341464	2628.0	3850.5494505494507	128.0	-0.3062200956937799	-13.38755980861244	3816.0	4777024.0	98.65287764037659	9.129186602870814	5596.0	
3048.0	9.282608695652174	1399.0	-8.641304347826086	1.9456521739130435	2074.0	-58.0	0.08695652173913043	-0.005997001499250375	-26.0	8974.609375	0.038980509745127435	-4.0	32.85784292482422	33950.0	195.27439024390245	-6405.0	6970342.0	212717.95654296875	-3322.0	0.853658536585366	-28.0	101.28048780487806	2655.0	3890.10989010989	124.0	-0.2966507177033493	-12.488038277511961	3476.0	4777024.0	98.65287764037659	8.31578947368421	5220.0	
3005.0	8.391304347826086	1481.0	-8.17391304347826	1.8804347826086956	2080.0	-51.0	0.07646176911544228	0.0074962518740629685	-20.0	8984.375	0.029985007496251874	5.0	32.85784292482422	33950.0	168.62804878048783	-5531.0	6970662.0	212727.72216796875	-4159.0	-11.371951219512196	373.0	126.79878048780489	2651.0	3884.2490842490843	180.0	-0.43062200956937796	-11.760765550239235	3076.0	4777024.0	98.65287764037659	7.358851674641148	4916.0	
2962.0	7.554347826086956	1558.0	-7.706521739130435	1.826086956521739	2085.0	-52.0	0.07796101949025487	0.0239880059970015	-26.0	8994.140625	0.038980509745127435	16.0	32.85784292482422	33950.0	140.4878048780488	-4608.0	6970982.0	212737.48779296875	-4862.0	-23.871951219512198	783.0	148.2317073170732	2648.0	3879.8534798534797	180.0	-0.43062200956937796	-11.311004784688995	2672.0	4777024.0	98.65287764037659	6.392344497607655	4728.0	
2960.0	6.75	1632.0	-7.684782608695652	1.7282608695652173	2094.0	-51.0	0.07646176911544228	0.034482758620689655	-36.0	9003.90625	0.05397301349325337	23.0	32.85784292482422	33950.0	112.34756097560977	-3685.0	6971302.0	212747.25341796875	-5208.0	-33.68902439024391	1105.0	158.78048780487805	2637.0	3863.736263736264	180.0	-0.43062200956937796	-11.196172248803828	2292.0	4777552.0	98.64750639179736	5.483253588516746	4680.0	
2950.0	6.119565217391304	1690.0	-7.576086956521739	1.641304347826087	2102.0	-51.0	0.07646176911544228	0.03298350824587706	-33.0	9013.671875	0.04947526236881559	22.0	32.85784292482422	33950.0	86.28048780487806	-2830.0	6971622.0	212757.01904296875	-5337.0	-35.76219512195122	1173.0	162.71341463414635	2652.0	3885.714285714286	216.0	-0.5167464114832536	-11.196172248803828	2020.0	4777552.0	98.64750639179736	4.832535885167464	4680.0	
2955.0	5.608695652173913	1737.0	-7.630434782608695	1.684782608695652	2098.0	-46.0	0.06896551724137931	0.043478260869565216	-40.0	9023.4375	0.05997001499250375	29.0	32.85784292482422	33950.0	62.31707317073171	-2044.0	6971942.0	212766.78466796875	-5063.0	-34.96951219512196	1147.0	154.359756097561	2647.0	3878.388278388278	148.0	-0.354066985645933	-11.196172248803828	1768.0	4777552.0	98.64750639179736	4.229665071770334	4680.0	
2937.0	5.119565217391304	1782.0	-7.434782608695652	1.6630434782608696	2100.0	-50.0	0.07496251874062969	0.05247376311844078	-44.0	9033.203125	0.06596701649175413	35.0	32.85784292482422	33950.0	41.554878048780495	-1363.0	6972262.0	212776.55029296875	-4396.0	-30.365853658536587	996.0	134.02439024390245	2635.0	3860.805860805861	144.0	-0.34449760765550236	-11.062200956937799	1660.0	4777552.0	98.64750639179736	3.9712918660287078	4624.0	
2866.0	4.815217391304348	1810.0	-6.663043478260869	1.826086956521739	2085.0	-41.0	0.06146926536731634	0.06146926536731634	-41.0	9042.96875	0.06146926536731634	41.0	32.85784292482422	33950.0	25.57926829268293	-839.0	6972582.0	212786.31591796875	-3282.0	-25.33536585365854	831.0	100.06097560975611	2646.0	3876.923076923077	116.0	-0.27751196172248804	-10.421052631578947	1448.0	4777552.0	98.64750639179736	3.464114832535885	4356.0	
2846.0	4.380434782608695	1850.0	-6.445652173913043	1.75	2092.0	-41.0	0.06146926536731634	0.05997001499250375	-40.0	9052.734375	0.05997001499250375	40.0	32.85784292482422	33950.0	15.426829268292684	-506.0	6972902.0	212796.08154296875	-2113.0	-24.78658536585366	813.0	64.42073170731707	2642.0	3871.062271062271	92.0	-0.2200956937799043	-9.866028708133971	1280.0	4777440.0	98.64864574672569	3.062200956937799	4124.0	
2808.0	4.163043478260869	1870.0	-6.032608695652174	1.4782608695652173	2117.0	-44.0	0.06596701649175413	0.05697151424287856	-39.0	9062.5	0.05847076461769115	38.0	32.85784292482422	33950.0	6.920731707317074	-227.0	6973222.0	212805.84716796875	-717.0	-16.493902439024392	541.0	21.85975609756098	2643.0	3872.5274725274726	200.0	-0.4784688995215311	-9.157894736842104	1080.0	4777440.0	98.64864574672569	2.5837320574162677	3828.0	
2823.0	3.5652173913043477	1925.0	-6.195652173913043	1.5217391304347825	2113.0	-46.0	0.06896551724137931	0.05847076461769115	-49.0	9072.265625	0.07346326836581708	39.0	32.85784292482422	33950.0	-4.176829268292684	137.0	6973542.0	212815.61279296875	699.0	-7.713414634146342	253.0	-21.3109756097561	2662.0	3900.3663003663005	224.0	-0.5358851674641149	-9.511961722488039	876.0	4777440.0	98.64864574672569	2.0956937799043063	3976.0	
2838.0	3.217391304347826	1957.0	-6.358695652173913	1.184782608695652	2144.0	-44.0	0.06596701649175413	0.05397301349325337	-43.0	9082.03125	0.06446776611694152	36.0	32.85784292482422	33950.0	-15.060975609756099	494.0	6973862.0	212825.37841796875	2062.0	8.079268292682928	-265.0	-62.865853658536594	2638.0	3865.2014652014655	328.0	-0.784688995215311	-9.69377990430622	700.0	4777440.0	98.64864574672569	1.6746411483253587	4052.0	
2835.0	3.119565217391304	1966.0	-6.326086956521739	1.065217391304348	2155.0	-46.0	0.06896551724137931	0.06296851574212893	-49.0	9091.796875	0.07346326836581708	42.0	32.85784292482422	33950.0	-26.707317073170735	876.0	6974182.0	212835.14404296875	3198.0	25.33536585365854	-831.0	-97.50000000000001	2637.0	3863.736263736264	376.0	-0.8995215311004784	-9.626794258373206	624.0	4777440.0	98.64864574672569	1.492822966507177	4024.0	
2770.0	3.4239130434782608	1938.0	-5.619565217391304	1.0543478260869565	2156.0	-52.0	0.07796101949025487	0.05547226386806597	-45.0	9101.5625	0.06746626686656672	37.0	32.85784292482422	33950.0	-42.83536585365854	1405.0	6974502.0	212844.90966796875	4186.0	41.82926829268293	-1372.0	-127.62195121951221	2629.0	3852.0146520146523	372.0	-0.8899521531100478	-8.956937799043061	764.0	4777680.0	98.64620427242714	1.8277511961722488	3744.0	
2697.0	4.0978260869565215	1876.0	-4.826086956521739	1.141304347826087	2148.0	-47.0	0.0704647676161919	0.05547226386806597	-36.0	9111.328125	0.05397301349325337	37.0	32.85784292482422	33950.0	-52.46951219512196	1721.0	6974822.0	212854.67529296875	5080.0	53.07926829268293	-1741.0	-154.87804878048783	2640.0	3868.131868131868	380.0	-0.9090909090909091	-8.0	1064.0	4777680.0	98.64620427242714	2.5454545454545454	3344.0	
2652.0	4.706521739130435	1820.0	-4.33695652173913	1.2608695652173914	2137.0	-48.0	0.07196401799100449	0.04947526236881559	-39.0	9121.09375	0.05847076461769115	33.0	32.85784292482422	33950.0	-57.28658536585366	1879.0	6975142.0	212864.44091796875	5730.0	58.78048780487806	-1928.0	-174.69512195121953	2653.0	3887.1794871794873	316.0	-0.7559808612440191	-7.473684210526316	1320.0	4777680.0	98.64620427242714	3.1578947368421053	3124.0	
2648.0	5.0	1793.0	-4.293478260869565	1.2608695652173914	2137.0	-49.0	0.07346326836581708	0.05697151424287856	-37.0	9130.859375	0.05547226386806597	38.0	32.85784292482422	33950.0	-62.28658536585366	2043.0	6975462.0	212874.20654296875	6096.0	64.57317073170732	-2118.0	-185.85365853658539	2631.0	3854.945054945055	300.0	-0.7177033492822966	-7.37799043062201	1480.0	4777680.0	98.64620427242714	3.54066985645933	3084.0	
2664.0	5.3478260869565215	1761.0	-4.467391304347826	1.3695652173913042	2127.0	-49.0	0.07346326836581708	0.047976011994003	-38.0	9140.625	0.05697151424287856	32.0	32.85784292482422	33950.0	-68.50609756097562	2247.0	6975782.0	212883.97216796875	6217.0	71.89024390243902	-2358.0	-189.5426829268293	2659.0	3895.970695970696	308.0	-0.7368421052631579	-7.483253588516746	1644.0	4777680.0	98.64620427242714	3.9330143540669855	3128.0	
2663.0	5.869565217391304	1713.0	-4.456521739130435	1.5217391304347825	2113.0	-54.0	0.08095952023988005	0.038980509745127435	-34.0	9150.390625	0.050974512743628186	26.0	32.85784292482422	33950.0	-74.29878048780489	2437.0	6976102.0	212893.73779296875	6097.0	77.89634146341464	-2555.0	-185.88414634146343	2651.0	3884.2490842490843	208.0	-0.49760765550239233	-7.5311004784688995	1856.0	4777536.0	98.64766915675973	4.440191387559809	3148.0	
2670.0	6.33695652173913	1670.0	-4.532608695652174	1.6521739130434783	2101.0	-53.0	0.07946026986506746	0.038980509745127435	-42.0	9160.15625	0.06296851574212893	26.0	32.85784292482422	33950.0	-78.8109756097561	2585.0	6976422.0	212903.50341796875	5944.0	80.70121951219512	-2647.0	-181.21951219512198	2637.0	3863.736263736264	156.0	-0.37320574162679426	-7.511961722488038	2092.0	4777536.0	98.64766915675973	5.0047846889952154	3140.0	
2675.0	6.771739130434782	1630.0	-4.58695652173913	1.7826086956521738	2089.0	-57.0	0.08545727136431784	0.02848575712143928	-36.0	9169.921875	0.05397301349325337	19.0	32.85784292482422	33950.0	-82.04268292682927	2691.0	6976742.0	212913.26904296875	5729.0	82.04268292682927	-2691.0	-174.66463414634148	2657.0	3893.040293040293	136.0	-0.3253588516746411	-7.559808612440191	2260.0	4777536.0	98.64766915675973	5.4066985645933014	3160.0	
2679.0	6.978260869565217	1611.0	-4.630434782608695	1.7391304347826086	2093.0	-52.0	0.07796101949025487	0.019490254872563718	-29.0	9179.6875	0.043478260869565216	13.0	32.85784292482422	33950.0	-85.1219512195122	2792.0	6977062.0	212923.03466796875	5399.0	82.13414634146342	-2694.0	-164.60365853658539	2621.0	3840.2930402930406	108.0	-0.2583732057416268	-7.617224880382775	2320.0	4777536.0	98.64766915675973	5.55023923444976	3184.0	
2687.0	6.956521739130435	1613.0	-4.717391304347826	1.5326086956521738	2112.0	-51.0	0.07646176911544228	0.019490254872563718	-30.0	9189.453125	0.04497751124437781	13.0	32.85784292482422	33950.0	-91.52439024390245	3002.0	6977382.0	212932.80029296875	5318.0	84.32926829268294	-2766.0	-162.13414634146343	2638.0	3865.2014652014655	228.0	-0.5454545454545454	-7.779904306220096	2364.0	4777536.0	98.64766915675973	5.655502392344498	3252.0	
2703.0	6.891304347826087	1619.0	-4.891304347826087	1.7934782608695652	2088.0	-46.0	0.06896551724137931	0.0074962518740629685	-27.0	9199.21875	0.04047976011994003	5.0	32.85784292482422	33950.0	-100.91463414634147	3310.0	6977702.0	212942.56591796875	5286.0	82.98780487804879	-2722.0	-161.15853658536588	2636.0	3862.2710622710624	152.0	-0.36363636363636365	-8.057416267942584	2320.0	4777760.0	98.64539044811751	5.55023923444976	3368.0	
2724.0	7.08695652173913	1601.0	-5.119565217391304	2.0	2069.0	-56.0	0.08395802098950525	0.0029985007496251873	-25.0	9208.984375	0.037481259370314844	2.0	32.85784292482422	33950.0	-111.03658536585367	3642.0	6978022.0	212952.33154296875	5251.0	77.98780487804879	-2558.0	-160.09146341463415	2641.0	3869.5970695970695	56.0	-0.1339712918660287	-8.277511961722487	2388.0	4777760.0	98.64539044811751	5.712918660287081	3460.0	
2732.0	7.576086956521739	1556.0	-5.206521739130435	2.0869565217391304	2061.0	-56.0	0.08395802098950525	-0.008995502248875561	-21.0	9218.75	0.031484257871064465	-6.0	32.85784292482422	33950.0	-121.92073170731709	3999.0	6978342.0	212962.09716796875	5259.0	70.64024390243902	-2317.0	-160.33536585365854	2653.0	3887.1794871794873	36.0	-0.08612440191387559	-8.545454545454545	2596.0	4777760.0	98.64539044811751	6.2105263157894735	3572.0	
2786.0	8.206521739130434	1498.0	-5.793478260869565	2.0652173913043477	2063.0	-52.0	0.07796101949025487	-0.01649175412293853	-11.0	9228.515625	0.01649175412293853	-11.0	32.85784292482422	33950.0	-133.6890243902439	4385.0	6978662.0	212971.86279296875	5251.0	63.993902439024396	-2099.0	-160.09146341463415	2623.0	3843.223443223443	16.0	-0.03827751196172249	-9.014354066985646	2900.0	4777760.0	98.64539044811751	6.937799043062201	3768.0	
2835.0	8.73913043478261	1449.0	-6.326086956521739	2.1630434782608696	2054.0	-57.0	0.08545727136431784	-0.02848575712143928	-12.0	9238.28125	0.017991004497751123	-19.0	32.85784292482422	33950.0	-145.76219512195124	4781.0	6978982.0	212981.62841796875	5350.0	57.22560975609757	-1877.0	-163.109756097561	2640.0	3868.131868131868	-20.0	0.04784688995215311	-9.665071770334928	3180.0	4777760.0	98.64539044811751	7.607655502392344	4040.0	
2898.0	9.141304347826086	1412.0	-7.010869565217391	1.9891304347826086	2070.0	-58.0	0.08695652173913043	-0.041979010494752625	-4.0	9248.046875	0.005997001499250375	-28.0	32.85784292482422	33950.0	-157.25609756097563	5158.0	6979302.0	212991.39404296875	5355.0	49.51219512195122	-1624.0	-163.26219512195124	2645.0	3875.4578754578756	52.0	-0.12440191387559808	-10.363636363636363	3352.0	4778000.0	98.64294897655822	8.019138755980862	4332.0	
2934.0	9.445652173913043	1384.0	-7.4021739130434785	1.826086956521739	2085.0	-61.0	0.0914542728635682	-0.041979010494752625	2.0	9257.8125	-0.0029985007496251873	-28.0	32.85784292482422	33950.0	-171.859756097561	5637.0	6979622.0	213001.15966796875	5093.0	44.451219512195124	-1458.0	-155.27439024390245	2628.0	3850.5494505494507	132.0	-0.3157894736842105	-11.004784688995215	3520.0	4778000.0	98.64294897655822	8.421052631578947	4600.0	
2955.0	9.880434782608695	1344.0	-7.630434782608695	1.7717391304347825	2090.0	-68.0	0.10194902548725637	-0.06446776611694152	7.0	9267.578125	-0.010494752623688156	-43.0	32.85784292482422	33950.0	-187.53048780487808	6151.0	6979942.0	213010.92529296875	4842.0	38.26219512195122	-1255.0	-147.6219512195122	2643.0	3872.5274725274726	152.0	-0.36363636363636365	-11.272727272727272	3712.0	4778000.0	98.64294897655822	8.880382775119617	4712.0	
2969.0	10.369565217391305	1299.0	-7.782608695652174	1.858695652173913	2082.0	-70.0	0.10494752623688156	-0.07796101949025487	19.0	9277.34375	-0.02848575712143928	-52.0	32.85784292482422	33950.0	-200.21341463414635	6567.0	6980262.0	213020.69091796875	4533.0	31.463414634146343	-1032.0	-138.20121951219514	2650.0	3882.7838827838827	124.0	-0.2966507177033493	-11.464114832535884	3924.0	4778000.0	98.64294897655822	9.38755980861244	4792.0	
2986.0	10.91304347826087	1249.0	-7.967391304347826	1.8478260869565217	2083.0	-77.0	0.11544227886056971	-0.0944527736131934	19.0	9287.109375	-0.02848575712143928	-63.0	32.85784292482422	33950.0	-211.5548780487805	6939.0	6980582.0	213030.45654296875	4135.0	26.28048780487805	-862.0	-126.06707317073172	2624.0	3844.6886446886447	112.0	-0.2679425837320574	-11.655502392344497	4188.0	4778000.0	98.64294897655822	10.01913875598086	4872.0	
2986.0	11.42391304347826	1202.0	-7.967391304347826	2.25	2046.0	-80.0	0.1199400299850075	-0.10794602698650674	35.0	9296.875	-0.05247376311844078	-72.0	32.85784292482422	33950.0	-221.5548780487805	7267.0	6980902.0	213040.22216796875	3769.0	17.835365853658537	-585.0	-114.90853658536587	2641.0	3869.5970695970695	-28.0	0.06698564593301436	-11.770334928229664	4424.0	4777792.0	98.64506491845756	10.583732057416267	4920.0	
2994.0	11.565217391304348	1189.0	-8.054347826086957	2.4347826086956523	2029.0	-80.0	0.1199400299850075	-0.10794602698650674	35.0	9306.640625	-0.05247376311844078	-72.0	32.85784292482422	33950.0	-227.95731707317074	7477.0	6981222.0	213049.98779296875	3450.0	8.323170731707318	-273.0	-105.1829268292683	2653.0	3887.1794871794873	-84.0	0.20095693779904306	-11.751196172248804	4456.0	4777792.0	98.64506491845756	10.660287081339712	4912.0	
2992.0	11.565217391304348	1189.0	-8.032608695652174	2.391304347826087	2033.0	-86.0	0.12893553223388304	-0.10944527736131934	45.0	9316.40625	-0.06746626686656672	-73.0	32.85784292482422	33950.0	-233.96341463414637	7674.0	6981542.0	213059.75341796875	3007.0	-2.530487804878049	83.0	-91.67682926829269	2636.0	3862.2710622710624	-100.0	0.23923444976076555	-11.665071770334928	4464.0	4777792.0	98.64506491845756	10.679425837320574	4876.0	
2992.0	11.695652173913043	1177.0	-8.032608695652174	2.3152173913043477	2040.0	-86.0	0.12893553223388304	-0.10944527736131934	45.0	9326.171875	-0.06746626686656672	-73.0	32.85784292482422	33950.0	-242.40853658536588	7951.0	6981862.0	213069.51904296875	2663.0	-11.920731707317074	391.0	-81.18902439024392	2625.0	3846.153846153846	-56.0	0.1339712918660287	-11.770334928229664	4560.0	4777792.0	98.64506491845756	10.909090909090908	4920.0	
3007.0	11.880434782608695	1160.0	-8.195652173913043	2.282608695652174	2043.0	-87.0	0.13043478260869565	-0.14392803598200898	67.0	9335.9375	-0.10044977511244378	-96.0	32.85784292482422	33950.0	-249.81707317073173	8194.0	6982182.0	213079.28466796875	2389.0	-22.134146341463417	726.0	-72.83536585365854	2623.0	3843.223443223443	-52.0	0.12440191387559808	-11.808612440191387	4568.0	4777792.0	98.64506491845756	10.92822966507177	4936.0	
2999.0	11.956521739130434	1153.0	-8.108695652173912	2.1956521739130435	2051.0	-90.0	0.13493253373313344	-0.14992503748125938	73.0	9345.703125	-0.10944527736131934	-100.0	32.85784292482422	33950.0	-254.02439024390247	8332.0	6982502.0	213089.05029296875	2137.0	-33.44512195121951	1097.0	-65.15243902439025	2639.0	3866.6666666666665	-24.0	0.057416267942583726	-11.885167464114833	4620.0	4777824.0	98.64473938883415	11.052631578947368	4968.0	
2992.0	12.097826086956522	1140.0	-8.032608695652174	2.119565217391304	2058.0	-96.0	0.14392803598200898	-0.16941529235382308	88.0	9355.46875	-0.13193403298350825	-113.0	32.85784292482422	33950.0	-260.94512195121956	8559.0	6982822.0	213098.81591796875	1823.0	-44.90853658536586	1473.0	-55.57926829268293	2635.0	3860.805860805861	4.0	-0.009569377990430622	-11.84688995215311	4672.0	4777824.0	98.64473938883415	11.177033492822966	4952.0	
2999.0	12.293478260869565	1122.0	-8.108695652173912	2.1739130434782608	2053.0	-104.0	0.15592203898050974	-0.18140929535232383	103.0	9365.234375	-0.15442278860569714	-121.0	32.85784292482422	33950.0	-269.69512195121956	8846.0	6983142.0	213108.58154296875	1622.0	-56.40243902439025	1850.0	-49.451219512195124	2633.0	3857.875457875458	24.0	-0.057416267942583726	-11.885167464114833	4788.0	4777824.0	98.64473938883415	11.454545454545453	4968.0	
2982.0	12.402173913043478	1112.0	-7.923913043478261	2.0652173913043477	2063.0	-105.0	0.15742128935532235	-0.191904047976012	113.0	9375.0	-0.16941529235382308	-128.0	32.85784292482422	33950.0	-275.70121951219517	9043.0	6983462.0	213118.34716796875	1314.0	-66.98170731707317	2197.0	-40.0609756097561	2654.0	3888.644688644689	48.0	-0.11483253588516745	-11.885167464114833	4824.0	4777824.0	98.64473938883415	11.54066985645933	4968.0	
2979.0	12.565217391304348	1097.0	-7.891304347826087	1.9239130434782608	2076.0	-110.0	0.1649175412293853	-0.2098950524737631	128.0	9384.765625	-0.191904047976012	-140.0	32.85784292482422	33950.0	-283.109756097561	9286.0	6983782.0	213128.11279296875	1168.0	-76.46341463414635	2508.0	-35.60975609756098	2646.0	3876.923076923077	112.0	-0.2679425837320574	-11.70334928229665	4872.0	4777824.0	98.64473938883415	11.655502392344497	4892.0	
2949.0	12.83695652173913	1072.0	-7.565217391304348	1.8695652173913042	2081.0	-112.0	0.1679160419790105	-0.21739130434782608	139.0	9394.53125	-0.2083958020989505	-145.0	32.85784292482422	33950.0	-289.81707317073176	9506.0	6984102.0	213137.87841796875	986.0	-88.20121951219512	2893.0	-30.0609756097561	2641.0	3869.5970695970695	136.0	-0.3253588516746411	-11.339712918660286	5020.0	4777776.0	98.64522768328297	12.009569377990431	4740.0	
2933.0	13.043478260869565	1053.0	-7.391304347826087	1.5869565217391304	2107.0	-116.0	0.17391304347826086	-0.22038980509745126	166.0	9404.296875	-0.24887556221889054	-147.0	32.85784292482422	33950.0	-291.95121951219517	9576.0	6984422.0	213147.64404296875	581.0	-95.00000000000001	3116.0	-17.713414634146343	2639.0	3866.6666666666665	236.0	-0.5645933014354066	-11.138755980861244	5128.0	4777776.0	98.64522768328297	12.267942583732056	4656.0	
2911.0	13.065217391304348	1051.0	-7.1521739130434785	1.3695652173913042	2127.0	-118.0	0.17691154422788605	-0.2368815592203898	180.0	9414.0625	-0.2698650674662669	-158.0	32.85784292482422	33950.0	-293.6585365853659	9632.0	6984742.0	213157.40966796875	122.0	-99.81707317073172	3274.0	-3.7195121951219514	2634.0	3859.3406593406594	372.0	-0.8899521531100478	-10.822966507177034	5132.0	4777776.0	98.64522768328297	12.277511961722487	4524.0	
2891.0	12.989130434782608	1058.0	-6.934782608695652	1.4891304347826086	2116.0	-119.0	0.17841079460269865	-0.24137931034482757	195.0	9423.828125	-0.29235382308845576	-161.0	32.85784292482422	33950.0	-295.0609756097561	9678.0	6985062.0	213167.17529296875	-202.0	-105.42682926829269	3458.0	6.158536585365854	2639.0	3866.6666666666665	312.0	-0.7464114832535885	-10.535885167464114	5092.0	4777776.0	98.64522768328297	12.181818181818182	4404.0	
2857.0	12.782608695652174	1077.0	-6.565217391304348	1.5217391304347825	2113.0	-119.0	0.17841079460269865	-0.25037481259370314	218.0	9433.59375	-0.3268365817091454	-167.0	32.85784292482422	33950.0	-296.00609756097566	9709.0	6985382.0	213176.94091796875	-529.0	-111.64634146341464	3662.0	16.128048780487806	2631.0	3854.945054945055	284.0	-0.6794258373205742	-10.200956937799043	4980.0	4777776.0	98.64522768328297	11.913875598086124	4264.0	
2826.0	12.467391304347826	1106.0	-6.228260869565217	1.3804347826086956	2126.0	-119.0	0.17841079460269865	-0.2593703148425787	238.0	9443.359375	-0.3568215892053973	-173.0	32.85784292482422	33950.0	-296.5243902439025	9726.0	6985702.0	213186.70654296875	-862.0	-116.70731707317074	3828.0	26.28048780487805	2625.0	3846.153846153846	340.0	-0.8133971291866028	-9.71291866028708	4828.0	4778016.0	98.64278621186062	11.55023923444976	4060.0	
2773.0	12.26086956521739	1125.0	-5.6521739130434785	1.3695652173913042	2127.0	-121.0	0.18140929535232383	-0.25337331334332835	258.0	9453.125	-0.3868065967016492	-169.0	32.85784292482422	33950.0	-298.8719512195122	9803.0	6986022.0	213196.47216796875	-1077.0	-120.85365853658537	3964.0	32.83536585365854	2638.0	3865.2014652014655	364.0	-0.8708133971291866	-9.129186602870814	4740.0	4778016.0	98.64278621186062	11.339712918660286	3816.0	
2732.0	11.934782608695652	1155.0	-5.206521739130435	1.358695652173913	2128.0	-118.0	0.17691154422788605	-0.2593703148425787	271.0	9462.890625	-0.40629685157421286	-173.0	32.85784292482422	33950.0	-297.5914634146342	9761.0	6986342.0	213206.23779296875	-1213.0	-126.98170731707319	4165.0	36.98170731707317	2649.0	3881.3186813186812	420.0	-1.0047846889952152	-8.535885167464114	4568.0	4778016.0	98.64278621186062	10.92822966507177	3568.0	
2694.0	11.5	1195.0	-4.793478260869565	0.9782608695652174	2163.0	-119.0	0.17841079460269865	-0.2578710644677661	296.0	9472.65625	-0.44377811094452774	-172.0	32.85784292482422	33950.0	-297.8048780487805	9768.0	6986662.0	213216.00341796875	-1307.0	-128.0487804878049	4200.0	39.84756097560976	2637.0	3863.736263736264	508.0	-1.215311004784689	-8.019138755980862	4380.0	4778016.0	98.64278621186062	10.47846889952153	3352.0	
2652.0	11.271739130434783	1216.0	-4.33695652173913	0.8478260869565217	2175.0	-118.0	0.17691154422788605	-0.27436281859070466	315.0	9482.421875	-0.472263868065967	-183.0	32.85784292482422	33950.0	-299.6036585365854	9827.0	6986982.0	213225.76904296875	-1147.0	-131.52439024390245	4314.0	34.96951219512196	2653.0	3887.1794871794873	576.0	-1.3779904306220094	-7.712918660287081	4308.0	4778016.0	98.64278621186062	10.30622009569378	3224.0	
2608.0	11.184782608695652	1224.0	-3.858695652173913	0.6413043478260869	2194.0	-107.0	0.16041979010494753	-0.272863568215892	331.0	9492.1875	-0.4962518740629685	-182.0	32.85784292482422	33950.0	-297.9268292682927	9772.0	6987302.0	213235.53466796875	-1060.0	-131.15853658536585	4302.0	32.31707317073171	2625.0	3846.153846153846	668.0	-1.5980861244019138	-7.110047846889952	4288.0	4778112.0	98.64180962386695	10.258373205741627	2972.0	
2548.0	10.967391304347826	1244.0	-3.2065217391304346	0.7065217391304348	2188.0	-102.0	0.15292353823088456	-0.26686656671664166	351.0	9501.953125	-0.5262368815592203	-178.0	32.85784292482422	33950.0	-291.859756097561	9573.0	6987622.0	213245.30029296875	-1121.0	-129.57317073170734	4250.0	34.176829268292686	2640.0	3868.131868131868	580.0	-1.38755980861244	-6.545454545454545	4188.0	4778112.0	98.64180962386695	10.01913875598086	2736.0	
2506.0	10.891304347826086	1251.0	-2.75	0.4782608695652174	2209.0	-105.0	0.15742128935532235	-0.2623688155922039	371.0	9511.71875	-0.5562218890554722	-175.0	32.85784292482422	33950.0	-289.1768292682927	9485.0	6987942.0	213255.06591796875	-1138.0	-123.90243902439026	4064.0	34.69512195121951	2633.0	3857.875457875458	716.0	-1.7129186602870812	-5.885167464114832	4088.0	4778112.0	98.64180962386695	9.779904306220095	2460.0	
2467.0	10.815217391304348	1258.0	-2.3260869565217392	1.0217391304347825	2159.0	-98.0	0.14692653673163417	-0.2608695652173913	382.0	9521.484375	-0.5727136431784108	-174.0	32.85784292482422	33950.0	-286.0365853658537	9382.0	6988262.0	213264.83154296875	-953.0	-123.62804878048782	4055.0	29.05487804878049	2638.0	3865.2014652014655	524.0	-1.2535885167464114	-5.37799043062201	4112.0	4778112.0	98.64180962386695	9.837320574162678	2248.0	
2418.0	10.5	1287.0	-1.7934782608695652	1.25	2138.0	-92.0	0.13793103448275862	-0.2593703148425787	400.0	9531.25	-0.5997001499250375	-173.0	32.85784292482422	33950.0	-279.20731707317077	9158.0	6988582.0	213274.59716796875	-931.0	-124.20731707317074	4074.0	28.384146341463417	2654.0	3888.644688644689	376.0	-0.8995215311004784	-4.899521531100478	3964.0	4778112.0	98.64180962386695	9.483253588516746	2048.0	
2394.0	10.130434782608695	1321.0	-1.5326086956521738	1.5652173913043477	2109.0	-86.0	0.12893553223388304	-0.24587706146926536	418.0	9541.015625	-0.6266866566716641	-164.0	32.85784292482422	33950.0	-274.4207317073171	9001.0	6988902.0	213284.36279296875	-920.0	-122.8048780487805	4028.0	28.04878048780488	2659.0	3895.970695970696	312.0	-0.7464114832535885	-4.497607655502392	3804.0	4778144.0	98.64148409460878	9.10047846889952	1880.0	
2331.0	10.021739130434783	1331.0	-0.8478260869565217	1.2826086956521738	2135.0	-86.0	0.12893553223388304	-0.2338830584707646	435.0	9550.78125	-0.6521739130434783	-156.0	32.85784292482422	33950.0	-269.2987804878049	8833.0	6989222.0	213294.12841796875	-683.0	-126.25000000000001	4141.0	20.823170731707318	2640.0	3868.131868131868	368.0	-0.8803827751196172	-3.712918660287081	3740.0	4778144.0	98.64148409460878	8.947368421052632	1552.0	
2269.0	9.869565217391305	1345.0	-0.17391304347826086	1.2717391304347825	2136.0	-84.0	0.12593703148425786	-0.2338830584707646	450.0	9560.546875	-0.6746626686656672	-156.0	32.85784292482422	33950.0	-264.1463414634147	8664.0	6989542.0	213303.89404296875	-272.0	-129.39024390243904	4244.0	8.292682926829269	2634.0	3859.3406593406594	340.0	-0.8133971291866028	-2.92822966507177	3660.0	4778144.0	98.64148409460878	8.75598086124402	1224.0	
2233.0	9.576086956521738	1372.0	0.21739130434782608	1.0543478260869565	2156.0	-76.0	0.11394302848575712	-0.2083958020989505	458.0	9570.3125	-0.6866566716641679	-139.0	32.85784292482422	33950.0	-256.95121951219517	8428.0	6989862.0	213313.65966796875	-109.0	-133.50609756097563	4379.0	3.3231707317073176	2641.0	3869.5970695970695	472.0	-1.1291866028708133	-2.3444976076555024	3524.0	4778144.0	98.64148409460878	8.430622009569378	980.0	
2208.0	9.48913043478261	1380.0	0.4891304347826087	0.6521739130434783	2193.0	-64.0	0.095952023988006	-0.20689655172413793	480.0	9580.078125	-0.7196401799100449	-138.0	32.85784292482422	33950.0	-254.359756097561	8343.0	6990182.0	213323.42529296875	95.0	-133.1707317073171	4368.0	-2.8963414634146343	2642.0	3871.062271062271	616.0	-1.4736842105263157	-2.1052631578947367	3500.0	4778144.0	98.64148409460878	8.373205741626794	880.0	
2193.0	9.521739130434783	1377.0	0.6521739130434783	0.5978260869565217	2198.0	-68.0	0.10194902548725637	-0.20089955022488756	494.0	9589.84375	-0.7406296851574212	-134.0	32.85784292482422	33950.0	-251.37195121951223	8245.0	6990502.0	213333.19091796875	258.0	-129.1158536585366	4235.0	-7.865853658536586	2630.0	3853.479853479854	600.0	-1.4354066985645932	-1.894736842105263	3480.0	4778032.0	98.64262344717218	8.325358851674642	792.0	
2163.0	9.304347826086957	1397.0	0.9782608695652174	1.0108695652173914	2160.0	-61.0	0.0914542728635682	-0.18590704647676162	506.0	9599.609375	-0.7586206896551724	-124.0	32.85784292482422	33950.0	-243.41463414634148	7984.0	6990822.0	213342.95654296875	330.0	-126.6158536585366	4153.0	-10.060975609756099	2625.0	3846.153846153846	412.0	-0.985645933014354	-1.444976076555024	3388.0	4778032.0	98.64262344717218	8.105263157894736	604.0	
2108.0	8.945652173913043	1430.0	1.576086956521739	1.3804347826086956	2126.0	-63.0	0.0944527736131934	-0.1664167916041979	515.0	9609.375	-0.7721139430284857	-111.0	32.85784292482422	33950.0	-236.31097560975613	7751.0	6991142.0	213352.72216796875	607.0	-125.12195121951221	4104.0	-18.50609756097561	2643.0	3872.5274725274726	300.0	-0.7177033492822966	-0.8133971291866028	3240.0	4778032.0	98.64262344717218	7.751196172248804	340.0	
2067.0	8.695652173913043	1453.0	2.0217391304347827	1.5	2115.0	-49.0	0.07346326836581708	-0.15742128935532235	521.0	9619.140625	-0.7811094452773613	-105.0	32.85784292482422	33950.0	-229.93902439024393	7542.0	6991462.0	213362.48779296875	972.0	-130.0	4264.0	-29.634146341463417	2653.0	3887.1794871794873	304.0	-0.7272727272727273	-0.2296650717703349	3132.0	4778032.0	98.64262344717218	7.492822966507177	96.0	
2016.0	8.48913043478261	1472.0	2.5760869565217392	1.4782608695652173	2117.0	-50.0	0.07496251874062969	-0.14692653673163417	530.0	9628.90625	-0.7946026986506747	-98.0	32.85784292482422	33950.0	-231.7987804878049	7603.0	6991782.0	213372.25341796875	1483.0	-134.14634146341464	4400.0	-45.213414634146346	2636.0	3862.2710622710624	256.0	-0.6124401913875598	0.4401913875598086	3052.0	4778032.0	98.64262344717218	7.301435406698564	-184.0	
1995.0	8.271739130434783	1492.0	2.8043478260869565	1.3695652173913042	2127.0	-47.0	0.0704647676161919	-0.1199400299850075	540.0	9638.671875	-0.8095952023988006	-80.0	32.85784292482422	33950.0	-224.69512195121953	7370.0	6992102.0	213382.01904296875	1517.0	-140.15243902439025	4597.0	-46.25000000000001	2657.0	3893.040293040293	348.0	-0.8325358851674641	0.6411483253588517	2960.0	4778160.0	98.64132132999337	7.08133971291866	-268.0	
2000.0	8.021739130434783	1515.0	2.75	1.2826086956521738	2135.0	-42.0	0.06296851574212893	-0.1199400299850075	554.0	9648.4375	-0.8305847076461769	-80.0	32.85784292482422	33950.0	-213.2926829268293	6996.0	6992422.0	213391.78466796875	1741.0	-142.6829268292683	4680.0	-53.07926829268293	2626.0	3847.6190476190477	332.0	-0.7942583732057416	0.5837320574162679	2872.0	4778160.0	98.64132132999337	6.8708133971291865	-244.0	
1979.0	7.532608695652174	1560.0	2.9782608695652173	1.1956521739130435	2143.0	-36.0	0.05397301349325337	-0.10194902548725637	559.0	9658.203125	-0.8380809595202399	-68.0	32.85784292482422	33950.0	-211.43292682926833	6935.0	6992742.0	213401.55029296875	2039.0	-140.39634146341464	4605.0	-62.16463414634147	2635.0	3860.805860805861	312.0	-0.7464114832535885	0.7177033492822966	2672.0	4778160.0	98.64132132999337	6.392344497607655	-300.0	
1942.0	7.25	1586.0	3.3804347826086953	1.108695652173913	2151.0	-35.0	0.05247376311844078	-0.08245877061469264	571.0	9667.96875	-0.856071964017991	-55.0	32.85784292482422	33950.0	-208.50609756097563	6839.0	6993062.0	213411.31591796875	2141.0	-135.88414634146343	4457.0	-65.27439024390245	2638.0	3865.2014652014655	408.0	-0.9760765550239234	1.1196172248803826	2488.0	4778160.0	98.64132132999337	5.952153110047846	-468.0	
1908.0	7.228260869565217	1588.0	3.75	1.4565217391304348	2119.0	-32.0	0.047976011994003	-0.0704647676161919	571.0	9677.734375	-0.856071964017991	-47.0	32.85784292482422	33950.0	-199.14634146341464	6532.0	6993382.0	213421.08154296875	2426.0	-135.33536585365854	4439.0	-73.96341463414635	2642.0	3871.062271062271	252.0	-0.6028708133971291	1.6555023923444976	2440.0	4778160.0	98.64132132999337	5.837320574162679	-692.0	
1910.0	7.663043478260869	1548.0	3.7282608695652173	1.434782608695652	2121.0	-24.0	0.035982008995502246	-0.05397301349325337	581.0	9687.5	-0.8710644677661169	-36.0	32.85784292482422	33950.0	-186.09756097560978	6104.0	6993702.0	213430.84716796875	2702.0	-138.78048780487805	4552.0	-82.37804878048782	2652.0	3885.714285714286	280.0	-0.6698564593301435	1.7894736842105263	2592.0	4778192.0	98.64099580078997	6.200956937799043	-748.0	
1876.0	7.456521739130435	1567.0	4.0978260869565215	2.010869565217391	2068.0	-20.0	0.029985007496251874	-0.043478260869565216	589.0	9697.265625	-0.8830584707646176	-29.0	32.85784292482422	33950.0	-178.41463414634148	5852.0	6994022.0	213440.61279296875	2649.0	-130.64024390243904	4285.0	-80.76219512195122	2657.0	3893.040293040293	80.0	-0.19138755980861244	2.047846889952153	2640.0	4778192.0	98.64099580078997	6.315789473684211	-856.0	
1839.0	6.9021739130434785	1618.0	4.5	2.380434782608696	2034.0	-14.0	0.020989505247376312	-0.03298350824587706	587.0	9707.03125	-0.8800599700149925	-22.0	32.85784292482422	33950.0	-175.7317073170732	5764.0	6994342.0	213450.37841796875	2523.0	-129.32926829268294	4242.0	-76.92073170731707	2642.0	3871.062271062271	-160.0	0.3827751196172249	2.555023923444976	2376.0	4778192.0	98.64099580078997	5.684210526315789	-1068.0	
1835.0	6.630434782608695	1643.0	4.543478260869565	2.608695652173913	2013.0	-1.0	0.0014992503748125937	-0.01649175412293853	592.0	9716.796875	-0.8875562218890555	-11.0	32.85784292482422	33950.0	-166.6768292682927	5467.0	6994662.0	213460.14404296875	2589.0	-133.38414634146343	4375.0	-78.9329268292683	2647.0	3878.388278388278	-268.0	0.6411483253588517	2.679425837320574	2200.0	4778192.0	98.64099580078997	5.263157894736842	-1120.0	
1815.0	6.510869565217391	1654.0	4.760869565217392	2.75	2000.0	3.0	-0.004497751124437781	-0.01199400299850075	594.0	9726.5625	-0.8905547226386806	-8.0	32.85784292482422	33950.0	-163.0487804878049	5348.0	6994982.0	213469.90966796875	2594.0	-131.9817073170732	4329.0	-79.08536585365854	2632.0	3856.4102564102564	-344.0	0.8229665071770335	2.8995215311004783	2176.0	4778192.0	98.64099580078997	5.205741626794258	-1212.0	
1792.0	6.739130434782608	1633.0	5.010869565217392	2.6630434782608696	2008.0	7.0	-0.010494752623688156	0.008995502248875561	594.0	9736.328125	-0.8905547226386806	6.0	32.85784292482422	33950.0	-159.32926829268294	5226.0	6995302.0	213479.67529296875	2508.0	-130.609756097561	4284.0	-76.46341463414635	2637.0	3863.736263736264	-324.0	0.7751196172248803	3.1674641148325358	2260.0	4778096.0	98.64197238850973	5.4066985645933014	-1324.0	
1771.0	6.706521739130435	1636.0	5.239130434782608	2.9565217391304346	1981.0	7.0	-0.010494752623688156	0.019490254872563718	599.0	9746.09375	-0.8980509745127436	13.0	32.85784292482422	33950.0	-152.7439024390244	5010.0	6995622.0	213489.44091796875	2485.0	-130.09146341463415	4267.0	-75.76219512195122	2628.0	3850.5494505494507	-476.0	1.138755980861244	3.4736842105263155	2204.0	4778096.0	98.64197238850973	5.2727272727272725	-1452.0	
1777.0	6.369565217391304	1667.0	5.173913043478261	2.902173913043478	1986.0	9.0	-0.013493253373313342	0.035982008995502246	608.0	9755.859375	-0.9115442278860569	24.0	32.85784292482422	33950.0	-144.26829268292684	4732.0	6995942.0	213499.20654296875	2267.0	-128.56707317073173	4217.0	-69.1158536585366	2628.0	3850.5494505494507	-436.0	1.0430622009569377	3.416267942583732	2072.0	4778096.0	98.64197238850973	4.956937799043062	-1428.0	
1786.0	6.326086956521739	1671.0	5.076086956521739	2.858695652173913	1990.0	23.0	-0.034482758620689655	0.047976011994003	606.0	9765.625	-0.9085457271364318	32.0	32.85784292482422	33950.0	-137.34756097560978	4505.0	6996262.0	213508.97216796875	2251.0	-122.28658536585367	4011.0	-68.62804878048782	2656.0	3891.5750915750914	-388.0	0.9282296650717703	3.2248803827751193	2088.0	4778096.0	98.64197238850973	4.9952153110047846	-1348.0	
1764.0	6.119565217391304	1690.0	5.315217391304348	3.391304347826087	1941.0	28.0	-0.041979010494752625	0.05397301349325337	609.0	9775.390625	-0.9130434782608695	36.0	32.85784292482422	33950.0	-133.0487804878049	4364.0	6996582.0	213518.73779296875	2153.0	-112.98780487804879	3706.0	-65.64024390243902	2647.0	3878.388278388278	-672.0	1.6076555023923444	3.6076555023923444	1976.0	4778096.0	98.64197238850973	4.7272727272727275	-1508.0	
1737.0	6.043478260869565	1697.0	5.608695652173913	3.9130434782608696	1893.0	31.0	-0.046476761619190406	0.07496251874062969	605.0	9785.15625	-0.9070464767616192	50.0	32.85784292482422	33950.0	-123.87195121951221	4063.0	6996902.0	213528.50341796875	2082.0	-113.68902439024392	3729.0	-63.47560975609757	2632.0	3856.4102564102564	-776.0	1.8564593301435406	3.8564593301435406	1940.0	4778080.0	98.64213515316165	4.641148325358851	-1612.0	
1705.0	6.0	1701.0	5.956521739130435	4.25	1862.0	43.0	-0.06446776611694152	0.07346326836581708	619.0	9794.921875	-0.9280359820089955	49.0	32.85784292482422	33950.0	-117.07317073170732	3840.0	6997222.0	213538.26904296875	1933.0	-110.00000000000001	3608.0	-58.9329268292683	2643.0	3872.5274725274726	-1012.0	2.4210526315789473	4.229665071770334	1936.0	4778080.0	98.64213515316165	4.631578947368421	-1768.0	
1686.0	6.010869565217392	1700.0	6.163043478260869	4.532608695652174	1836.0	43.0	-0.06446776611694152	0.07946026986506746	607.0	9804.6875	-0.9100449775112444	53.0	32.85784292482422	33950.0	-104.32926829268294	3422.0	6997542.0	213548.03466796875	1684.0	-104.29878048780489	3421.0	-51.34146341463415	2630.0	3853.479853479854	-1096.0	2.6220095693779903	4.440191387559809	1948.0	4778080.0	98.64213515316165	4.660287081339713	-1856.0	
1662.0	6.163043478260869	1686.0	6.423913043478261	4.195652173913043	1867.0	46.0	-0.06896551724137931	0.09295352323838081	611.0	9814.453125	-0.9160419790104948	62.0	32.85784292482422	33950.0	-96.4329268292683	3163.0	6997862.0	213557.80029296875	1592.0	-99.51219512195122	3264.0	-48.53658536585366	2642.0	3871.062271062271	-1016.0	2.430622009569378	4.746411483253588	1988.0	4778080.0	98.64213515316165	4.755980861244019	-1984.0	
1640.0	6.021739130434782	1699.0	6.663043478260869	4.369565217391305	1851.0	53.0	-0.07946026986506746	0.09895052473763118	612.0	9824.21875	-0.9175412293853074	66.0	32.85784292482422	33950.0	-93.07926829268294	3053.0	6998182.0	213567.56591796875	1527.0	-93.44512195121952	3065.0	-46.554878048780495	2657.0	3893.040293040293	-1012.0	2.4210526315789473	5.023923444976076	1984.0	4778080.0	98.64213515316165	4.746411483253588	-2100.0	
1620.0	5.793478260869565	1720.0	6.880434782608695	4.467391304347826	1842.0	54.0	-0.08095952023988005	0.10644677661169415	604.0	9833.984375	-0.9055472263868065	71.0	32.85784292482422	33950.0	-93.53658536585367	3068.0	6998502.0	213577.33154296875	1269.0	-86.4939024390244	2837.0	-38.68902439024391	2634.0	3859.3406593406594	-1132.0	2.7081339712918657	5.244019138755981	1904.0	4778288.0	98.64001921339892	4.555023923444976	-2192.0	
1599.0	5.771739130434782	1722.0	7.108695652173913	4.4021739130434785	1848.0	63.0	-0.0944527736131934	0.10494752623688156	612.0	9843.75	-0.9175412293853074	70.0	32.85784292482422	33950.0	-83.26219512195122	2731.0	6998822.0	213587.09716796875	1114.0	-80.79268292682927	2650.0	-33.963414634146346	2648.0	3879.8534798534797	-1092.0	2.61244019138756	5.492822966507177	1812.0	4778288.0	98.64001921339892	4.3349282296650715	-2296.0	
1575.0	5.804347826086956	1719.0	7.369565217391304	4.934782608695652	1799.0	67.0	-0.10044977511244378	0.11244377811094453	608.0	9853.515625	-0.9115442278860569	75.0	32.85784292482422	33950.0	-69.63414634146342	2284.0	6999142.0	213596.86279296875	1053.0	-77.16463414634147	2531.0	-32.10365853658537	2652.0	3885.714285714286	-1232.0	2.9473684210526314	5.837320574162679	1828.0	4778288.0	98.64001921339892	4.373205741626794	-2440.0	
1553.0	5.913043478260869	1709.0	7.608695652173913	4.913043478260869	1801.0	65.0	-0.09745127436281859	0.12593703148425786	610.0	9863.28125	-0.9145427286356821	84.0	32.85784292482422	33950.0	-61.3719512195122	2013.0	6999462.0	213606.62841796875	1007.0	-73.47560975609757	2410.0	-30.701219512195124	2641.0	3869.5970695970695	-1312.0	3.138755980861244	6.095693779904306	1924.0	4778288.0	98.64001921339892	4.6028708133971294	-2548.0	
1543.0	5.989130434782608	1702.0	7.717391304347826	4.923913043478261	1800.0	67.0	-0.10044977511244378	0.12893553223388304	613.0	9873.046875	-0.9190404797601199	86.0	32.85784292482422	33950.0	-58.78048780487806	1928.0	6999782.0	213616.39404296875	959.0	-66.82926829268294	2192.0	-29.237804878048784	2642.0	3871.062271062271	-1328.0	3.177033492822966	6.229665071770334	1972.0	4778288.0	98.64001921339892	4.717703349282297	-2604.0	
1526.0	5.978260869565217	1703.0	7.902173913043478	4.858695652173913	1806.0	76.0	-0.11394302848575712	0.13493253373313344	608.0	9882.8125	-0.9115442278860569	90.0	32.85784292482422	33950.0	-55.94512195121952	1835.0	7000102.0	213626.15966796875	753.0	-56.12804878048781	1841.0	-22.957317073170735	2636.0	3862.2710622710624	-1316.0	3.1483253588516744	6.488038277511961	1948.0	4778240.0	98.64050750705336	4.660287081339713	-2712.0	
1499.0	5.978260869565217	1703.0	8.195652173913043	4.554347826086956	1834.0	84.0	-0.12593703148425786	0.12593703148425786	615.0	9892.578125	-0.9220389805097451	84.0	32.85784292482422	33950.0	-45.396341463414636	1489.0	7000422.0	213635.92529296875	632.0	-49.39024390243903	1620.0	-19.26829268292683	2639.0	3866.6666666666665	-1184.0	2.832535885167464	6.77511961722488	1896.0	4778240.0	98.64050750705336	4.535885167464115	-2832.0	
1476.0	5.891304347826087	1711.0	8.445652173913043	4.532608695652174	1836.0	77.0	-0.11544227886056971	0.13493253373313344	609.0	9902.34375	-0.9130434782608695	90.0	32.85784292482422	33950.0	-34.75609756097561	1140.0	7000742.0	213645.69091796875	626.0	-43.201219512195124	1417.0	-19.085365853658537	2630.0	3853.479853479854	-1196.0	2.861244019138756	7.100478468899521	1864.0	4778240.0	98.64050750705336	4.45933014354067	-2968.0	
1462.0	5.673913043478261	1731.0	8.597826086956522	4.380434782608695	1850.0	82.0	-0.12293853073463268	0.14392803598200898	604.0	9912.109375	-0.9055472263868065	96.0	32.85784292482422	33950.0	-29.02439024390244	952.0	7001062.0	213655.45654296875	591.0	-38.07926829268293	1249.0	-18.01829268292683	2627.0	3849.084249084249	-1108.0	2.650717703349282	7.282296650717703	1808.0	4778240.0	98.64050750705336	4.325358851674641	-3044.0	
1435.0	5.706521739130435	1728.0	8.891304347826086	4.33695652173913	1854.0	86.0	-0.12893553223388304	0.1394302848575712	609.0	9921.875	-0.9130434782608695	93.0	32.85784292482422	33950.0	-24.939024390243905	818.0	7001382.0	213665.22216796875	507.0	-31.707317073170735	1040.0	-15.457317073170733	2643.0	3872.5274725274726	-1068.0	2.555023923444976	7.607655502392344	1828.0	4778240.0	98.64050750705336	4.373205741626794	-3180.0	
1404.0	5.815217391304348	1718.0	9.228260869565217	4.6521739130434785	1825.0	87.0	-0.13043478260869565	0.1454272863568216	598.0	9931.640625	-0.896551724137931	97.0	32.85784292482422	33950.0	-22.926829268292686	752.0	7001702.0	213674.98779296875	448.0	-27.59146341463415	905.0	-13.658536585365855	2654.0	3888.644688644689	-1180.0	2.8229665071770333	8.066985645933014	1892.0	4778240.0	98.64050750705336	4.526315789473684	-3372.0	
1390.0	6.141304347826087	1688.0	9.380434782608695	4.445652173913043	1844.0	85.0	-0.12743628185907047	0.13793103448275862	608.0	9941.40625	-0.9115442278860569	92.0	32.85784292482422	33950.0	-19.085365853658537	626.0	7002022.0	213684.75341796875	318.0	-27.80487804878049	912.0	-9.695121951219512	2637.0	3863.736263736264	-1168.0	2.7942583732057416	8.124401913875598	1972.0	4778240.0	98.64050750705336	4.717703349282297	-3396.0	
1373.0	6.33695652173913	1670.0	9.565217391304348	4.630434782608695	1827.0	96.0	-0.14392803598200898	0.1409295352323838	606.0	9951.171875	-0.9085457271364318	94.0	32.85784292482422	33950.0	-18.140243902439025	595.0	7002342.0	213694.51904296875	206.0	-22.835365853658537	749.0	-6.2804878048780495	2653.0	3887.1794871794873	-1104.0	2.6411483253588517	8.220095693779903	2128.0	4778240.0	98.64050750705336	5.090909090909091	-3436.0	
1364.0	6.228260869565217	1680.0	9.66304347826087	4.543478260869565	1835.0	89.0	-0.13343328335832083	0.1454272863568216	610.0	9960.9375	-0.9145427286356821	97.0	32.85784292482422	33950.0	-22.103658536585368	725.0	7002662.0	213704.28466796875	218.0	-16.3109756097561	535.0	-6.646341463414635	2624.0	3844.6886446886447	-1204.0	2.880382775119617	8.488038277511961	2136.0	4778240.0	98.64050750705336	5.110047846889952	-3548.0	
1374.0	6.108695652173913	1691.0	9.554347826086957	4.467391304347826	1842.0	87.0	-0.13043478260869565	0.15142428785607195	605.0	9970.703125	-0.9070464767616192	101.0	32.85784292482422	33950.0	-25.762195121951223	845.0	7002982.0	213714.05029296875	209.0	-14.817073170731708	486.0	-6.371951219512196	2640.0	3868.131868131868	-1096.0	2.6220095693779903	8.325358851674642	2056.0	4778240.0	98.64050750705336	4.918660287081339	-3480.0	
1386.0	5.880434782608695	1712.0	9.42391304347826	4.467391304347826	1842.0	90.0	-0.13493253373313344	0.15592203898050974	601.0	9980.46875	-0.9010494752623688	104.0	32.85784292482422	33950.0	-27.225609756097562	893.0	7003302.0	213723.81591796875	298.0	-11.432926829268293	375.0	-9.085365853658537	2636.0	3862.2710622710624	-1140.0	2.727272727272727	8.258373205741627	1900.0	4778256.0	98.64034474249276	4.545454545454545	-3452.0	
1411.0	5.782608695652174	1721.0	9.152173913043478	4.510869565217392	1838.0	95.0	-0.1424287856071964	0.15442278860569714	610.0	9990.234375	-0.9145427286356821	103.0	32.85784292482422	33950.0	-25.182926829268293	826.0	7003622.0	213733.58154296875	339.0	-8.871951219512196	291.0	-10.335365853658537	2634.0	3859.3406593406594	-1148.0	2.7464114832535884	7.894736842105263	1868.0	4778256.0	98.64034474249276	4.4688995215311005	-3300.0	
1426.0	6.043478260869565	1697.0	8.98913043478261	4.326086956521739	1855.0	92.0	-0.13793103448275862	0.15142428785607195	600.0	10000.0	-0.8995502248875562	101.0	32.85784292482422	33950.0	-22.896341463414636	751.0	7003942.0	213743.34716796875	257.0	-1.5548780487804879	51.0	-7.835365853658537	2641.0	3869.5970695970695	-1084.0	2.5933014354066986	7.655502392344498	1968.0	4778256.0	98.64034474249276	4.708133971291866	-3200.0	
1421.0	6.315217391304348	1672.0	9.043478260869565	4.108695652173913	1875.0	96.0	-0.14392803598200898	0.15442278860569714	607.0	10009.765625	-0.9100449775112444	103.0	32.85784292482422	33950.0	-19.664634146341466	645.0	7004262.0	213753.11279296875	14.0	4.451219512195123	-146.0	-0.426829268292683	2653.0	3887.1794871794873	-916.0	2.1913875598086126	7.712918660287081	2096.0	4778256.0	98.64034474249276	5.0143540669856455	-3224.0	
1405.0	6.3478260869565215	1669.0	9.217391304347826	3.543478260869565	1927.0	95.0	-0.1424287856071964	0.14992503748125938	605.0	10019.53125	-0.9070464767616192	100.0	32.85784292482422	33950.0	-16.85975609756098	553.0	7004582.0	213762.87841796875	-254.0	6.615853658536586	-217.0	7.743902439024391	2640.0	3868.131868131868	-672.0	1.6076555023923444	7.913875598086124	2136.0	4778256.0	98.64034474249276	5.110047846889952	-3308.0	
1397.0	6.130434782608695	1689.0	9.304347826086957	3.5652173913043477	1925.0	95.0	-0.1424287856071964	0.15442278860569714	603.0	10029.296875	-0.9040479760119939	103.0	32.85784292482422	33950.0	-13.78048780487805	452.0	7004902.0	213772.64404296875	-471.0	7.652439024390245	-251.0	14.359756097560977	2639.0	3866.6666666666665	-700.0	1.6746411483253587	8.038277511961722	2040.0	4778432.0	98.63855433292869	4.880382775119617	-3360.0	
1412.0	6.054347826086956	1696.0	9.141304347826086	3.293478260869565	1950.0	94.0	-0.1409295352323838	0.16041979010494753	610.0	10039.0625	-0.9145427286356821	107.0	32.85784292482422	33950.0	-11.250000000000002	369.0	7005222.0	213782.40966796875	-602.0	8.26219512195122	-271.0	18.353658536585368	2634.0	3859.3406593406594	-580.0	1.38755980861244	7.84688995215311	1992.0	4778432.0	98.63855433292869	4.765550239234449	-3280.0	
1423.0	6.010869565217392	1700.0	9.021739130434783	3.141304347826087	1964.0	93.0	-0.1394302848575712	0.1619190404797601	600.0	10048.828125	-0.8995502248875562	108.0	32.85784292482422	33950.0	-8.871951219512196	291.0	7005542.0	213792.17529296875	-673.0	11.707317073170733	-384.0	20.51829268292683	2641.0	3869.5970695970695	-556.0	1.3301435406698565	7.70334928229665	1964.0	4778432.0	98.63855433292869	4.698564593301435	-3220.0	
1427.0	5.967391304347826	1704.0	8.978260869565217	3.0652173913043477	1971.0	95.0	-0.1424287856071964	0.15592203898050974	607.0	10058.59375	-0.9100449775112444	104.0	32.85784292482422	33950.0	-5.152439024390245	169.0	7005862.0	213801.94091796875	-709.0	14.969512195121952	-491.0	21.615853658536587	2637.0	3863.736263736264	-544.0	1.3014354066985645	7.684210526315789	1888.0	4778432.0	98.63855433292869	4.516746411483253	-3212.0	
1434.0	5.782608695652174	1721.0	8.902173913043478	3.032608695652174	1974.0	92.0	-0.13793103448275862	0.15892053973013492	609.0	10068.359375	-0.9130434782608695	106.0	32.85784292482422	33950.0	-2.347560975609756	77.0	7006182.0	213811.70654296875	-733.0	17.28658536585366	-567.0	22.34756097560976	2619.0	3837.3626373626375	-520.0	1.244019138755981	7.645933014354067	1856.0	4778432.0	98.63855433292869	4.440191387559809	-3196.0	
1436.0	5.782608695652174	1721.0	8.880434782608695	3.293478260869565	1950.0	86.0	-0.12893553223388304	0.15892053973013492	609.0	10078.125	-0.9130434782608695	106.0	32.85784292482422	33950.0	1.128048780487805	-37.0	7006502.0	213821.47216796875	-814.0	20.09146341463415	-659.0	24.81707317073171	2646.0	3876.923076923077	-604.0	1.444976076555024	7.5311004784688995	1868.0	4778384.0	98.63904262633658	4.4688995215311005	-3148.0	
1456.0	5.739130434782608	1725.0	8.66304347826087	3.641304347826087	1918.0	90.0	-0.13493253373313344	0.1649175412293853	609.0	10087.890625	-0.9130434782608695	110.0	32.85784292482422	33950.0	6.920731707317074	-227.0	7006822.0	213831.23779296875	-964.0	22.98780487804878	-754.0	29.39024390243903	2651.0	3884.2490842490843	-676.0	1.6172248803827751	7.444976076555023	1868.0	4778384.0	98.63904262633658	4.4688995215311005	-3112.0	
1489.0	5.608695652173913	1737.0	8.304347826086957	3.6956521739130435	1913.0	83.0	-0.12443778110944527	0.17691154422788605	604.0	10097.65625	-0.9055472263868065	118.0	32.85784292482422	33950.0	12.926829268292684	-424.0	7007142.0	213841.00341796875	-1112.0	26.06707317073171	-855.0	33.90243902439025	2643.0	3872.5274725274726	-760.0	1.8181818181818181	7.071770334928229	1788.0	4778384.0	98.63904262633658	4.277511961722488	-2956.0	
1527.0	5.445652173913043	1752.0	7.891304347826087	3.7717391304347827	1906.0	89.0	-0.13343328335832083	0.1679160419790105	610.0	10107.421875	-0.9145427286356821	112.0	32.85784292482422	33950.0	18.78048780487805	-616.0	7007462.0	213850.76904296875	-1248.0	30.0609756097561	-986.0	38.04878048780488	2646.0	3876.923076923077	-748.0	1.7894736842105263	6.545454545454545	1720.0	4778384.0	98.63904262633658	4.114832535885167	-2736.0	
1562.0	5.271739130434782	1768.0	7.510869565217391	3.7282608695652173	1910.0	89.0	-0.13343328335832083	0.1679160419790105	610.0	10117.1875	-0.9145427286356821	112.0	32.85784292482422	33950.0	24.695121951219516	-810.0	7007782.0	213860.53466796875	-1406.0	36.737804878048784	-1205.0	42.86585365853659	2633.0	3857.875457875458	-800.0	1.9138755980861244	6.124401913875598	1660.0	4778384.0	98.63904262633658	3.9712918660287078	-2560.0	
1594.0	5.195652173913043	1775.0	7.163043478260869	3.5217391304347827	1929.0	78.0	-0.1169415292353823	0.15742128935532235	610.0	10126.953125	-0.9145427286356821	105.0	32.86281406441704	33951.0	30.33536585365854	-995.0	7008102.0	213870.30029296875	-1465.0	43.41463414634147	-1424.0	44.66463414634147	2643.0	3872.5274725274726	-728.0	1.7416267942583732	5.722488038277512	1588.0	4778384.0	98.63988411156245	3.799043062200957	-2392.0	
1620.0	5.130434782608695	1781.0	6.880434782608695	3.467391304347826	1934.0	78.0	-0.1169415292353823	0.15742128935532235	610.0	10136.71875	-0.9145427286356821	105.0	32.86281406441704	33951.0	35.79268292682927	-1174.0	7008422.0	213880.06591796875	-1496.0	52.07317073170732	-1708.0	45.60975609756098	2637.0	3863.736263736264	-708.0	1.69377990430622	5.368421052631579	1528.0	4778384.0	98.63988411156245	3.6555023923444976	-2244.0	
1640.0	4.891304347826087	1803.0	6.663043478260869	3.532608695652174	1928.0	81.0	-0.12143928035982009	0.15292353823088456	614.0	10146.484375	-0.9205397301349325	102.0	32.86281406441704	33951.0	40.76219512195122	-1337.0	7008742.0	213889.83154296875	-1488.0	61.98170731707317	-2033.0	45.36585365853659	2632.0	3856.4102564102564	-716.0	1.7129186602870812	5.08133971291866	1468.0	4778384.0	98.63988411156245	3.511961722488038	-2124.0	
1663.0	4.8478260869565215	1807.0	6.413043478260869	3.5978260869565215	1922.0	84.0	-0.12593703148425786	0.1619190404797601	609.0	10156.25	-0.9130434782608695	108.0	32.86281406441704	33951.0	46.12804878048781	-1513.0	7009062.0	213899.59716796875	-1506.0	70.2439024390244	-2304.0	45.91463414634147	2643.0	3872.5274725274726	-736.0	1.7607655502392343	4.861244019138756	1420.0	4778384.0	98.63988411156245	3.3971291866028706	-2032.0	
1693.0	4.923913043478261	1800.0	6.08695652173913	3.5543478260869565	1926.0	79.0	-0.1184407796101949	0.14992503748125938	614.0	10166.015625	-0.9205397301349325	100.0	32.86281406441704	33951.0	52.6219512195122	-1726.0	7009382.0	213909.36279296875	-1606.0	78.78048780487805	-2584.0	48.963414634146346	2643.0	3872.5274725274726	-732.0	1.7511961722488039	4.507177033492823	1416.0	4778384.0	98.63988411156245	3.38755980861244	-1884.0	
1716.0	4.934782608695652	1799.0	5.83695652173913	3.402173913043478	1940.0	74.0	-0.11094452773613193	0.15442278860569714	614.0	10175.78125	-0.9205397301349325	103.0	32.86281406441704	33951.0	61.18902439024391	-2007.0	7009702.0	213919.12841796875	-1666.0	87.65243902439025	-2875.0	50.79268292682927	2647.0	3878.388278388278	-680.0	1.6267942583732056	4.200956937799043	1416.0	4777488.0	98.6489990107419	3.38755980861244	-1756.0	
1732.0	4.760869565217392	1815.0	5.663043478260869	3.3260869565217392	1947.0	69.0	-0.10344827586206896	0.14992503748125938	614.0	10185.546875	-0.9205397301349325	100.0	32.86281406441704	33951.0	70.51829268292684	-2313.0	7010022.0	213928.89404296875	-1725.0	98.78048780487806	-3240.0	52.59146341463415	2640.0	3868.131868131868	-644.0	1.5406698564593302	3.9043062200956937	1372.0	4777488.0	98.6489990107419	3.2822966507177034	-1632.0	
1758.0	4.804347826086956	1811.0	5.380434782608695	2.902173913043478	1986.0	60.0	-0.08995502248875561	0.1454272863568216	618.0	10195.3125	-0.9265367316341829	97.0	32.86281406441704	33951.0	80.45731707317074	-2639.0	7010342.0	213938.65966796875	-1753.0	109.17682926829269	-3581.0	53.44512195121952	2627.0	3849.084249084249	-436.0	1.0430622009569377	3.6842105263157894	1392.0	4777488.0	98.6489990107419	3.3301435406698565	-1540.0	
1767.0	4.9021739130434785	1802.0	5.282608695652174	2.641304347826087	2010.0	58.0	-0.08695652173913043	0.1394302848575712	608.0	10205.078125	-0.9115442278860569	93.0	32.86281406441704	33951.0	91.12804878048782	-2989.0	7010662.0	213948.42529296875	-1853.0	120.48780487804879	-3952.0	56.493902439024396	2635.0	3860.805860805861	-344.0	0.8229665071770335	3.5023923444976077	1424.0	4777488.0	98.6489990107419	3.4066985645933014	-1464.0	
1771.0	5.043478260869565	1789.0	5.239130434782608	2.369565217391304	2035.0	51.0	-0.07646176911544228	0.12443778110944527	624.0	10214.84375	-0.9355322338830584	83.0	32.86281406441704	33951.0	102.01219512195122	-3346.0	7010982.0	213958.19091796875	-1989.0	133.26219512195124	-4371.0	60.64024390243903	2637.0	3863.736263736264	-240.0	0.5741626794258373	3.4832535885167464	1424.0	4777488.0	98.6489990107419	3.4066985645933014	-1456.0	
1772.0	4.934782608695652	1799.0	5.228260869565217	1.9130434782608696	2077.0	44.0	-0.06596701649175413	0.13343328335832083	616.0	10224.609375	-0.9235382308845577	89.0	32.86281406441704	33951.0	113.47560975609757	-3722.0	7011302.0	213967.95654296875	-2155.0	143.56707317073173	-4709.0	65.70121951219512	2619.0	3837.3626373626375	-16.0	0.03827751196172249	3.492822966507177	1416.0	4777520.0	98.64867347813528	3.38755980861244	-1460.0	
1760.0	4.8478260869565215	1807.0	5.358695652173913	1.6630434782608696	2100.0	38.0	-0.05697151424287856	0.12593703148425786	616.0	10234.375	-0.9235382308845577	84.0	32.86281406441704	33951.0	123.56707317073172	-4053.0	7011622.0	213977.72216796875	-2201.0	155.0	-5084.0	67.10365853658537	2640.0	3868.131868131868	132.0	-0.3157894736842105	3.54066985645933	1392.0	4777520.0	98.64867347813528	3.3301435406698565	-1480.0	
1759.0	4.673913043478261	1823.0	5.369565217391304	1.5326086956521738	2112.0	30.0	-0.04497751124437781	0.10794602698650674	617.0	10244.140625	-0.9250374812593702	72.0	32.86281406441704	33951.0	133.44512195121953	-4377.0	7011942.0	213987.48779296875	-2175.0	164.45121951219514	-5394.0	66.3109756097561	2647.0	3878.388278388278	184.0	-0.4401913875598086	3.6076555023923444	1340.0	4777520.0	98.64867347813528	3.2057416267942584	-1508.0	
1768.0	4.5978260869565215	1830.0	5.271739130434782	1.141304347826087	2148.0	20.0	-0.029985007496251874	0.10044977511244378	616.0	10253.90625	-0.9235382308845577	67.0	32.86281406441704	33951.0	144.96951219512195	-4755.0	7012262.0	213997.25341796875	-2180.0	170.39634146341464	-5589.0	66.46341463414635	2631.0	3854.945054945055	304.0	-0.7272727272727273	3.6076555023923444	1264.0	4777520.0	98.64867347813528	3.0239234449760763	-1508.0	
1767.0	4.619565217391305	1828.0	5.282608695652174	0.9456521739130435	2166.0	8.0	-0.01199400299850075	0.08695652173913043	623.0	10263.671875	-0.9340329835082458	58.0	32.86281406441704	33951.0	157.31707317073173	-5160.0	7012582.0	214007.01904296875	-2155.0	174.4817073170732	-5723.0	65.70121951219512	2615.0	3831.5018315018315	416.0	-0.9952153110047847	3.5023923444976077	1268.0	4777520.0	98.64867347813528	3.0334928229665072	-1464.0	
1778.0	4.913043478260869	1801.0	5.163043478260869	0.34782608695652173	2221.0	0.0	0.0	0.08395802098950525	614.0	10273.4375	-0.9205397301349325	56.0	32.86281406441704	33951.0	170.03048780487808	-5577.0	7012902.0	214016.78466796875	-2029.0	179.72560975609758	-5895.0	61.85975609756098	2624.0	3844.6886446886447	648.0	-1.5502392344497606	3.38755980861244	1388.0	4777648.0	98.64737134807403	3.3205741626794256	-1416.0	
1795.0	5.293478260869565	1766.0	4.978260869565217	0.0	2253.0	-6.0	0.008995502248875561	0.06446776611694152	615.0	10283.203125	-0.9220389805097451	43.0	32.86281406441704	33951.0	183.35365853658539	-6014.0	7013222.0	214026.55029296875	-1838.0	184.0548780487805	-6037.0	56.03658536585366	2645.0	3875.4578754578756	876.0	-2.0956937799043063	3.177033492822966	1568.0	4777648.0	98.64737134807403	3.751196172248804	-1328.0	
1805.0	5.641304347826087	1734.0	4.869565217391305	-0.4891304347826087	2298.0	-25.0	0.037481259370314844	0.05247376311844078	619.0	10292.96875	-0.9280359820089955	35.0	32.86281406441704	33951.0	197.22560975609758	-6469.0	7013542.0	214036.31591796875	-1606.0	189.51219512195124	-6216.0	48.963414634146346	2632.0	3856.4102564102564	968.0	-2.3157894736842106	2.9952153110047846	1664.0	4777648.0	98.64737134807403	3.9808612440191387	-1252.0	
1826.0	5.978260869565217	1703.0	4.641304347826087	-1.3369565217391304	2376.0	-23.0	0.034482758620689655	0.034482758620689655	611.0	10302.734375	-0.9160419790104948	23.0	32.86281406441704	33951.0	210.97560975609758	-6920.0	7013862.0	214046.08154296875	-1303.0	192.0426829268293	-6299.0	39.72560975609756	2636.0	3862.2710622710624	1440.0	-3.4449760765550237	2.7177033492822966	1860.0	4777648.0	98.64737134807403	4.449760765550239	-1136.0	
1844.0	6.391304347826087	1665.0	4.445652173913043	-1.6956521739130435	2409.0	-39.0	0.05847076461769115	0.01649175412293853	609.0	10312.5	-0.9130434782608695	11.0	32.86281406441704	33951.0	223.96341463414637	-7346.0	7014182.0	214055.84716796875	-1033.0	195.609756097561	-6416.0	31.493902439024392	2643.0	3872.5274725274726	1624.0	-3.8851674641148324	2.449760765550239	2032.0	4777648.0	98.64737134807403	4.861244019138756	-1024.0	
1857.0	6.543478260869565	1651.0	4.304347826086956	-1.5	2391.0	-45.0	0.06746626686656672	0.0029985007496251873	603.0	10322.265625	-0.9040479760119939	2.0	32.86281406441704	33951.0	235.7317073170732	-7732.0	7014502.0	214065.61279296875	-822.0	203.9939024390244	-6691.0	25.0609756097561	2645.0	3875.4578754578756	1572.0	-3.7607655502392343	2.2870813397129184	2132.0	4777776.0	98.64606921859715	5.100478468899522	-956.0	
1866.0	6.684782608695652	1638.0	4.206521739130435	-1.8804347826086956	2426.0	-61.0	0.0914542728635682	-0.0239880059970015	593.0	10332.03125	-0.889055472263868	-16.0	32.86281406441704	33951.0	245.4878048780488	-8052.0	7014822.0	214075.37841796875	-817.0	209.08536585365854	-6858.0	24.908536585365855	2639.0	3866.6666666666665	1704.0	-4.0765550239234445	2.172248803827751	2212.0	4777776.0	98.64606921859715	5.291866028708133	-908.0	
1871.0	6.6521739130434785	1641.0	4.1521739130434785	-1.7282608695652173	2412.0	-66.0	0.09895052473763118	-0.047976011994003	589.0	10341.796875	-0.8830584707646176	-32.0	32.86281406441704	33951.0	253.109756097561	-8302.0	7015142.0	214085.14404296875	-869.0	208.14024390243904	-6827.0	26.493902439024392	2641.0	3869.5970695970695	1692.0	-4.047846889952153	2.047846889952153	2212.0	4777776.0	98.64606921859715	5.291866028708133	-856.0	
1894.0	6.510869565217391	1654.0	3.902173913043478	-1.391304347826087	2381.0	-77.0	0.11544227886056971	-0.050974512743628186	577.0	10351.5625	-0.8650674662668666	-34.0	32.86281406441704	33951.0	261.76829268292687	-8586.0	7015462.0	214094.90966796875	-758.0	204.4817073170732	-6707.0	23.10975609756098	2631.0	3854.945054945055	1500.0	-3.588516746411483	1.8373205741626792	2136.0	4777776.0	98.64606921859715	5.110047846889952	-768.0	
1928.0	6.728260869565217	1634.0	3.532608695652174	-1.858695652173913	2424.0	-88.0	0.13193403298350825	-0.07196401799100449	568.0	10361.328125	-0.8515742128935532	-48.0	32.86281406441704	33951.0	271.00609756097566	-8889.0	7015782.0	214104.67529296875	-733.0	193.62804878048783	-6351.0	22.34756097560976	2636.0	3862.2710622710624	1760.0	-4.2105263157894735	1.3205741626794258	2220.0	4777776.0	98.64606921859715	5.311004784688995	-552.0	
1981.0	7.83695652173913	1532.0	2.9565217391304346	-2.9782608695652173	2527.0	-99.0	0.14842578710644677	-0.08395802098950525	560.0	10371.09375	-0.8395802098950524	-56.0	32.86281406441704	33951.0	274.9085365853659	-9017.0	7016102.0	214114.44091796875	-736.0	174.08536585365854	-5710.0	22.439024390243905	2631.0	3854.945054945055	2292.0	-5.483253588516746	0.631578947368421	2748.0	4777680.0	98.64704581565	6.574162679425837	-264.0	
2041.0	9.065217391304348	1419.0	2.3043478260869565	-3.4565217391304346	2571.0	-109.0	0.1634182908545727	-0.11094452773613193	545.0	10380.859375	-0.8170914542728636	-74.0	32.86281406441704	33951.0	276.00609756097566	-9053.0	7016422.0	214124.20654296875	-249.0	156.859756097561	-5145.0	7.591463414634147	2623.0	3843.223443223443	2428.0	-5.8086124401913874	-0.08612440191387559	3400.0	4777680.0	98.64704581565	8.133971291866029	36.0	
2103.0	10.01086956521739	1332.0	1.6304347826086956	-3.1739130434782608	2545.0	-115.0	0.17241379310344826	-0.13193403298350825	534.0	10390.625	-0.800599700149925	-88.0	32.86281406441704	33951.0	273.75	-8979.0	7016742.0	214133.97216796875	679.0	149.359756097561	-4899.0	-20.701219512195124	2650.0	3882.7838827838827	2400.0	-5.741626794258373	-0.5454545454545454	3656.0	4777680.0	98.64704581565	8.746411483253588	228.0	
2171.0	10.282608695652174	1307.0	0.8913043478260869	-2.967391304347826	2526.0	-118.0	0.17691154422788605	-0.14392803598200898	519.0	10400.390625	-0.7781109445277361	-96.0	32.86281406441704	33951.0	270.45731707317077	-8871.0	7017062.0	214143.73779296875	1365.0	153.07926829268294	-5021.0	-41.61585365853659	2650.0	3882.7838827838827	2296.0	-5.492822966507177	-1.444976076555024	3880.0	4777680.0	98.64704581565	9.282296650717702	604.0	
2221.0	10.054347826086957	1328.0	0.34782608695652173	-2.793478260869565	2510.0	-122.0	0.1829085457271364	-0.1619190404797601	511.0	10410.15625	-0.7661169415292354	-108.0	32.86281406441704	33951.0	272.19512195121956	-8928.0	7017382.0	214153.50341796875	1386.0	164.0548780487805	-5381.0	-42.25609756097561	2645.0	3875.4578754578756	2128.0	-5.090909090909091	-2.1435406698564594	3784.0	4777680.0	98.64704581565	9.052631578947368	896.0	
2250.0	10.097826086956522	1324.0	0.03260869565217391	-3.0217391304347827	2531.0	-128.0	0.191904047976012	-0.1664167916041979	495.0	10419.921875	-0.7421289355322339	-111.0	32.86281406441704	33951.0	276.82926829268297	-9080.0	7017702.0	214163.26904296875	1054.0	171.95121951219514	-5640.0	-32.13414634146342	2650.0	3882.7838827838827	2180.0	-5.215311004784689	-2.6220095693779903	3720.0	4777936.0	98.64444155757283	8.899521531100477	1096.0	
2257.0	10.880434782608695	1252.0	-0.043478260869565216	-3.891304347826087	2611.0	-142.0	0.2128935532233883	-0.1889055472263868	482.0	10429.6875	-0.7226386806596702	-126.0	32.86281406441704	33951.0	273.9329268292683	-8985.0	7018022.0	214173.03466796875	773.0	175.45731707317074	-5755.0	-23.56707317073171	2648.0	3879.8534798534797	2528.0	-6.047846889952153	-2.755980861244019	4024.0	4777936.0	98.64444155757283	9.626794258373206	1152.0	
2258.0	12.380434782608695	1114.0	-0.05434782608695652	-4.58695652173913	2675.0	-144.0	0.21589205397301348	-0.1874062968515742	469.0	10439.453125	-0.7031484257871065	-125.0	32.86281406441704	33951.0	263.44512195121956	-8641.0	7018342.0	214182.80029296875	975.0	175.39634146341464	-5753.0	-29.725609756097565	2645.0	3875.4578754578756	3004.0	-7.186602870813397	-2.736842105263158	4744.0	4777936.0	98.64444155757283	11.349282296650717	1144.0	
2280.0	13.434782608695652	1017.0	-0.2934782608695652	-4.0	2621.0	-153.0	0.22938530734632684	-0.19490254872563717	444.0	10449.21875	-0.6656671664167916	-130.0	32.86281406441704	33951.0	257.07317073170736	-8432.0	7018662.0	214192.56591796875	1218.0	173.01829268292684	-5675.0	-37.13414634146342	2638.0	3865.2014652014655	2696.0	-6.449760765550239	-2.985645933014354	5264.0	4777936.0	98.64444155757283	12.593301435406698	1248.0	
2300.0	13.815217391304348	982.0	-0.5108695652173912	-4.543478260869565	2671.0	-160.0	0.239880059970015	-0.21589205397301348	430.0	10458.984375	-0.6446776611694153	-144.0	32.86281406441704	33951.0	259.20731707317077	-8502.0	7018982.0	214202.33154296875	591.0	159.60365853658539	-5235.0	-18.01829268292683	2638.0	3865.2014652014655	2980.0	-7.1291866028708135	-3.2822966507177034	5444.0	4777936.0	98.64444155757283	13.023923444976075	1372.0	
2342.0	14.01086956521739	964.0	-0.967391304347826	-4.065217391304348	2627.0	-169.0	0.25337331334332835	-0.21889055472263869	417.0	10468.75	-0.6251874062968515	-146.0	32.86281406441704	33951.0	258.32317073170736	-8473.0	7019302.0	214212.09716796875	319.0	152.8658536585366	-5014.0	-9.725609756097562	2645.0	3875.4578754578756	2796.0	-6.688995215311005	-3.7320574162679425	5544.0	4777936.0	98.64444155757283	13.26315789473684	1560.0	
2400.0	13.717391304347826	991.0	-1.5978260869565217	-3.3478260869565215	2561.0	-177.0	0.2653673163418291	-0.2143928035982009	394.0	10478.515625	-0.5907046476761619	-143.0	32.86281406441704	33951.0	252.62195121951223	-8286.0	7019622.0	214221.86279296875	367.0	153.62804878048783	-5039.0	-11.189024390243903	2645.0	3875.4578754578756	2404.0	-5.751196172248804	-4.516746411483253	5436.0	4777936.0	98.64444155757283	13.004784688995215	1888.0	
2428.0	13.619565217391305	1000.0	-1.9021739130434783	-4.239130434782608	2643.0	-175.0	0.2623688155922039	-0.22038980509745126	377.0	10488.28125	-0.5652173913043478	-147.0	32.86281406441704	33951.0	250.97560975609758	-8232.0	7019942.0	214231.62841796875	-189.0	148.59756097560978	-4874.0	5.76219512195122	2641.0	3869.5970695970695	2864.0	-6.851674641148325	-4.880382775119617	5368.0	4777936.0	98.64444155757283	12.842105263157894	2040.0	
2467.0	13.369565217391305	1023.0	-2.3260869565217392	-3.869565217391304	2609.0	-179.0	0.26836581709145424	-0.22338830584707645	360.0	10498.046875	-0.5397301349325337	-149.0	32.86281406441704	33951.0	244.1158536585366	-8007.0	7020262.0	214241.39404296875	-587.0	154.60365853658539	-5071.0	17.896341463414636	2645.0	3875.4578754578756	2620.0	-6.267942583732057	-5.454545454545454	5308.0	4777936.0	98.64444155757283	12.698564593301436	2280.0	
2505.0	13.119565217391305	1046.0	-2.7391304347826084	-3.5760869565217392	2582.0	-180.0	0.2698650674662669	-0.23088455772113942	341.0	10507.8125	-0.5112443778110944	-154.0	32.86281406441704	33951.0	231.09756097560978	-7580.0	7020582.0	214251.15966796875	-1000.0	158.35365853658539	-5194.0	30.487804878048784	2637.0	3863.736263736264	2520.0	-6.028708133971292	-5.751196172248804	5184.0	4777936.0	98.64444155757283	12.401913875598085	2404.0	
2508.0	12.695652173913043	1085.0	-2.7717391304347827	-2.7717391304347827	2508.0	-180.0	0.2698650674662669	-0.23088455772113942	332.0	10517.578125	-0.4977511244377811	-154.0	32.86281406441704	33951.0	221.34146341463418	-7260.0	7020902.0	214260.92529296875	-1317.0	158.47560975609758	-5198.0	40.15243902439025	2636.0	3862.2710622710624	2076.0	-4.966507177033493	-5.8086124401913874	4948.0	4777744.0	98.64639475091158	11.837320574162678	2428.0	
2510.0	12.16304347826087	1134.0	-2.793478260869565	-1.6956521739130435	2409.0	-179.0	0.26836581709145424	-0.24287856071964017	306.0	10527.34375	-0.4587706146926537	-162.0	32.86281406441704	33951.0	219.359756097561	-7195.0	7021222.0	214270.69091796875	-1354.0	147.95731707317074	-4853.0	41.28048780487805	2642.0	3871.062271062271	1692.0	-4.047846889952153	-5.760765550239234	4672.0	4777744.0	98.64639475091158	11.177033492822966	2408.0	
2510.0	12.228260869565217	1128.0	-2.793478260869565	-2.3369565217391304	2468.0	-173.0	0.2593703148425787	-0.2338830584707646	303.0	10537.109375	-0.4542728635682159	-156.0	32.86281406441704	33951.0	219.5426829268293	-7201.0	7021542.0	214280.45654296875	-1600.0	127.13414634146342	-4170.0	48.78048780487806	2624.0	3844.6886446886447	2068.0	-4.947368421052631	-5.70334928229665	4656.0	4777744.0	98.64639475091158	11.138755980861244	2384.0	
2564.0	12.902173913043478	1066.0	-3.3804347826086953	-2.6956521739130435	2501.0	-169.0	0.25337331334332835	-0.2383808095952024	276.0	10546.875	-0.41379310344827586	-159.0	32.86281406441704	33951.0	202.77439024390245	-6651.0	7021862.0	214290.22216796875	-974.0	119.39024390243904	-3916.0	29.695121951219516	2640.0	3868.131868131868	2204.0	-5.2727272727272725	-6.133971291866028	4996.0	4777744.0	98.64639475091158	11.952153110047847	2564.0	
2640.0	13.108695652173912	1047.0	-4.206521739130435	-2.2717391304347827	2462.0	-168.0	0.2518740629685157	-0.2383808095952024	262.0	10556.640625	-0.39280359820089955	-159.0	32.86281406441704	33951.0	190.1829268292683	-6238.0	7022182.0	214299.98779296875	-161.0	116.06707317073172	-3807.0	4.908536585365854	2647.0	3878.388278388278	1984.0	-4.746411483253588	-7.205741626794258	5212.0	4777744.0	98.64639475091158	12.4688995215311	3012.0	
2678.0	12.565217391304348	1097.0	-4.619565217391305	-2.1956521739130435	2455.0	-170.0	0.25487256371814093	-0.23088455772113942	253.0	10566.40625	-0.3793103448275862	-154.0	32.86281406441704	33951.0	190.3048780487805	-6242.0	7022502.0	214309.75341796875	-392.0	114.63414634146342	-3760.0	11.951219512195124	2641.0	3869.5970695970695	1972.0	-4.717703349282297	-7.712918660287081	4968.0	4777936.0	98.64444155757283	11.885167464114833	3224.0	
2712.0	11.902173913043478	1158.0	-4.989130434782608	-1.7717391304347825	2416.0	-169.0	0.25337331334332835	-0.2383808095952024	235.0	10576.171875	-0.3523238380809595	-159.0	32.86281406441704	33951.0	188.53658536585368	-6184.0	7022822.0	214319.51904296875	-533.0	116.37195121951221	-3817.0	16.25	2654.0	3888.644688644689	1808.0	-4.325358851674641	-8.44976076555024	4652.0	4777936.0	98.64444155757283	11.129186602870814	3532.0	
2719.0	11.5	1195.0	-5.065217391304348	-1.6521739130434783	2405.0	-161.0	0.24137931034482757	-0.22788605697151423	221.0	10585.9375	-0.3313343328335832	-152.0	32.86281406441704	33951.0	184.60365853658539	-6055.0	7023142.0	214329.28466796875	-484.0	119.20731707317074	-3910.0	14.756097560975611	2628.0	3850.5494505494507	1724.0	-4.124401913875598	-8.401913875598085	4444.0	4777936.0	98.64444155757283	10.631578947368421	3512.0	
2688.0	11.26086956521739	1217.0	-4.728260869565217	-1.25	2368.0	-161.0	0.24137931034482757	-0.23088455772113942	213.0	10595.703125	-0.3193403298350824	-154.0	32.86281406441704	33951.0	187.50000000000003	-6150.0	7023462.0	214339.05029296875	-342.0	117.95731707317074	-3869.0	10.426829268292684	2645.0	3875.4578754578756	1528.0	-3.6555023923444976	-8.057416267942584	4296.0	4777936.0	98.64444155757283	10.277511961722487	3368.0	
2670.0	10.782608695652174	1261.0	-4.532608695652174	-1.0869565217391304	2353.0	-163.0	0.24437781109445278	-0.22938530734632684	207.0	10605.46875	-0.3103448275862069	-153.0	32.86281406441704	33951.0	188.20121951219514	-6173.0	7023782.0	214348.81591796875	-50.0	116.37195121951221	-3817.0	1.5243902439024393	2641.0	3869.5970695970695	1408.0	-3.3684210526315788	-7.732057416267942	4084.0	4777936.0	98.64444155757283	9.770334928229664	3232.0	
2662.0	9.989130434782608	1334.0	-4.445652173913043	-0.8804347826086957	2334.0	-158.0	0.2368815592203898	-0.21589205397301348	190.0	10615.234375	-0.2848575712143928	-144.0	32.86281406441704	33951.0	187.56097560975613	-6152.0	7024102.0	214358.58154296875	120.0	117.8658536585366	-3866.0	-3.658536585365854	2638.0	3865.2014652014655	1324.0	-3.1674641148325358	-7.655502392344498	3744.0	4777984.0	98.64395325944359	8.956937799043061	3200.0	
2672.0	9.42391304347826	1386.0	-4.554347826086956	-0.967391304347826	2342.0	-164.0	0.24587706146926536	-0.21589205397301348	169.0	10625.0	-0.25337331334332835	-144.0	32.86281406441704	33951.0	185.03048780487808	-6069.0	7024422.0	214368.34716796875	305.0	118.68902439024392	-3893.0	-9.298780487804878	2647.0	3878.388278388278	1328.0	-3.177033492822966	-7.751196172248804	3444.0	4777984.0	98.64395325944359	8.239234449760765	3240.0	
2702.0	8.945652173913043	1430.0	-4.880434782608695	-0.8695652173913043	2333.0	-161.0	0.24137931034482757	-0.20389805097451275	167.0	10634.765625	-0.25037481259370314	-136.0	32.86281406441704	33951.0	178.20121951219514	-5845.0	7024742.0	214378.11279296875	618.0	122.56097560975611	-4020.0	-18.84146341463415	2638.0	3865.2014652014655	1356.0	-3.2440191387559807	-8.038277511961722	3260.0	4777984.0	98.64395325944359	7.7990430622009566	3360.0	
2749.0	8.869565217391305	1437.0	-5.391304347826087	-0.7065217391304348	2318.0	-158.0	0.2368815592203898	-0.191904047976012	154.0	10644.53125	-0.23088455772113942	-128.0	32.86281406441704	33951.0	175.1219512195122	-5744.0	7025062.0	214387.87841796875	1119.0	123.32317073170732	-4045.0	-34.11585365853659	2646.0	3876.923076923077	1264.0	-3.0239234449760763	-8.717703349282296	3216.0	4777984.0	98.64395325944359	7.693779904306219	3644.0	
2831.0	8.98913043478261	1426.0	-6.282608695652174	-0.7826086956521738	2325.0	-153.0	0.22938530734632684	-0.17841079460269865	142.0	10654.296875	-0.2128935532233883	-119.0	32.86281406441704	33951.0	174.5426829268293	-5725.0	7025382.0	214397.64404296875	1733.0	124.72560975609757	-4091.0	-52.835365853658544	2646.0	3876.923076923077	1244.0	-2.976076555023923	-9.779904306220095	3240.0	4777984.0	98.64395325944359	7.751196172248804	4088.0	
2874.0	8.91304347826087	1433.0	-6.75	-0.8913043478260869	2335.0	-161.0	0.24137931034482757	-0.17991004497751123	130.0	10664.0625	-0.19490254872563717	-120.0	32.86281406441704	33951.0	178.59756097560978	-5858.0	7025702.0	214407.40966796875	2108.0	130.7317073170732	-4288.0	-64.26829268292684	2637.0	3863.736263736264	1316.0	-3.1483253588516744	-10.248803827751196	3188.0	4777920.0	98.64460432363417	7.626794258373206	4284.0	
2879.0	8.652173913043478	1457.0	-6.804347826086956	-0.8695652173913043	2333.0	-149.0	0.22338830584707645	-0.16941529235382308	115.0	10673.828125	-0.17241379310344826	-113.0	32.86281406441704	33951.0	182.19512195121953	-5976.0	7026022.0	214417.17529296875	2450.0	135.88414634146343	-4457.0	-74.69512195121952	2640.0	3868.131868131868	1292.0	-3.090909090909091	-10.382775119617225	3072.0	4777920.0	98.64460432363417	7.349282296650717	4340.0	
2875.0	8.48913043478261	1472.0	-6.760869565217391	-0.7608695652173912	2323.0	-148.0	0.22188905547226387	-0.15892053973013492	105.0	10683.59375	-0.15742128935532235	-106.0	32.86281406441704	33951.0	182.71341463414635	-5993.0	7026342.0	214426.94091796875	2940.0	136.12804878048783	-4465.0	-89.63414634146342	2636.0	3862.2710622710624	1240.0	-2.9665071770334928	-10.220095693779903	2948.0	4777920.0	98.64460432363417	7.052631578947368	4272.0	
2874.0	8.195652173913043	1499.0	-6.75	-0.6086956521739131	2309.0	-158.0	0.2368815592203898	-0.1454272863568216	93.0	10693.359375	-0.1394302848575712	-97.0	32.86281406441704	33951.0	182.89634146341464	-5999.0	7026662.0	214436.70654296875	3484.0	132.9268292682927	-4360.0	-106.21951219512196	2626.0	3847.6190476190477	1208.0	-2.889952153110048	-10.16267942583732	2888.0	4777920.0	98.64460432363417	6.909090909090909	4248.0	
2889.0	8.130434782608695	1505.0	-6.913043478260869	-0.5108695652173912	2300.0	-157.0	0.2353823088455772	-0.13793103448275862	80.0	10703.125	-0.1199400299850075	-92.0	32.86281406441704	33951.0	183.62804878048783	-6023.0	7026982.0	214446.47216796875	3976.0	129.60365853658539	-4251.0	-121.21951219512196	2638.0	3865.2014652014655	1184.0	-2.832535885167464	-10.30622009569378	2840.0	4777920.0	98.64460432363417	6.794258373205741	4308.0	
2915.0	8.119565217391305	1506.0	-7.195652173913043	-0.43478260869565216	2293.0	-156.0	0.2338830584707646	-0.1184407796101949	68.0	10712.890625	-0.10194902548725637	-79.0	32.86281406441704	33951.0	184.51219512195124	-6052.0	7027302.0	214456.23779296875	4423.0	127.31707317073172	-4176.0	-134.84756097560978	2655.0	3890.10989010989	1188.0	-2.8421052631578947	-10.650717703349281	2832.0	4778144.0	98.64232559960632	6.77511961722488	4452.0	
2935.0	8.130434782608695	1505.0	-7.413043478260869	-0.5108695652173912	2300.0	-159.0	0.2383808095952024	-0.095952023988006	62.0	10722.65625	-0.09295352323838081	-64.0	32.86281406441704	33951.0	187.0426829268293	-6135.0	7027622.0	214466.00341796875	4754.0	125.39634146341464	-4113.0	-144.93902439024393	2647.0	3878.388278388278	1200.0	-2.8708133971291865	-11.004784688995215	2872.0	4778144.0	98.64232559960632	6.8708133971291865	4600.0	
2939.0	8.119565217391305	1506.0	-7.456521739130435	-0.5652173913043478	2305.0	-154.0	0.23088455772113942	-0.08695652173913043	54.0	10732.421875	-0.08095952023988005	-58.0	32.86281406441704	33951.0	186.46341463414635	-6116.0	7027942.0	214475.76904296875	4858.0	125.45731707317074	-4115.0	-148.109756097561	2655.0	3890.10989010989	1196.0	-2.861244019138756	-11.043062200956937	2840.0	4778144.0	98.64232559960632	6.794258373205741	4616.0	
2963.0	8.217391304347826	1497.0	-7.717391304347826	-0.41304347826086957	2291.0	-154.0	0.23088455772113942	-0.06896551724137931	39.0	10742.1875	-0.05847076461769115	-46.0	32.86281406441704	33951.0	183.9329268292683	-6033.0	7028262.0	214485.53466796875	4904.0	124.14634146341464	-4072.0	-149.51219512195124	2629.0	3852.0146520146523	1160.0	-2.77511961722488	-11.349282296650717	2892.0	4778144.0	98.64232559960632	6.918660287081339	4744.0	
2985.0	8.67391304347826	1455.0	-7.956521739130435	-0.21739130434782608	2273.0	-155.0	0.23238380809595202	-0.047976011994003	32.0	10751.953125	-0.047976011994003	-32.0	32.86281406441704	33951.0	185.4878048780488	-6084.0	7028582.0	214495.30029296875	4865.0	119.81707317073172	-3930.0	-148.32317073170734	2642.0	3871.062271062271	1076.0	-2.574162679425837	-11.665071770334928	3044.0	4778144.0	98.64232559960632	7.282296650717703	4876.0	
2991.0	9.01086956521739	1424.0	-8.021739130434783	0.03260869565217391	2250.0	-152.0	0.22788605697151423	-0.031484257871064465	24.0	10761.71875	-0.035982008995502246	-21.0	32.86281406441704	33951.0	188.9329268292683	-6197.0	7028902.0	214505.06591796875	4653.0	114.81707317073172	-3766.0	-141.859756097561	2647.0	3878.388278388278	988.0	-2.3636363636363638	-11.71291866028708	3212.0	4777920.0	98.64460432363417	7.684210526315789	4896.0	
2988.0	9.043478260869565	1421.0	-7.989130434782608	0.2608695652173913	2229.0	-157.0	0.2353823088455772	-0.017991004497751123	3.0	10771.484375	-0.004497751124437781	-12.0	32.86281406441704	33951.0	188.26219512195124	-6175.0	7029222.0	214514.83154296875	4271.0	108.9329268292683	-3573.0	-130.21341463414635	2636.0	3862.2710622710624	872.0	-2.0861244019138754	-11.626794258373206	3288.0	4777920.0	98.64460432363417	7.866028708133971	4860.0	
2983.0	9.195652173913043	1407.0	-7.934782608695652	0.3913043478260869	2217.0	-156.0	0.2338830584707646	0.008995502248875561	1.0	10781.25	-0.0014992503748125937	6.0	32.86281406441704	33951.0	183.38414634146343	-6015.0	7029542.0	214524.59716796875	3787.0	102.31707317073172	-3356.0	-115.45731707317074	2652.0	3885.714285714286	804.0	-1.9234449760765548	-11.55023923444976	3320.0	4777920.0	98.64460432363417	7.9425837320574155	4828.0	
2978.0	9.08695652173913	1417.0	-7.880434782608695	0.41304347826086957	2215.0	-156.0	0.2338830584707646	0.029985007496251874	-7.0	10791.015625	0.010494752623688156	20.0	32.86281406441704	33951.0	177.10365853658539	-5809.0	7029862.0	214534.36279296875	3262.0	94.96951219512196	-3115.0	-99.45121951219514	2637.0	3863.736263736264	832.0	-1.9904306220095693	-11.454545454545453	3332.0	4777920.0	98.64460432363417	7.971291866028708	4788.0	
2958.0	9.0	1425.0	-7.663043478260869	0.33695652173913043	2222.0	-146.0	0.21889055472263869	0.034482758620689655	-10.0	10800.78125	0.014992503748125937	23.0	32.86281406441704	33951.0	169.2378048780488	-5551.0	7030182.0	214544.12841796875	2668.0	87.8048780487805	-2880.0	-81.34146341463415	2632.0	3856.4102564102564	816.0	-1.9521531100478469	-11.311004784688995	3276.0	4777920.0	98.64460432363417	7.837320574162679	4728.0	
2931.0	8.73913043478261	1449.0	-7.369565217391304	0.44565217391304346	2212.0	-152.0	0.22788605697151423	0.06146926536731634	-15.0	10810.546875	0.022488755622188904	41.0	32.86281406441704	33951.0	159.1768292682927	-5221.0	7030502.0	214553.89404296875	2110.0	79.90853658536587	-2621.0	-64.32926829268293	2647.0	3878.388278388278	792.0	-1.894736842105263	-11.081339712918659	3208.0	4777952.0	98.64427879152062	7.6746411483253585	4632.0	
2926.0	8.58695652173913	1463.0	-7.315217391304348	0.5	2207.0	-147.0	0.22038980509745126	0.07496251874062969	-24.0	10820.3125	0.035982008995502246	50.0	32.86281406441704	33951.0	147.28658536585368	-4831.0	7030822.0	214563.65966796875	1603.0	71.89024390243902	-2358.0	-48.8719512195122	2635.0	3860.805860805861	756.0	-1.8086124401913874	-10.78468899521531	3108.0	4777952.0	98.64427879152062	7.435406698564593	4508.0	
2902.0	8.445652173913043	1476.0	-7.054347826086956	0.5	2207.0	-145.0	0.21739130434782608	0.08845577211394302	-27.0	10830.078125	0.04047976011994003	59.0	32.86281406441704	33951.0	134.4817073170732	-4411.0	7031142.0	214573.42529296875	1147.0	63.62804878048781	-2087.0	-34.96951219512196	2632.0	3856.4102564102564	684.0	-1.6363636363636362	-10.555023923444976	3040.0	4777952.0	98.64427879152062	7.2727272727272725	4412.0	
2894.0	8.42391304347826	1478.0	-6.967391304347826	0.7608695652173912	2183.0	-138.0	0.20689655172413793	0.09895052473763118	-34.0	10839.84375	0.050974512743628186	66.0	32.86281406441704	33951.0	121.12804878048782	-3973.0	7031462.0	214583.19091796875	782.0	54.69512195121952	-1794.0	-23.84146341463415	2640.0	3868.131868131868	648.0	-1.5502392344497606	-10.459330143540669	3012.0	4777952.0	98.64427879152062	7.205741626794258	4372.0	
2879.0	8.195652173913043	1499.0	-6.804347826086956	1.076086956521739	2154.0	-141.0	0.21139430284857572	0.09895052473763118	-29.0	10849.609375	0.043478260869565216	66.0	32.86281406441704	33951.0	108.14024390243904	-3547.0	7031782.0	214592.95654296875	485.0	45.00000000000001	-1476.0	-14.786585365853659	2650.0	3882.7838827838827	536.0	-1.2822966507177034	-10.267942583732056	2960.0	4777952.0	98.64427879152062	7.08133971291866	4292.0	
2862.0	7.978260869565217	1519.0	-6.619565217391304	1.326086956521739	2131.0	-130.0	0.19490254872563717	0.10944527736131934	-30.0	10859.375	0.04497751124437781	73.0	32.86281406441704	33951.0	95.27439024390245	-3125.0	7032102.0	214602.72216796875	227.0	35.54878048780488	-1166.0	-6.920731707317074	2650.0	3882.7838827838827	444.0	-1.062200956937799	-10.086124401913874	2876.0	4777952.0	98.64427879152062	6.880382775119617	4216.0	
2851.0	7.75	1540.0	-6.5	1.5	2115.0	-138.0	0.20689655172413793	0.12293853073463268	-49.0	10869.140625	0.07346326836581708	82.0	32.86281406441704	33951.0	82.10365853658537	-2693.0	7032422.0	214612.48779296875	26.0	26.219512195121954	-860.0	-0.7926829268292683	2636.0	3862.2710622710624	336.0	-0.8038277511961722	-9.923444976076555	2776.0	4777952.0	98.64427879152062	6.641148325358851	4148.0	
2834.0	7.423913043478261	1570.0	-6.315217391304348	1.608695652173913	2105.0	-134.0	0.20089955022488756	0.12743628185907047	-41.0	10878.90625	0.06146926536731634	85.0	32.86281406441704	33951.0	69.72560975609757	-2287.0	7032742.0	214622.25341796875	-12.0	17.5	-574.0	0.3658536585365854	2639.0	3866.6666666666665	260.0	-0.6220095693779905	-9.789473684210526	2644.0	4777952.0	98.64427879152062	6.325358851674641	4092.0	
2803.0	6.978260869565217	1611.0	-5.978260869565217	1.608695652173913	2105.0	-128.0	0.191904047976012	0.1424287856071964	-44.0	10888.671875	0.06596701649175413	95.0	32.86281406441704	33951.0	58.59756097560976	-1922.0	7033062.0	214632.01904296875	-22.0	12.01219512195122	-394.0	0.6707317073170732	2649.0	3881.3186813186812	248.0	-0.5933014354066986	-9.607655502392344	2460.0	4777952.0	98.64427879152062	5.885167464114832	4016.0	
2828.0	6.619565217391304	1644.0	-6.25	1.391304347826087	2125.0	-130.0	0.19490254872563717	0.136431784107946	-43.0	10898.4375	0.06446776611694152	91.0	32.86281406441704	33951.0	45.57926829268293	-1495.0	7033382.0	214641.78466796875	-107.0	9.908536585365855	-325.0	3.26219512195122	2626.0	3847.6190476190477	324.0	-0.7751196172248803	-9.54066985645933	2276.0	4777952.0	98.64427879152062	5.444976076555024	3988.0	
2858.0	6.413043478260869	1663.0	-6.576086956521739	1.1304347826086956	2149.0	-122.0	0.1829085457271364	0.1394302848575712	-43.0	10908.203125	0.06446776611694152	93.0	32.86281406441704	33951.0	27.713414634146343	-909.0	7033702.0	214651.55029296875	-210.0	13.414634146341465	-440.0	6.402439024390245	2645.0	3875.4578754578756	404.0	-0.9665071770334928	-9.942583732057416	2172.0	4777968.0	98.64411602547754	5.196172248803827	4156.0	
2867.0	6.489130434782608	1656.0	-6.673913043478261	1.0869565217391304	2153.0	-138.0	0.20689655172413793	0.14692653673163417	-44.0	10917.96875	0.06596701649175413	98.0	32.86281406441704	33951.0	11.250000000000002	-369.0	7034022.0	214661.31591796875	-310.0	20.457317073170735	-671.0	9.451219512195124	2642.0	3871.062271062271	444.0	-1.062200956937799	-10.076555023923445	2160.0	4777968.0	98.64411602547754	5.167464114832535	4212.0	
2858.0	6.576086956521739	1648.0	-6.576086956521739	1.2717391304347825	2136.0	-125.0	0.1874062968515742	0.1394302848575712	-41.0	10927.734375	0.06146926536731634	93.0	32.86281406441704	33951.0	2.2865853658536586	-75.0	7034342.0	214671.08154296875	-118.0	24.237804878048784	-795.0	3.5975609756097566	2632.0	3856.4102564102564	360.0	-0.8612440191387559	-9.971291866028707	2196.0	4777968.0	98.64411602547754	5.253588516746412	4168.0	
2831.0	6.717391304347826	1635.0	-6.282608695652174	1.3478260869565217	2129.0	-125.0	0.1874062968515742	0.1394302848575712	-41.0	10937.5	0.06146926536731634	93.0	32.86281406441704	33951.0	-3.2926829268292686	108.0	7034662.0	214680.84716796875	284.0	27.439024390243905	-900.0	-8.658536585365855	2650.0	3882.7838827838827	304.0	-0.7272727272727273	-9.578947368421053	2200.0	4777968.0	98.64411602547754	5.263157894736842	4004.0	
2808.0	6.358695652173913	1668.0	-6.032608695652174	1.5217391304347825	2113.0	-125.0	0.1874062968515742	0.1454272863568216	-50.0	10947.265625	0.07496251874062969	97.0	32.86281406441704	33951.0	-6.859756097560976	225.0	7034982.0	214690.61279296875	762.0	30.487804878048784	-1000.0	-23.231707317073173	2630.0	3853.479853479854	224.0	-0.5358851674641149	-9.272727272727272	2100.0	4777968.0	98.64411602547754	5.023923444976076	3876.0	
2790.0	5.956521739130435	1705.0	-5.83695652173913	1.608695652173913	2105.0	-125.0	0.1874062968515742	0.1454272863568216	-50.0	10957.03125	0.07496251874062969	97.0	32.86281406441704	33951.0	-12.682926829268293	416.0	7035302.0	214700.37841796875	1294.0	33.84146341463415	-1110.0	-39.451219512195124	2631.0	3854.945054945055	172.0	-0.41148325358851673	-9.129186602870814	1904.0	4778080.0	98.64297666343167	4.555023923444976	3816.0	
2782.0	5.456521739130435	1751.0	-5.75	1.75	2092.0	-125.0	0.1874062968515742	0.14392803598200898	-48.0	10966.796875	0.07196401799100449	96.0	32.86281406441704	33951.0	-21.06707317073171	691.0	7035622.0	214710.14404296875	1871.0	39.237804878048784	-1287.0	-57.04268292682927	2651.0	3884.2490842490843	128.0	-0.3062200956937799	-9.138755980861244	1704.0	4778080.0	98.64297666343167	4.0765550239234445	3820.0	
2801.0	5.282608695652174	1767.0	-5.956521739130435	1.7717391304347825	2090.0	-129.0	0.1934032983508246	0.1424287856071964	-50.0	10976.5625	0.07496251874062969	95.0	32.86281406441704	33951.0	-31.189024390243905	1023.0	7035942.0	214719.90966796875	2413.0	45.213414634146346	-1483.0	-73.56707317073172	2634.0	3859.3406593406594	92.0	-0.2200956937799043	-9.23444976076555	1616.0	4778080.0	98.64297666343167	3.866028708133971	3860.0	
2787.0	5.315217391304348	1764.0	-5.804347826086956	1.641304347826087	2102.0	-121.0	0.18140929535232383	0.1424287856071964	-53.0	10986.328125	0.07946026986506746	95.0	32.86281406441704	33951.0	-43.29268292682927	1420.0	7036262.0	214729.67529296875	2995.0	52.16463414634147	-1711.0	-91.3109756097561	2644.0	3873.992673992674	156.0	-0.37320574162679426	-9.148325358851674	1656.0	4778080.0	98.64297666343167	3.9617224880382773	3824.0	
2788.0	5.771739130434782	1722.0	-5.815217391304348	1.5543478260869565	2110.0	-123.0	0.18440779610194902	0.13793103448275862	-52.0	10996.09375	0.07796101949025487	92.0	32.86281406441704	33951.0	-51.646341463414636	1694.0	7036582.0	214739.44091796875	3710.0	58.78048780487806	-1928.0	-113.10975609756099	2639.0	3866.6666666666665	176.0	-0.42105263157894735	-9.09090909090909	1720.0	4778080.0	98.64297666343167	4.114832535885167	3800.0	
2763.0	6.08695652173913	1693.0	-5.543478260869565	1.5869565217391304	2107.0	-119.0	0.17841079460269865	0.14392803598200898	-49.0	11005.859375	0.07346326836581708	96.0	32.86281406441704	33951.0	-55.15243902439025	1809.0	7036902.0	214749.20654296875	4269.0	63.26219512195122	-2075.0	-130.15243902439025	2627.0	3849.084249084249	172.0	-0.41148325358851673	-8.842105263157894	1900.0	4778208.0	98.64167453592707	4.545454545454545	3696.0	
2782.0	6.554347826086956	1650.0	-5.75	1.6956521739130435	2097.0	-120.0	0.17991004497751123	0.13793103448275862	-49.0	11015.625	0.07346326836581708	92.0	32.86281406441704	33951.0	-63.62804878048781	2087.0	7037222.0	214758.97216796875	4835.0	65.2439024390244	-2140.0	-147.40853658536588	2641.0	3869.5970695970695	168.0	-0.4019138755980861	-8.813397129186603	2096.0	4778208.0	98.64167453592707	5.0143540669856455	3684.0	
2798.0	6.934782608695652	1615.0	-5.923913043478261	1.684782608695652	2098.0	-116.0	0.17391304347826086	0.1454272863568216	-50.0	11025.390625	0.07496251874062969	97.0	32.86281406441704	33951.0	-72.83536585365854	2389.0	7037542.0	214768.73779296875	5323.0	70.60975609756098	-2316.0	-162.28658536585368	2630.0	3853.479853479854	140.0	-0.33492822966507174	-9.177033492822966	2320.0	4778208.0	98.64167453592707	5.55023923444976	3836.0	
2820.0	7.239130434782608	1587.0	-6.163043478260869	1.3695652173913042	2127.0	-112.0	0.1679160419790105	0.12593703148425786	-49.0	11035.15625	0.07346326836581708	84.0	32.86281406441704	33951.0	-81.3109756097561	2667.0	7037862.0	214778.50341796875	5519.0	75.54878048780489	-2478.0	-168.26219512195124	2632.0	3856.4102564102564	264.0	-0.631578947368421	-9.483253588516746	2480.0	4778208.0	98.64167453592707	5.9330143540669855	3964.0	
2826.0	7.532608695652174	1560.0	-6.228260869565217	1.0869565217391304	2153.0	-110.0	0.1649175412293853	0.12293853073463268	-49.0	11044.921875	0.07346326836581708	82.0	32.86281406441704	33951.0	-93.81097560975611	3077.0	7038182.0	214788.26904296875	5820.0	83.17073170731707	-2728.0	-177.43902439024393	2643.0	3872.5274725274726	444.0	-1.062200956937799	-9.799043062200957	2644.0	4778208.0	98.64167453592707	6.325358851674641	4096.0	
2853.0	7.945652173913043	1522.0	-6.521739130434782	0.9891304347826086	2162.0	-114.0	0.17091454272863568	0.12443778110944527	-47.0	11054.6875	0.0704647676161919	83.0	32.86281406441704	33951.0	-109.02439024390245	3576.0	7038502.0	214798.03466796875	6162.0	86.79878048780489	-2847.0	-187.8658536585366	2628.0	3850.5494505494507	476.0	-1.138755980861244	-9.942583732057416	2840.0	4778112.0	98.64265113150073	6.794258373205741	4156.0	
2855.0	8.467391304347826	1474.0	-6.543478260869565	1.1956521739130435	2143.0	-108.0	0.1619190404797601	0.12893553223388304	-54.0	11064.453125	0.08095952023988005	86.0	32.86281406441704	33951.0	-122.92682926829269	4032.0	7038822.0	214807.80029296875	6514.0	85.91463414634147	-2818.0	-198.59756097560978	2638.0	3865.2014652014655	396.0	-0.9473684210526315	-9.971291866028707	3036.0	4778112.0	98.64265113150073	7.263157894736842	4168.0	
2858.0	8.92391304347826	1432.0	-6.576086956521739	1.326086956521739	2131.0	-100.0	0.14992503748125938	0.1199400299850075	-48.0	11074.21875	0.07196401799100449	80.0	32.86281406441704	33951.0	-135.609756097561	4448.0	7039142.0	214817.56591796875	6833.0	82.13414634146342	-2694.0	-208.32317073170734	2642.0	3871.062271062271	344.0	-0.8229665071770335	-10.028708133971291	3248.0	4778112.0	98.64265113150073	7.770334928229665	4192.0	
2855.0	9.293478260869565	1398.0	-6.543478260869565	1.4456521739130435	2120.0	-103.0	0.15442278860569714	0.10644677661169415	-44.0	11083.984375	0.06596701649175413	71.0	32.86281406441704	33951.0	-148.62804878048783	4875.0	7039462.0	214827.33154296875	7157.0	75.85365853658537	-2488.0	-218.20121951219514	2635.0	3860.805860805861	284.0	-0.6794258373205742	-9.990430622009569	3428.0	4778112.0	98.64265113150073	8.200956937799043	4176.0	
2846.0	9.728260869565217	1358.0	-6.445652173913043	1.4130434782608696	2123.0	-105.0	0.15742128935532235	0.10194902548725637	-43.0	11093.75	0.06446776611694152	68.0	32.86281406441704	33951.0	-161.859756097561	5309.0	7039782.0	214837.09716796875	7452.0	67.40853658536587	-2211.0	-227.19512195121953	2648.0	3879.8534798534797	300.0	-0.7177033492822966	-9.789473684210526	3592.0	4778112.0	98.64265113150073	8.593301435406698	4092.0	
2824.0	9.91304347826087	1341.0	-6.206521739130435	1.391304347826087	2125.0	-104.0	0.15592203898050974	0.08845577211394302	-37.0	11103.515625	0.05547226386806597	59.0	32.86281406441704	33951.0	-175.1829268292683	5746.0	7040102.0	214846.86279296875	7745.0	57.65243902439025	-1891.0	-236.12804878048783	2631.0	3854.945054945055	320.0	-0.7655502392344498	-9.55023923444976	3724.0	4778176.0	98.64200006774844	8.909090909090908	3992.0	
2792.0	10.271739130434783	1308.0	-5.858695652173913	1.3043478260869565	2133.0	-108.0	0.1619190404797601	0.08395802098950525	-43.0	11113.28125	0.06446776611694152	56.0	32.86281406441704	33951.0	-187.37804878048783	6146.0	7040422.0	214856.62841796875	7946.0	46.676829268292686	-1531.0	-242.25609756097563	2631.0	3854.945054945055	356.0	-0.8516746411483254	-9.23444976076555	3884.0	4778176.0	98.64200006774844	9.291866028708133	3860.0	
2764.0	10.619565217391305	1276.0	-5.554347826086956	1.326086956521739	2131.0	-110.0	0.1649175412293853	0.07646176911544228	-33.0	11123.046875	0.04947526236881559	51.0	32.86281406441704	33951.0	-198.68902439024393	6517.0	7040742.0	214866.39404296875	8054.0	34.78658536585366	-1141.0	-245.5487804878049	2648.0	3879.8534798534797	384.0	-0.9186602870813396	-9.014354066985646	4084.0	4778176.0	98.64200006774844	9.770334928229664	3768.0	
2792.0	10.271739130434783	1308.0	-5.858695652173913	1.3043478260869565	2133.0	-123.0	0.18440779610194902	0.05547226386806597	-26.0	11132.8125	0.038980509745127435	37.0	32.86281406441704	33951.0	-216.9817073170732	7117.0	7041062.0	214876.15966796875	7921.0	8.170731707317074	-268.0	-241.49390243902442	2631.0	3854.945054945055	324.0	-0.7751196172248803	-8.976076555023923	4380.0	4778176.0	98.64200006774844	10.47846889952153	3752.0	
2779.0	12.152173913043478	1135.0	-5.717391304347826	1.826086956521739	2085.0	-123.0	0.18440779610194902	0.04497751124437781	-21.0	11152.34375	0.031484257871064465	30.0	32.86281406441704	33951.0	-225.33536585365854	7391.0	7041702.0	214895.69091796875	7601.0	-8.689024390243903	285.0	-231.7378048780488	2646.0	3876.923076923077	224.0	-0.5358851674641149	-9.10047846889952	4612.0	4778176.0	98.64200006774844	11.033492822966506	3804.0	
2787.0	12.880434782608695	1068.0	-5.804347826086956	1.75	2092.0	-124.0	0.18590704647676162	0.025487256371814093	-16.0	11162.109375	0.0239880059970015	17.0	32.86281406441704	33951.0	-230.45731707317074	7559.0	7042022.0	214905.45654296875	7285.0	-29.146341463414636	956.0	-222.10365853658539	2630.0	3853.479853479854	164.0	-0.3923444976076555	-9.138755980861244	4968.0	4778064.0	98.64313942941084	11.885167464114833	3820.0	
2798.0	13.467391304347826	1014.0	-5.923913043478261	1.5434782608695652	2111.0	-136.0	0.20389805097451275	0.019490254872563718	-8.0	11171.875	0.01199400299850075	13.0	32.86281406441704	33951.0	-233.62804878048783	7663.0	7042342.0	214915.22216796875	6657.0	-45.457317073170735	1491.0	-202.95731707317074	2640.0	3868.131868131868	276.0	-0.6602870813397129	-9.4066985645933	5284.0	4778064.0	98.64313942941084	12.64114832535885	3932.0	
2835.0	13.782608695652174	985.0	-6.326086956521739	1.4782608695652173	2117.0	-141.0	0.21139430284857572	-0.005997001499250375	6.0	11181.640625	-0.008995502248875561	-4.0	32.86281406441704	33951.0	-238.59756097560978	7826.0	7042662.0	214924.98779296875	5838.0	-58.47560975609757	1918.0	-177.9878048780488	2632.0	3856.4102564102564	348.0	-0.8325358851674641	-9.818181818181818	5484.0	4778064.0	98.64313942941084	13.119617224880383	4104.0	
2844.0	13.945652173913043	970.0	-6.423913043478261	1.4456521739130435	2120.0	-152.0	0.22788605697151423	-0.005997001499250375	4.0	11191.40625	-0.005997001499250375	-4.0	32.86281406441704	33951.0	-242.80487804878052	7964.0	7042982.0	214934.75341796875	4765.0	-74.0548780487805	2429.0	-145.27439024390245	2641.0	3869.5970695970695	340.0	-0.8133971291866028	-9.933014354066986	5544.0	4778064.0	98.64313942941084	13.26315789473684	4152.0	
2859.0	14.33695652173913	934.0	-6.58695652173913	1.326086956521739	2131.0	-162.0	0.24287856071964017	-0.022488755622188904	17.0	11201.171875	-0.025487256371814093	-15.0	32.86281406441704	33951.0	-249.51219512195124	8184.0	7043302.0	214944.51904296875	3778.0	-89.1158536585366	2923.0	-115.1829268292683	2632.0	3856.4102564102564	416.0	-0.9952153110047847	-10.086124401913874	5704.0	4778064.0	98.64313942941084	13.645933014354066	4216.0	
2865.0	14.728260869565217	898.0	-6.6521739130434785	1.5	2115.0	-165.0	0.24737631184407796	-0.038980509745127435	29.0	11210.9375	-0.043478260869565216	-26.0	32.86281406441704	33951.0	-254.75609756097563	8356.0	7043622.0	214954.28466796875	2991.0	-105.94512195121952	3475.0	-91.18902439024392	2628.0	3850.5494505494507	352.0	-0.8421052631578947	-10.248803827751196	5908.0	4777904.0	98.64476708970464	14.133971291866029	4284.0	
2873.0	15.097826086956522	864.0	-6.739130434782608	1.608695652173913	2105.0	-178.0	0.26686656671664166	-0.043478260869565216	40.0	11220.703125	-0.05997001499250375	-29.0	32.86281406441704	33951.0	-255.21341463414637	8371.0	7043942.0	214964.05029296875	2146.0	-122.40853658536587	4015.0	-65.42682926829269	2639.0	3866.6666666666665	308.0	-0.7368421052631579	-10.344497607655502	6060.0	4777904.0	98.64476708970464	14.497607655502392	4324.0	
2874.0	15.184782608695652	856.0	-6.75	1.7282608695652173	2094.0	-179.0	0.26836581709145424	-0.06446776611694152	54.0	11230.46875	-0.08095952023988005	-43.0	32.86281406441704	33951.0	-255.70121951219514	8387.0	7044262.0	214973.81591796875	1489.0	-137.4390243902439	4508.0	-45.396341463414636	2640.0	3868.131868131868	244.0	-0.5837320574162679	-10.363636363636363	6104.0	4777904.0	98.64476708970464	14.602870813397129	4332.0	
2868.0	14.771739130434781	894.0	-6.684782608695652	1.6739130434782608	2099.0	-188.0	0.2818590704647676	-0.08545727136431784	66.0	11240.234375	-0.09895052473763118	-57.0	32.86281406441704	33951.0	-258.38414634146346	8475.0	7044582.0	214983.58154296875	872.0	-150.82317073170734	4947.0	-26.58536585365854	2634.0	3859.3406593406594	252.0	-0.6028708133971291	-10.239234449760765	5928.0	4777904.0	98.64476708970464	14.181818181818182	4280.0	
2863.0	14.402173913043478	928.0	-6.630434782608695	1.608695652173913	2105.0	-193.0	0.2893553223388306	-0.09745127436281859	79.0	11250.0	-0.1184407796101949	-65.0	32.86281406441704	33951.0	-264.4817073170732	8675.0	7044902.0	214993.34716796875	268.0	-161.70731707317074	5304.0	-8.170731707317074	2642.0	3871.062271062271	256.0	-0.6124401913875598	-10.095693779904305	5720.0	4777904.0	98.64476708970464	13.68421052631579	4220.0	
2850.0	13.956521739130434	969.0	-6.489130434782608	1.4782608695652173	2117.0	-199.0	0.2983508245877061	-0.10644677661169415	95.0	11259.765625	-0.1424287856071964	-71.0	32.86281406441704	33951.0	-276.7987804878049	9079.0	7045222.0	215003.11279296875	-191.0	-171.12804878048783	5613.0	5.823170731707318	2623.0	3843.223443223443	320.0	-0.7655502392344498	-9.980861244019138	5564.0	4778208.0	98.64167453592707	13.311004784688995	4172.0	
2823.0	14.043478260869565	961.0	-6.195652173913043	1.0	2161.0	-204.0	0.3058470764617691	-0.1184407796101949	112.0	11269.53125	-0.1679160419790105	-79.0	32.86281406441704	33951.0	-284.81707317073176	9342.0	7045542.0	215012.87841796875	-479.0	-175.76219512195124	5765.0	14.603658536585368	2637.0	3863.736263736264	528.0	-1.263157894736842	-9.789473684210526	5584.0	4778208.0	98.64167453592707	13.358851674641148	4092.0	
2815.0	14.26086956521739	941.0	-6.108695652173913	0.5869565217391304	2199.0	-210.0	0.3148425787106447	-0.13493253373313344	133.0	11279.296875	-0.19940029985007496	-90.0	32.86281406441704	33951.0	-287.13414634146346	9418.0	7045862.0	215022.64404296875	-587.0	-177.31707317073173	5816.0	17.896341463414636	2629.0	3852.0146520146523	720.0	-1.7224880382775118	-9.55023923444976	5688.0	4778208.0	98.64167453592707	13.607655502392344	3992.0	
2799.0	14.16304347826087	950.0	-5.934782608695652	0.32608695652173914	2223.0	-213.0	0.3193403298350824	-0.14992503748125938	154.0	11289.0625	-0.23088455772113942	-100.0	32.86281406441704	33951.0	-286.0975609756098	9384.0	7046182.0	215032.40966796875	-486.0	-176.25000000000003	5781.0	14.817073170731708	2637.0	3863.736263736264	788.0	-1.8851674641148324	-9.435406698564593	5588.0	4778208.0	98.64167453592707	13.368421052631579	3944.0	
2766.0	13.66304347826087	996.0	-5.576086956521739	0.41304347826086957	2215.0	-220.0	0.3298350824587706	-0.1619190404797601	166.0	11298.828125	-0.24887556221889054	-108.0	32.86281406441704	33951.0	-284.57317073170736	9334.0	7046502.0	215042.17529296875	-340.0	-176.58536585365854	5792.0	10.365853658536587	2646.0	3876.923076923077	748.0	-1.7894736842105263	-9.330143540669857	5472.0	4778208.0	98.64167453592707	13.09090909090909	3900.0	
2743.0	13.293478260869565	1030.0	-5.326086956521739	0.15217391304347827	2239.0	-221.0	0.3313343328335832	-0.17241379310344826	191.0	11308.59375	-0.2863568215892054	-115.0	32.86281406441704	33951.0	-284.63414634146346	9336.0	7046822.0	215051.94091796875	-228.0	-179.72560975609758	5895.0	6.951219512195123	2658.0	3894.5054945054944	888.0	-2.124401913875598	-8.861244019138756	5240.0	4778400.0	98.63972134576592	12.535885167464114	3704.0	
2702.0	13.130434782608695	1045.0	-4.880434782608695	0.20652173913043478	2234.0	-219.0	0.328335832083958	-0.17991004497751123	207.0	11318.359375	-0.3103448275862069	-120.0	32.86281406441704	33951.0	-285.64024390243907	9369.0	7047142.0	215061.70654296875	-11.0	-183.0487804878049	6004.0	0.3353658536585366	2630.0	3853.479853479854	872.0	-2.0861244019138754	-8.354066985645932	5156.0	4778400.0	98.63972134576592	12.33492822966507	3492.0	
2664.0	13.130434782608695	1045.0	-4.467391304347826	0.43478260869565216	2213.0	-219.0	0.328335832083958	-0.18440779610194902	227.0	11328.125	-0.3403298350824588	-123.0	32.86281406441704	33951.0	-285.1829268292683	9354.0	7047462.0	215071.47216796875	96.0	-187.19512195121953	6140.0	-2.9268292682926833	2645.0	3875.4578754578756	772.0	-1.84688995215311	-7.827751196172248	5120.0	4778400.0	98.63972134576592	12.248803827751196	3272.0	
2627.0	13.271739130434781	1032.0	-4.065217391304348	0.45652173913043476	2211.0	-228.0	0.34182908545727136	-0.1889055472263868	252.0	11337.890625	-0.3778110944527736	-126.0	32.86281406441704	33951.0	-284.32926829268297	9326.0	7047782.0	215081.23779296875	306.0	-192.8658536585366	6326.0	-9.329268292682928	2638.0	3865.2014652014655	772.0	-1.84688995215311	-7.339712918660287	5200.0	4778400.0	98.63972134576592	12.440191387559809	3068.0	
2603.0	13.141304347826086	1044.0	-3.8043478260869565	0.7065217391304348	2188.0	-225.0	0.3373313343328336	-0.19490254872563717	269.0	11347.65625	-0.4032983508245877	-130.0	32.86281406441704	33951.0	-283.44512195121956	9297.0	7048102.0	215091.00341796875	484.0	-199.4207317073171	6541.0	-14.756097560975611	2641.0	3869.5970695970695	660.0	-1.5789473684210527	-7.071770334928229	5180.0	4778400.0	98.63972134576592	12.392344497607654	2956.0	
2542.0	12.826086956521738	1073.0	-3.141304347826087	0.4782608695652174	2209.0	-230.0	0.3448275862068965	-0.19940029985007496	291.0	11357.421875	-0.43628185907046474	-133.0	32.86281406441704	33951.0	-283.75	9307.0	7048422.0	215100.76904296875	152.0	-204.14634146341464	6696.0	-4.634146341463415	2641.0	3869.5970695970695	732.0	-1.7511961722488039	-6.574162679425837	5060.0	4778464.0	98.63907028267106	12.105263157894736	2748.0	
2517.0	12.619565217391305	1092.0	-2.869565217391304	-0.06521739130434782	2259.0	-225.0	0.3373313343328336	-0.19040479760119938	314.0	11367.1875	-0.4707646176911544	-127.0	32.86281406441704	33951.0	-285.82317073170736	9375.0	7048742.0	215110.53466796875	-178.0	-204.02439024390245	6692.0	5.426829268292684	2632.0	3856.4102564102564	972.0	-2.325358851674641	-6.019138755980861	4956.0	4778464.0	98.63907028267106	11.85645933014354	2516.0	
2468.0	12.391304347826086	1113.0	-2.3369565217391304	0.11956521739130435	2242.0	-225.0	0.3373313343328336	-0.2098950524737631	335.0	11376.953125	-0.5022488755622189	-140.0	32.86281406441704	33951.0	-283.9329268292683	9313.0	7049062.0	215120.30029296875	-257.0	-202.07317073170734	6628.0	7.835365853658537	2644.0	3873.992673992674	888.0	-2.124401913875598	-5.435406698564593	4820.0	4778464.0	98.63907028267106	11.531100478468899	2272.0	
2423.0	11.902173913043478	1158.0	-1.8478260869565217	0.3695652173913043	2219.0	-219.0	0.328335832083958	-0.1934032983508246	357.0	11386.71875	-0.5352323838080959	-129.0	32.86281406441704	33951.0	-276.4329268292683	9067.0	7049382.0	215130.06591796875	-643.0	-200.82317073170734	6587.0	19.603658536585368	2647.0	3878.388278388278	780.0	-1.8660287081339713	-4.813397129186603	4568.0	4778464.0	98.63907028267106	10.92822966507177	2012.0	
2384.0	11.152173913043478	1227.0	-1.4239130434782608	0.6086956521739131	2197.0	-218.0	0.3268365817091454	-0.1874062968515742	379.0	11396.484375	-0.568215892053973	-125.0	32.86281406441704	33951.0	-270.70121951219517	8879.0	7049702.0	215139.83154296875	-898.0	-198.47560975609758	6510.0	27.378048780487806	2636.0	3862.2710622710624	656.0	-1.569377990430622	-4.267942583732057	4224.0	4778464.0	98.63907028267106	10.105263157894736	1784.0	
2342.0	10.315217391304348	1304.0	-0.967391304347826	1.108695652173913	2151.0	-210.0	0.3148425787106447	-0.191904047976012	395.0	11406.25	-0.5922038980509745	-128.0	32.87275634447578	33953.0	-264.5426829268293	8677.0	7050022.0	215149.59716796875	-1086.0	-198.9329268292683	6525.0	33.109756097560975	2654.0	3888.644688644689	428.0	-1.0239234449760766	-3.6746411483253585	3808.0	4778464.0	98.64075324948253	9.110047846889952	1536.0	
2302.0	9.521739130434783	1377.0	-0.532608695652174	0.8260869565217391	2177.0	-210.0	0.3148425787106447	-0.18590704647676162	413.0	11416.015625	-0.6191904047976011	-124.0	32.87275634447578	33953.0	-259.0548780487805	8497.0	7050342.0	215159.36279296875	-1317.0	-199.51219512195124	6544.0	40.15243902439025	2626.0	3847.6190476190477	552.0	-1.3205741626794258	-3.129186602870813	3476.0	4778464.0	98.64075324948253	8.31578947368421	1308.0	
2261.0	9.076086956521738	1418.0	-0.08695652173913043	0.9456521739130435	2166.0	-208.0	0.3118440779610195	-0.18590704647676162	431.0	11425.78125	-0.6461769115442278	-124.0	32.87275634447578	33953.0	-253.93292682926833	8329.0	7050662.0	215169.12841796875	-1043.0	-198.20121951219514	6501.0	31.79878048780488	2636.0	3862.2710622710624	440.0	-1.0526315789473684	-2.736842105263158	3264.0	4778464.0	98.64075324948253	7.8086124401913874	1144.0	
2228.0	8.576086956521738	1464.0	0.2717391304347826	1.5652173913043477	2109.0	-190.0	0.2848575712143928	-0.17391304347826086	447.0	11435.546875	-0.6701649175412293	-116.0	32.87275634447578	33953.0	-245.06097560975613	8038.0	7050982.0	215178.89404296875	-825.0	-198.44512195121953	6509.0	25.152439024390247	2648.0	3879.8534798534797	212.0	-0.507177033492823	-2.2679425837320575	2996.0	4778464.0	98.64075324948253	7.167464114832535	948.0	
2193.0	7.913043478260869	1525.0	0.6521739130434783	1.4130434782608696	2123.0	-186.0	0.2788605697151424	-0.1634182908545727	473.0	11445.3125	-0.7091454272863568	-109.0	32.87275634447578	33953.0	-237.40853658536588	7787.0	7051302.0	215188.65966796875	-734.0	-195.21341463414635	6403.0	22.378048780487806	2633.0	3857.875457875458	248.0	-0.5933014354066986	-2.0382775119617222	2844.0	4778464.0	98.64075324948253	6.803827751196172	852.0	
2154.0	7.532608695652174	1560.0	1.076086956521739	1.891304347826087	2079.0	-179.0	0.26836581709145424	-0.15442278860569714	485.0	11455.078125	-0.7271364317841079	-103.0	32.87275634447578	33953.0	-242.13414634146343	7942.0	7051622.0	215198.42529296875	-350.0	-184.1768292682927	6041.0	10.670731707317074	2631.0	3854.945054945055	56.0	-0.1339712918660287	-1.5406698564593302	2660.0	4777696.0	98.64856614280247	6.363636363636363	644.0	
2115.0	6.5978260869565215	1646.0	1.5	2.130434782608696	2057.0	-171.0	0.2563718140929535	-0.1424287856071964	501.0	11464.84375	-0.7511244377811094	-95.0	32.87275634447578	33953.0	-233.2926829268293	7652.0	7051942.0	215208.19091796875	-545.0	-177.89634146341464	5835.0	16.615853658536587	2648.0	3879.8534798534797	-44.0	0.10526315789473684	-1.0334928229665072	2252.0	4777696.0	98.64856614280247	5.38755980861244	432.0	
2091.0	6.010869565217392	1700.0	1.7608695652173914	2.0760869565217392	2062.0	-163.0	0.24437781109445278	-0.13343328335832083	514.0	11474.609375	-0.7706146926536731	-89.0	32.87275634447578	33953.0	-212.46951219512198	6969.0	7052262.0	215217.95654296875	-741.0	-169.93902439024393	5574.0	22.59146341463415	2648.0	3879.8534798534797	-80.0	0.19138755980861244	-0.6602870813397129	1904.0	4777696.0	98.64856614280247	4.555023923444976	276.0	
2081.0	5.630434782608695	1735.0	1.8695652173913042	2.2717391304347827	2044.0	-159.0	0.2383808095952024	-0.11094452773613193	523.0	11484.375	-0.7841079460269865	-74.0	32.87275634447578	33953.0	-194.75609756097563	6388.0	7052582.0	215227.72216796875	-494.0	-160.70121951219514	5271.0	15.060975609756099	2642.0	3871.062271062271	-100.0	0.23923444976076555	-0.41148325358851673	1712.0	4777696.0	98.64856614280247	4.095693779904306	172.0	
2044.0	5.445652173913043	1752.0	2.2717391304347827	2.5760869565217392	2016.0	-152.0	0.22788605697151423	-0.10194902548725637	532.0	11494.140625	-0.7976011994002998	-68.0	32.87275634447578	33953.0	-183.56707317073173	6021.0	7052902.0	215237.48779296875	-425.0	-151.21951219512198	4960.0	12.957317073170733	2636.0	3862.2710622710624	-296.0	0.708133971291866	-0.03827751196172249	1636.0	4777696.0	98.64856614280247	3.913875598086124	16.0	
2009.0	5.478260869565217	1749.0	2.652173913043478	2.8478260869565215	1991.0	-140.0	0.2098950524737631	-0.0944527736131934	542.0	11503.90625	-0.8125937031484257	-63.0	32.87275634447578	33953.0	-174.08536585365854	5710.0	7053222.0	215247.25341796875	-485.0	-140.609756097561	4612.0	14.786585365853659	2643.0	3872.5274725274726	-396.0	0.9473684210526315	0.41148325358851673	1676.0	4777760.0	98.64791506755559	4.009569377990431	-172.0	
1961.0	5.33695652173913	1762.0	3.1739130434782608	3.0543478260869565	1972.0	-131.0	0.19640179910044978	-0.07796101949025487	547.0	11513.671875	-0.8200899550224887	-52.0	32.87275634447578	33953.0	-160.97560975609758	5280.0	7053542.0	215257.01904296875	-440.0	-130.57926829268294	4283.0	13.414634146341465	2640.0	3868.131868131868	-460.0	1.1004784688995215	0.8995215311004784	1664.0	4777760.0	98.64791506755559	3.9808612440191387	-376.0	
1952.0	4.934782608695652	1799.0	3.2717391304347827	3.391304347826087	1941.0	-126.0	0.1889055472263868	-0.07796101949025487	559.0	11523.4375	-0.8380809595202399	-52.0	32.87275634447578	33953.0	-145.7317073170732	4780.0	7053862.0	215266.78466796875	-583.0	-122.71341463414635	4025.0	17.77439024390244	2632.0	3856.4102564102564	-648.0	1.5502392344497606	1.2248803827751196	1440.0	4777760.0	98.64791506755559	3.4449760765550237	-512.0	
1932.0	4.576086956521739	1832.0	3.4891304347826084	3.5	1931.0	-123.0	0.18440779610194902	-0.06146926536731634	565.0	11533.203125	-0.8470764617691154	-41.0	32.87275634447578	33953.0	-132.34756097560978	4341.0	7054182.0	215276.55029296875	-828.0	-114.20731707317074	3746.0	25.243902439024392	2649.0	3881.3186813186812	-704.0	1.6842105263157894	1.4736842105263157	1256.0	4777760.0	98.64791506755559	3.004784688995215	-616.0	
1920.0	4.478260869565217	1841.0	3.619565217391304	3.260869565217391	1953.0	-116.0	0.17391304347826086	-0.06146926536731634	573.0	11542.96875	-0.8590704647676162	-41.0	32.87275634447578	33953.0	-117.71341463414635	3861.0	7054502.0	215286.31591796875	-872.0	-102.16463414634147	3351.0	26.58536585365854	2653.0	3887.1794871794873	-580.0	1.38755980861244	1.6555023923444976	1188.0	4777760.0	98.64791506755559	2.8421052631578947	-692.0	
1902.0	4.391304347826087	1849.0	3.8152173913043477	3.3804347826086953	1942.0	-106.0	0.15892053973013492	-0.05397301349325337	580.0	11552.734375	-0.8695652173913043	-36.0	32.87275634447578	33953.0	-104.14634146341464	3416.0	7054822.0	215296.08154296875	-685.0	-87.50000000000001	2870.0	20.884146341463417	2634.0	3859.3406593406594	-696.0	1.6650717703349283	1.9330143540669855	1172.0	4777888.0	98.64661291750012	2.803827751196172	-808.0	
1873.0	4.3478260869565215	1853.0	4.130434782608695	3.6304347826086953	1919.0	-107.0	0.16041979010494753	-0.035982008995502246	582.0	11562.5	-0.8725637181409295	-24.0	32.87275634447578	33953.0	-95.76219512195122	3141.0	7055142.0	215305.84716796875	-530.0	-75.1219512195122	2464.0	16.158536585365855	2647.0	3878.388278388278	-792.0	1.894736842105263	2.3444976076555024	1120.0	4777888.0	98.64661291750012	2.679425837320574	-980.0	
1841.0	4.206521739130435	1866.0	4.478260869565217	3.6956521739130435	1913.0	-97.0	0.1454272863568216	-0.035982008995502246	589.0	11572.265625	-0.8830584707646176	-24.0	32.87275634447578	33953.0	-85.0609756097561	2790.0	7055462.0	215315.61279296875	-411.0	-64.39024390243902	2112.0	12.53048780487805	2625.0	3846.153846153846	-812.0	1.9425837320574162	2.7942583732057416	1100.0	4777888.0	98.64661291750012	2.631578947368421	-1168.0	
1803.0	4.5	1839.0	4.891304347826087	3.434782608695652	1937.0	-99.0	0.14842578710644677	-0.025487256371814093	590.0	11582.03125	-0.8845577211394302	-17.0	32.87275634447578	33953.0	-74.29878048780489	2437.0	7055782.0	215325.37841796875	-286.0	-58.17073170731708	1908.0	8.719512195121952	2638.0	3865.2014652014655	-656.0	1.569377990430622	3.1578947368421053	1260.0	4777888.0	98.64661291750012	3.014354066985646	-1320.0	
1764.0	4.760869565217392	1815.0	5.315217391304348	3.532608695652174	1928.0	-89.0	0.13343328335832083	-0.031484257871064465	591.0	11591.796875	-0.8860569715142429	-21.0	32.87275634447578	33953.0	-65.73170731707317	2156.0	7056102.0	215335.14404296875	-225.0	-48.32317073170732	1585.0	6.859756097560976	2635.0	3860.805860805861	-716.0	1.7129186602870812	3.5789473684210527	1384.0	4777888.0	98.64661291750012	3.311004784688995	-1496.0	
1740.0	5.032608695652174	1790.0	5.576086956521739	3.4239130434782608	1938.0	-91.0	0.136431784107946	-0.01649175412293853	596.0	11601.5625	-0.8935532233883058	-11.0	32.87275634447578	33953.0	-58.90243902439025	1932.0	7056422.0	215344.90966796875	-340.0	-36.951219512195124	1212.0	10.365853658536587	2635.0	3860.805860805861	-700.0	1.6746411483253587	3.799043062200957	1456.0	4778336.0	98.64205539690818	3.4832535885167464	-1588.0	
1694.0	5.304347826086956	1765.0	6.076086956521739	3.75	1908.0	-89.0	0.13343328335832083	-0.0074962518740629685	594.0	11611.328125	-0.8905547226386806	-5.0	32.87275634447578	33953.0	-50.36585365853659	1652.0	7056742.0	215354.67529296875	-538.0	-27.926829268292686	916.0	16.402439024390244	2639.0	3866.6666666666665	-768.0	1.8373205741626792	4.248803827751196	1584.0	4778336.0	98.64205539690818	3.789473684210526	-1776.0	
1664.0	5.4021739130434785	1756.0	6.4021739130434785	4.293478260869565	1858.0	-90.0	0.13493253373313344	-0.019490254872563718	598.0	11621.09375	-0.896551724137931	-13.0	32.87275634447578	33953.0	-40.73170731707317	1336.0	7057062.0	215364.44091796875	-814.0	-22.164634146341466	727.0	24.81707317073171	2653.0	3887.1794871794873	-984.0	2.354066985645933	4.7272727272727275	1648.0	4778336.0	98.64205539690818	3.942583732057416	-1976.0	
1646.0	5.489130434782608	1748.0	6.5978260869565215	4.3478260869565215	1853.0	-84.0	0.12593703148425786	-0.005997001499250375	598.0	11630.859375	-0.896551724137931	-4.0	32.87275634447578	33953.0	-30.213414634146343	991.0	7057382.0	215374.20654296875	-1016.0	-20.54878048780488	674.0	30.975609756097565	2638.0	3865.2014652014655	-1036.0	2.478468899521531	5.0047846889952154	1708.0	4778336.0	98.64205539690818	4.086124401913875	-2092.0	
1640.0	5.532608695652174	1744.0	6.663043478260869	4.173913043478261	1869.0	-79.0	0.1184407796101949	-0.008995502248875561	593.0	11640.625	-0.889055472263868	-6.0	32.87275634447578	33953.0	-23.170731707317074	760.0	7057702.0	215383.97216796875	-1105.0	-17.134146341463417	562.0	33.68902439024391	2636.0	3862.2710622710624	-996.0	2.3827751196172247	5.062200956937799	1744.0	4778336.0	98.64205539690818	4.172248803827751	-2116.0	
1646.0	5.565217391304348	1741.0	6.5978260869565215	4.163043478260869	1870.0	-81.0	0.12143928035982009	0.0	598.0	11650.390625	-0.896551724137931	0.0	32.87275634447578	33953.0	-16.76829268292683	550.0	7058022.0	215393.73779296875	-1115.0	-10.579268292682928	347.0	33.993902439024396	2644.0	3873.992673992674	-976.0	2.3349282296650715	5.043062200956937	1756.0	4778464.0	98.64075324948253	4.200956937799043	-2108.0	
1638.0	5.456521739130435	1751.0	6.684782608695652	4.173913043478261	1869.0	-82.0	0.12293853073463268	0.005997001499250375	598.0	11660.15625	-0.896551724137931	4.0	32.87275634447578	33953.0	-11.737804878048781	385.0	7058342.0	215403.50341796875	-999.0	-1.3109756097560976	43.0	30.457317073170735	2650.0	3882.7838827838827	-920.0	2.200956937799043	5.08133971291866	1720.0	4778464.0	98.64075324948253	4.114832535885167	-2124.0	
1614.0	5.3478260869565215	1761.0	6.945652173913043	4.271739130434782	1860.0	-76.0	0.11394302848575712	-0.0074962518740629685	604.0	11669.921875	-0.9055472263868065	-5.0	32.87275634447578	33953.0	-8.170731707317074	268.0	7058662.0	215413.26904296875	-703.0	7.652439024390245	-251.0	21.432926829268293	2652.0	3885.714285714286	-1048.0	2.5071770334928227	5.282296650717703	1648.0	4778464.0	98.64075324948253	3.942583732057416	-2208.0	
1599.0	5.532608695652174	1744.0	7.108695652173913	4.076086956521739	1878.0	-75.0	0.11244377811094453	0.0074962518740629685	601.0	11679.6875	-0.9010494752623688	5.0	32.87275634447578	33953.0	-4.786585365853659	157.0	7058982.0	215423.03466796875	-475.0	14.329268292682928	-470.0	14.481707317073171	2651.0	3884.2490842490843	-960.0	2.2966507177033493	5.5406698564593295	1724.0	4778464.0	98.64075324948253	4.124401913875598	-2316.0	
1575.0	6.141304347826087	1688.0	7.369565217391304	4.010869565217392	1884.0	-79.0	0.1184407796101949	0.0	604.0	11689.453125	-0.9055472263868065	0.0	32.87275634447578	33953.0	-1.3414634146341464	44.0	7059302.0	215432.80029296875	-452.0	23.628048780487806	-775.0	13.78048780487805	2653.0	3887.1794871794873	-920.0	2.200956937799043	5.85645933014354	1992.0	4778464.0	98.64075324948253	4.765550239234449	-2448.0	
1539.0	6.630434782608695	1643.0	7.760869565217391	3.902173913043478	1894.0	-80.0	0.1199400299850075	0.0029985007496251873	603.0	11699.21875	-0.9040479760119939	2.0	32.87275634447578	33953.0	0.3353658536585366	-11.0	7059622.0	215442.56591796875	-519.0	30.60975609756098	-1004.0	15.823170731707318	2650.0	3882.7838827838827	-872.0	2.0861244019138754	6.287081339712919	2212.0	4778448.0	98.64091601787875	5.291866028708133	-2628.0	
1520.0	6.869565217391304	1621.0	7.967391304347826	3.902173913043478	1894.0	-84.0	0.12593703148425786	-0.0029985007496251873	600.0	11708.984375	-0.8995502248875562	-2.0	32.87275634447578	33953.0	2.25609756097561	-74.0	7059942.0	215452.33154296875	-792.0	29.87804878048781	-980.0	24.146341463414636	2636.0	3862.2710622710624	-864.0	2.0669856459330145	6.63157894736842	2348.0	4778448.0	98.64091601787875	5.617224880382775	-2772.0	
1506.0	7.065217391304348	1603.0	8.119565217391305	3.9565217391304346	1889.0	-85.0	0.12743628185907047	0.0074962518740629685	593.0	11718.75	-0.889055472263868	5.0	32.87275634447578	33953.0	4.969512195121951	-163.0	7060262.0	215462.09716796875	-1009.0	27.25609756097561	-894.0	30.762195121951223	2657.0	3893.040293040293	-784.0	1.875598086124402	6.727272727272727	2440.0	4778448.0	98.64091601787875	5.837320574162679	-2812.0	
1521.0	6.891304347826087	1619.0	7.956521739130435	4.3478260869565215	1853.0	-81.0	0.12143928035982009	-0.005997001499250375	594.0	11728.515625	-0.8905547226386806	-4.0	32.87275634447578	33953.0	10.579268292682928	-347.0	7060582.0	215471.86279296875	-1107.0	27.987804878048784	-918.0	33.75	2625.0	3846.153846153846	-1092.0	2.61244019138756	6.555023923444976	2340.0	4778448.0	98.64091601787875	5.598086124401914	-2740.0	
1536.0	6.641304347826087	1642.0	7.793478260869565	4.706521739130435	1820.0	-83.0	0.12443778110944527	-0.0029985007496251873	598.0	11738.28125	-0.896551724137931	-2.0	32.87275634447578	33953.0	12.378048780487806	-406.0	7060902.0	215481.62841796875	-1178.0	34.81707317073171	-1142.0	35.91463414634147	2631.0	3854.945054945055	-1280.0	3.062200956937799	6.258373205741626	2216.0	4778448.0	98.64091601787875	5.301435406698564	-2616.0	
1548.0	6.826086956521739	1625.0	7.663043478260869	4.543478260869565	1835.0	-83.0	0.12443778110944527	-0.0014992503748125937	598.0	11748.046875	-0.896551724137931	-1.0	32.87275634447578	33953.0	12.225609756097562	-401.0	7061222.0	215491.39404296875	-1149.0	45.09146341463415	-1479.0	35.03048780487805	2633.0	3857.875457875458	-1252.0	2.9952153110047846	6.105263157894736	2272.0	4778496.0	98.64042771271741	5.435406698564593	-2552.0	
1541.0	7.315217391304348	1580.0	7.739130434782608	4.3478260869565215	1853.0	-82.0	0.12293853073463268	-0.0074962518740629685	597.0	11757.8125	-0.8950524737631184	-5.0	32.87275634447578	33953.0	13.29268292682927	-436.0	7061542.0	215501.15966796875	-1234.0	57.6829268292683	-1892.0	37.6219512195122	2631.0	3854.945054945055	-1088.0	2.602870813397129	6.143540669856459	2508.0	4778496.0	98.64042771271741	6.0	-2568.0	
1494.0	7.478260869565217	1565.0	8.25	4.3478260869565215	1853.0	-82.0	0.12293853073463268	-0.0074962518740629685	597.0	11767.578125	-0.8950524737631184	-5.0	32.87275634447578	33953.0	15.76219512195122	-517.0	7061862.0	215510.92529296875	-1428.0	66.46341463414635	-2180.0	43.53658536585366	2648.0	3879.8534798534797	-1076.0	2.574162679425837	6.62200956937799	2644.0	4778496.0	98.64042771271741	6.325358851674641	-2768.0	
1463.0	7.510869565217391	1562.0	8.58695652173913	4.217391304347826	1865.0	-95.0	0.1424287856071964	-0.0074962518740629685	598.0	11777.34375	-0.896551724137931	-5.0	32.87275634447578	33953.0	18.932926829268293	-621.0	7062182.0	215520.69091796875	-1645.0	66.5548780487805	-2183.0	50.15243902439025	2658.0	3894.5054945054944	-956.0	2.2870813397129184	7.1387559808612435	2636.0	4778496.0	98.64042771271741	6.30622009569378	-2984.0	
1447.0	7.445652173913043	1568.0	8.76086956521739	3.717391304347826	1911.0	-95.0	0.1424287856071964	-0.0074962518740629685	598.0	11787.109375	-0.896551724137931	-5.0	32.87275634447578	33953.0	22.012195121951223	-722.0	7062502.0	215530.45654296875	-1820.0	62.46951219512196	-2049.0	55.487804878048784	2636.0	3862.2710622710624	-784.0	1.875598086124402	7.4162679425837315	2608.0	4778496.0	98.64042771271741	6.239234449760765	-3100.0	
1452.0	7.33695652173913	1578.0	8.706521739130434	3.4239130434782608	1938.0	-85.0	0.12743628185907047	-0.014992503748125937	596.0	11796.875	-0.8935532233883058	-10.0	32.87275634447578	33953.0	23.719512195121954	-778.0	7062822.0	215540.22216796875	-1924.0	59.78658536585366	-1961.0	58.65853658536586	2639.0	3866.6666666666665	-648.0	1.5502392344497606	7.38755980861244	2584.0	4778464.0	98.64075324948253	6.181818181818182	-3088.0	
1470.0	7.195652173913043	1591.0	8.51086956521739	3.293478260869565	1950.0	-92.0	0.13793103448275862	-0.008995502248875561	593.0	11806.640625	-0.889055472263868	-6.0	32.87275634447578	33953.0	24.481707317073173	-803.0	7063142.0	215549.98779296875	-1962.0	60.03048780487806	-1969.0	59.81707317073171	2629.0	3852.0146520146523	-560.0	1.339712918660287	7.157894736842105	2520.0	4778464.0	98.64075324948253	6.028708133971292	-2992.0	
1494.0	7.043478260869565	1605.0	8.25	3.369565217391304	1943.0	-100.0	0.14992503748125938	-0.013493253373313342	591.0	11816.40625	-0.8860569715142429	-9.0	32.87275634447578	33953.0	25.0609756097561	-822.0	7063462.0	215559.75341796875	-1989.0	61.18902439024391	-2007.0	60.64024390243903	2643.0	3872.5274725274726	-620.0	1.4832535885167464	6.909090909090909	2436.0	4778464.0	98.64075324948253	5.827751196172248	-2888.0	
1515.0	6.967391304347826	1612.0	8.021739130434783	3.4456521739130435	1936.0	-97.0	0.1454272863568216	-0.019490254872563718	593.0	11826.171875	-0.889055472263868	-13.0	32.87275634447578	33953.0	27.926829268292686	-916.0	7063782.0	215569.51904296875	-2037.0	60.85365853658537	-1996.0	62.10365853658537	2635.0	3860.805860805861	-644.0	1.5406698564593302	6.488038277511961	2412.0	4778464.0	98.64075324948253	5.770334928229665	-2712.0	
1559.0	7.184782608695652	1592.0	7.543478260869565	3.4891304347826084	1932.0	-97.0	0.1454272863568216	-0.025487256371814093	588.0	11835.9375	-0.881559220389805	-17.0	32.87275634447578	33953.0	31.280487804878053	-1026.0	7064102.0	215579.28466796875	-2089.0	62.50000000000001	-2050.0	63.68902439024391	2645.0	3875.4578754578756	-672.0	1.6076555023923444	6.019138755980861	2484.0	4778464.0	98.64075324948253	5.942583732057416	-2516.0	
1600.0	7.271739130434782	1584.0	7.0978260869565215	3.6304347826086953	1919.0	-98.0	0.14692653673163417	-0.020989505247376312	585.0	11845.703125	-0.8770614692653673	-14.0	32.87275634447578	33953.0	36.21951219512196	-1188.0	7064422.0	215589.05029296875	-2185.0	66.92073170731707	-2195.0	66.6158536585366	2647.0	3878.388278388278	-716.0	1.7129186602870812	5.5406698564593295	2504.0	4778688.0	98.63847449289385	5.990430622009569	-2316.0	
1628.0	6.967391304347826	1612.0	6.793478260869565	3.7282608695652173	1910.0	-95.0	0.1424287856071964	-0.02848575712143928	598.0	11855.46875	-0.896551724137931	-19.0	32.87275634447578	33953.0	41.768292682926834	-1370.0	7064742.0	215598.81591796875	-2220.0	71.98170731707317	-2361.0	67.6829268292683	2652.0	3885.714285714286	-756.0	1.8086124401913874	5.177033492822966	2376.0	4778688.0	98.63847449289385	5.684210526315789	-2164.0	
1662.0	6.619565217391304	1644.0	6.423913043478261	3.5869565217391304	1923.0	-103.0	0.15442278860569714	-0.031484257871064465	584.0	11865.234375	-0.8755622188905547	-21.0	32.87275634447578	33953.0	47.53048780487806	-1559.0	7065062.0	215608.58154296875	-2196.0	77.6219512195122	-2546.0	66.95121951219512	2631.0	3854.945054945055	-748.0	1.7894736842105263	4.822966507177033	2192.0	4778688.0	98.63847449289385	5.244019138755981	-2016.0	
1691.0	6.521739130434782	1653.0	6.108695652173913	3.5652173913043477	1925.0	-104.0	0.15592203898050974	-0.043478260869565216	580.0	11875.0	-0.8695652173913043	-29.0	32.87275634447578	33953.0	52.896341463414636	-1735.0	7065382.0	215618.34716796875	-2113.0	85.33536585365854	-2799.0	64.42073170731707	2643.0	3872.5274725274726	-716.0	1.7129186602870812	4.421052631578947	2148.0	4778688.0	98.63847449289385	5.1387559808612435	-1848.0	
1730.0	6.576086956521739	1648.0	5.684782608695652	3.282608695652174	1951.0	-107.0	0.16041979010494753	-0.043478260869565216	574.0	11884.765625	-0.8605697151424287	-29.0	32.87275634447578	33953.0	59.085365853658544	-1938.0	7065702.0	215628.11279296875	-1947.0	96.25000000000001	-3157.0	59.35975609756098	2624.0	3844.6886446886447	-628.0	1.5023923444976075	3.990430622009569	2200.0	4778688.0	98.63847449289385	5.263157894736842	-1668.0	
1748.0	6.684782608695652	1638.0	5.489130434782608	3.2282608695652173	1956.0	-110.0	0.1649175412293853	-0.05247376311844078	581.0	11894.53125	-0.8710644677661169	-35.0	32.87275634447578	33953.0	64.84756097560977	-2127.0	7066022.0	215637.87841796875	-1825.0	108.41463414634147	-3556.0	55.64024390243903	2633.0	3857.875457875458	-624.0	1.492822966507177	3.8086124401913874	2228.0	4778608.0	98.63928833432719	5.330143540669856	-1592.0	
1761.0	6.58695652173913	1647.0	5.3478260869565215	3.358695652173913	1944.0	-116.0	0.17391304347826086	-0.04047976011994003	564.0	11904.296875	-0.8455772113943029	-27.0	32.87275634447578	33953.0	69.87804878048782	-2292.0	7066342.0	215647.64404296875	-1722.0	120.54878048780489	-3954.0	52.50000000000001	2649.0	3881.3186813186812	-632.0	1.5119617224880382	3.5693779904306218	2212.0	4778608.0	98.63928833432719	5.291866028708133	-1492.0	
1780.0	6.510869565217391	1654.0	5.141304347826087	3.4239130434782608	1938.0	-121.0	0.18140929535232383	-0.06146926536731634	571.0	11914.0625	-0.856071964017991	-41.0	32.87275634447578	33953.0	75.54878048780489	-2478.0	7066662.0	215657.40966796875	-1600.0	129.72560975609758	-4255.0	48.78048780487806	2632.0	3856.4102564102564	-644.0	1.5406698564593302	3.3779904306220097	2172.0	4778608.0	98.63928833432719	5.196172248803827	-1412.0	
1794.0	6.521739130434782	1653.0	4.989130434782608	3.5	1931.0	-126.0	0.1889055472263868	-0.06896551724137931	568.0	11923.828125	-0.8515742128935532	-46.0	32.87275634447578	33953.0	82.07317073170732	-2692.0	7066982.0	215667.17529296875	-1552.0	138.20121951219514	-4533.0	47.31707317073171	2652.0	3885.714285714286	-704.0	1.6842105263157894	3.2248803827751193	2152.0	4778608.0	98.63928833432719	5.148325358851674	-1348.0	
1820.0	6.521739130434782	1653.0	4.706521739130435	3.543478260869565	1927.0	-125.0	0.1874062968515742	-0.0704647676161919	559.0	11933.59375	-0.8380809595202399	-47.0	32.87275634447578	33953.0	88.78048780487806	-2912.0	7067302.0	215676.94091796875	-1536.0	146.70731707317074	-4812.0	46.82926829268293	2627.0	3849.084249084249	-704.0	1.6842105263157894	2.92822966507177	2176.0	4778608.0	98.63928833432719	5.205741626794258	-1224.0	
1848.0	6.728260869565217	1634.0	4.4021739130434785	3.4891304347826084	1932.0	-135.0	0.20239880059970014	-0.08545727136431784	554.0	11943.359375	-0.8305847076461769	-57.0	32.87275634447578	33953.0	96.85975609756099	-3177.0	7067622.0	215686.70654296875	-1639.0	155.5487804878049	-5102.0	49.96951219512196	2647.0	3878.388278388278	-720.0	1.7224880382775118	2.5933014354066986	2212.0	4778496.0	98.64042771271741	5.291866028708133	-1084.0	
1874.0	6.760869565217391	1631.0	4.119565217391305	3.3260869565217392	1947.0	-138.0	0.20689655172413793	-0.08395802098950525	544.0	11953.125	-0.815592203898051	-56.0	32.87275634447578	33953.0	104.78658536585367	-3437.0	7067942.0	215696.47216796875	-1727.0	165.97560975609758	-5444.0	52.65243902439025	2624.0	3844.6886446886447	-652.0	1.5598086124401913	2.200956937799043	2268.0	4778496.0	98.64042771271741	5.425837320574162	-920.0	
1896.0	6.815217391304348	1626.0	3.8804347826086953	3.2391304347826084	1955.0	-139.0	0.2083958020989505	-0.09745127436281859	538.0	11962.890625	-0.8065967016491754	-65.0	32.87275634447578	33953.0	113.96341463414635	-3738.0	7068262.0	215706.23779296875	-1836.0	178.59756097560978	-5858.0	55.97560975609757	2647.0	3878.388278388278	-608.0	1.4545454545454546	1.9043062200956937	2292.0	4778496.0	98.64042771271741	5.483253588516746	-796.0	
1919.0	6.826086956521739	1625.0	3.6304347826086953	2.793478260869565	1996.0	-149.0	0.22338830584707645	-0.10044977511244378	528.0	11972.65625	-0.7916041979010494	-67.0	32.87275634447578	33953.0	121.03658536585367	-3970.0	7068582.0	215716.00341796875	-1977.0	188.109756097561	-6170.0	60.274390243902445	2637.0	3863.736263736264	-396.0	0.9473684210526315	1.5789473684210527	2316.0	4778496.0	98.64042771271741	5.5406698564593295	-660.0	
1937.0	6.760869565217391	1631.0	3.434782608695652	2.5	2023.0	-154.0	0.23088455772113942	-0.11244377811094453	520.0	11982.421875	-0.7796101949025487	-75.0	32.87275634447578	33953.0	130.91463414634148	-4294.0	7068902.0	215725.76904296875	-1882.0	198.87195121951223	-6523.0	57.37804878048781	2648.0	3879.8534798534797	-276.0	0.6602870813397129	1.3492822966507176	2248.0	4778496.0	98.64042771271741	5.37799043062201	-564.0	
1956.0	6.728260869565217	1634.0	3.2282608695652173	1.8369565217391304	2084.0	-156.0	0.2338830584707646	-0.12143928035982009	519.0	11992.1875	-0.7781109445277361	-81.0	32.87275634447578	33953.0	138.1707317073171	-4532.0	7069222.0	215735.53466796875	-1889.0	206.9817073170732	-6789.0	57.59146341463415	2627.0	3849.084249084249	56.0	-0.1339712918660287	1.1770334928229664	2272.0	4778464.0	98.64075324948253	5.435406698564593	-492.0	
1975.0	6.804347826086956	1627.0	3.0217391304347827	1.684782608695652	2098.0	-165.0	0.24737631184407796	-0.13343328335832083	513.0	12001.953125	-0.7691154422788605	-89.0	32.87275634447578	33953.0	145.70121951219514	-4779.0	7069542.0	215745.30029296875	-1550.0	213.01829268292684	-6987.0	47.25609756097561	2656.0	3891.5750915750914	152.0	-0.36363636363636365	0.9282296650717703	2268.0	4778464.0	98.64075324948253	5.425837320574162	-388.0	
1986.0	6.793478260869565	1628.0	2.902173913043478	1.2934782608695652	2134.0	-163.0	0.24437781109445278	-0.14392803598200898	501.0	12011.71875	-0.7511244377811094	-96.0	32.87275634447578	33953.0	153.53658536585368	-5036.0	7069862.0	215755.06591796875	-1254.0	224.5426829268293	-7365.0	38.23170731707317	2651.0	3884.2490842490843	288.0	-0.6889952153110047	0.7177033492822966	2240.0	4778464.0	98.64075324948253	5.358851674641148	-300.0	
2005.0	6.760869565217391	1631.0	2.6956521739130435	0.8260869565217391	2177.0	-174.0	0.2608695652173913	-0.14842578710644677	484.0	12021.484375	-0.7256371814092953	-99.0	32.87275634447578	33953.0	159.2378048780488	-5223.0	7070182.0	215764.83154296875	-999.0	232.95731707317074	-7641.0	30.457317073170735	2639.0	3866.6666666666665	500.0	-1.1961722488038278	0.49760765550239233	2228.0	4778464.0	98.64075324948253	5.330143540669856	-208.0	
2016.0	7.021739130434782	1607.0	2.5760869565217392	0.19565217391304346	2235.0	-180.0	0.2698650674662669	-0.1664167916041979	464.0	12031.25	-0.6956521739130435	-111.0	32.87275634447578	33953.0	162.59146341463415	-5333.0	7070502.0	215774.59716796875	-861.0	237.95731707317074	-7805.0	26.250000000000004	2650.0	3882.7838827838827	852.0	-2.0382775119617222	0.3062200956937799	2420.0	4778464.0	98.64075324948253	5.789473684210526	-128.0	
2035.0	7.576086956521739	1556.0	2.369565217391304	-0.34782608695652173	2285.0	-182.0	0.272863568215892	-0.16941529235382308	465.0	12041.015625	-0.697151424287856	-113.0	32.87275634447578	33953.0	164.26829268292684	-5388.0	7070822.0	215784.36279296875	-723.0	243.75000000000003	-7995.0	22.04268292682927	2647.0	3878.388278388278	1072.0	-2.5645933014354068	0.07655502392344497	2688.0	4778752.0	98.63782341991154	6.430622009569378	-32.0	
2043.0	8.108695652173912	1507.0	2.282608695652174	-0.9782608695652174	2343.0	-188.0	0.2818590704647676	-0.16941529235382308	449.0	12050.78125	-0.6731634182908546	-113.0	32.87275634447578	33953.0	165.2439024390244	-5420.0	7071142.0	215794.12841796875	-548.0	251.49390243902442	-8249.0	16.707317073170735	2647.0	3878.388278388278	1200.0	-2.8708133971291865	-0.09569377990430622	2804.0	4778752.0	98.63782341991154	6.708133971291866	40.0	
2064.0	8.576086956521738	1464.0	2.0543478260869565	-1.4130434782608696	2383.0	-202.0	0.3028485757121439	-0.17991004497751123	431.0	12060.546875	-0.6461769115442278	-120.0	32.87275634447578	33953.0	166.6158536585366	-5465.0	7071462.0	215803.89404296875	-593.0	258.5975609756098	-8482.0	18.07926829268293	2655.0	3890.10989010989	1524.0	-3.6459330143540667	-0.23923444976076555	3036.0	4778752.0	98.63782341991154	7.263157894736842	100.0	
2070.0	8.891304347826086	1435.0	1.9891304347826086	-1.3804347826086956	2380.0	-207.0	0.3103448275862069	-0.17691154422788605	410.0	12070.3125	-0.6146926536731634	-118.0	32.87275634447578	33953.0	168.14024390243904	-5515.0	7071782.0	215813.65966796875	-608.0	266.76829268292687	-8750.0	18.53658536585366	2636.0	3862.2710622710624	1524.0	-3.6459330143540667	-0.3827751196172249	3224.0	4778752.0	98.63782341991154	7.712918660287081	160.0	
2062.0	8.967391304347826	1428.0	2.0760869565217392	-1.0	2345.0	-208.0	0.3118440779610195	-0.18440779610194902	398.0	12080.078125	-0.5967016491754122	-123.0	32.87275634447578	33953.0	170.5487804878049	-5594.0	7072102.0	215823.42529296875	-606.0	274.0243902439025	-8988.0	18.475609756097562	2658.0	3894.5054945054944	1372.0	-3.2822966507177034	-0.354066985645933	3264.0	4778752.0	98.63782341991154	7.8086124401913874	148.0	
2053.0	8.880434782608695	1436.0	2.1739130434782608	-0.9239130434782609	2338.0	-208.0	0.3118440779610195	-0.18590704647676162	383.0	12089.84375	-0.5742128935532234	-124.0	32.87275634447578	33953.0	173.75000000000003	-5699.0	7072422.0	215833.19091796875	-614.0	276.3414634146342	-9064.0	18.719512195121954	2624.0	3844.6886446886447	1312.0	-3.138755980861244	-0.24880382775119617	3224.0	4778608.0	98.63928833432719	7.712918660287081	104.0	
2050.0	9.184782608695652	1408.0	2.2065217391304346	-1.0217391304347825	2347.0	-217.0	0.32533733133433285	-0.19640179910044978	359.0	12099.609375	-0.5382308845577212	-131.0	32.87275634447578	33953.0	176.82926829268294	-5800.0	7072742.0	215842.95654296875	-600.0	272.9878048780488	-8954.0	18.29268292682927	2649.0	3881.3186813186812	1380.0	-3.3014354066985643	-0.11483253588516745	3320.0	4778608.0	98.63928833432719	7.9425837320574155	48.0	
2062.0	9.695652173913043	1361.0	2.0760869565217392	-1.2282608695652173	2366.0	-215.0	0.32233883058470764	-0.20089955022488756	347.0	12109.375	-0.52023988005997	-134.0	32.87275634447578	33953.0	180.6707317073171	-5926.0	7073062.0	215852.72216796875	-579.0	267.8963414634147	-8787.0	17.652439024390244	2639.0	3866.6666666666665	1436.0	-3.4354066985645932	-0.27751196172248804	3564.0	4778608.0	98.63928833432719	8.526315789473683	116.0	
2083.0	10.326086956521738	1303.0	1.8478260869565217	-2.4239130434782608	2476.0	-222.0	0.3328335832083958	-0.19490254872563717	330.0	12119.140625	-0.4947526236881559	-130.0	32.87275634447578	33953.0	184.60365853658539	-6055.0	7073382.0	215862.48779296875	-543.0	258.9329268292683	-8493.0	16.554878048780488	2646.0	3876.923076923077	1964.0	-4.698564593301435	-0.507177033492823	3856.0	4778608.0	98.63928833432719	9.224880382775119	212.0	
2112.0	11.228260869565217	1220.0	1.5326086956521738	-3.1956521739130435	2547.0	-213.0	0.3193403298350824	-0.19790104947526235	308.0	12128.90625	-0.46176911544227883	-132.0	32.87275634447578	33953.0	185.2439024390244	-6076.0	7073702.0	215872.25341796875	-556.0	251.12804878048783	-8237.0	16.951219512195124	2644.0	3873.992673992674	2360.0	-5.645933014354067	-0.9090909090909091	4272.0	4778608.0	98.63928833432719	10.220095693779903	380.0	
2140.0	11.597826086956522	1186.0	1.2282608695652173	-2.9239130434782608	2522.0	-217.0	0.32533733133433285	-0.19790104947526235	296.0	12138.671875	-0.44377811094452774	-132.0	32.87275634447578	33953.0	186.4939024390244	-6117.0	7074022.0	215882.01904296875	-281.0	252.77439024390247	-8291.0	8.567073170731708	2653.0	3887.1794871794873	2172.0	-5.196172248803827	-1.3588516746411483	4484.0	4778656.0	98.63880002943979	10.727272727272727	568.0	
2160.0	11.25	1218.0	1.0108695652173914	-3.2391304347826084	2551.0	-216.0	0.3238380809595202	-0.19040479760119938	278.0	12148.4375	-0.416791604197901	-127.0	32.87275634447578	33953.0	190.609756097561	-6252.0	7074342.0	215891.78466796875	-313.0	254.05487804878052	-8333.0	9.542682926829269	2629.0	3852.0146520146523	2336.0	-5.588516746411483	-1.5502392344497606	4296.0	4778656.0	98.63880002943979	10.277511961722487	648.0	
2177.0	10.891304347826086	1251.0	0.8260869565217391	-2.641304347826087	2496.0	-213.0	0.3193403298350824	-0.19490254872563717	254.0	12158.203125	-0.38080959520239877	-130.0	32.87275634447578	33953.0	195.6707317073171	-6418.0	7074662.0	215901.55029296875	-354.0	255.4878048780488	-8380.0	10.792682926829269	2649.0	3881.3186813186812	2092.0	-5.0047846889952154	-1.6555023923444976	4116.0	4778656.0	98.63880002943979	9.84688995215311	692.0	
2180.0	10.597826086956522	1278.0	0.7934782608695652	-1.9891304347826086	2436.0	-215.0	0.32233883058470764	-0.19040479760119938	244.0	12167.96875	-0.3658170914542728	-127.0	32.87275634447578	33953.0	198.78048780487808	-6520.0	7074982.0	215911.31591796875	-217.0	256.0670731707317	-8399.0	6.615853658536586	2655.0	3890.10989010989	1780.0	-4.258373205741627	-1.7511961722488039	3976.0	4778656.0	98.63880002943979	9.511961722488039	732.0	
2195.0	10.489130434782608	1288.0	0.6304347826086957	-1.9239130434782608	2430.0	-210.0	0.3148425787106447	-0.19640179910044978	219.0	12177.734375	-0.328335832083958	-131.0	32.87275634447578	33953.0	201.21951219512198	-6600.0	7075302.0	215921.08154296875	-443.0	250.4268292682927	-8214.0	13.506097560975611	2638.0	3865.2014652014655	1764.0	-4.220095693779904	-1.7990430622009568	3932.0	4778656.0	98.63880002943979	9.4066985645933	752.0	
2198.0	10.652173913043478	1273.0	0.5978260869565217	-1.5978260869565217	2400.0	-209.0	0.31334332833583206	-0.18590704647676162	204.0	12187.5	-0.3058470764617691	-124.0	32.87275634447578	33953.0	204.32926829268294	-6702.0	7075622.0	215930.84716796875	-737.0	239.39024390243904	-7852.0	22.469512195121954	2654.0	3888.644688644689	1692.0	-4.047846889952153	-1.8851674641148324	4020.0	4778432.0	98.64107878628415	9.617224880382775	788.0	
2203.0	10.956521739130434	1245.0	0.5434782608695652	-2.0217391304347827	2439.0	-200.0	0.29985007496251875	-0.17991004497751123	185.0	12197.265625	-0.2773613193403298	-120.0	32.87275634447578	33953.0	208.56707317073173	-6841.0	7075942.0	215940.61279296875	-820.0	223.75000000000003	-7339.0	25.000000000000004	2644.0	3873.992673992674	1940.0	-4.641148325358851	-2.0095693779904304	4176.0	4778432.0	98.64107878628415	9.990430622009569	840.0	
2233.0	11.456521739130434	1199.0	0.21739130434782608	-2.6739130434782608	2499.0	-195.0	0.29235382308845576	-0.17391304347826086	163.0	12207.03125	-0.24437781109445278	-116.0	32.87275634447578	33953.0	212.8048780487805	-6980.0	7076262.0	215950.37841796875	-883.0	204.90853658536588	-6721.0	26.920731707317074	2635.0	3860.805860805861	2068.0	-4.947368421052631	-2.248803827751196	4272.0	4778432.0	98.64107878628415	10.220095693779903	940.0	
2269.0	12.293478260869565	1122.0	-0.17391304347826086	-3.543478260869565	2579.0	-197.0	0.29535232383808097	-0.16041979010494753	152.0	12216.796875	-0.22788605697151423	-107.0	32.87275634447578	33953.0	215.3048780487805	-7062.0	7076582.0	215960.14404296875	-713.0	184.45121951219514	-6050.0	21.73780487804878	2652.0	3885.714285714286	2488.0	-5.952153110047846	-2.77511961722488	4676.0	4778432.0	98.64107878628415	11.186602870813397	1160.0	
2341.0	12.706521739130434	1084.0	-0.9565217391304348	-3.532608695652174	2578.0	-183.0	0.27436281859070466	-0.15292353823088456	136.0	12226.5625	-0.20389805097451275	-102.0	32.87275634447578	33953.0	217.10365853658539	-7121.0	7076902.0	215969.90966796875	-144.0	174.63414634146343	-5728.0	4.390243902439025	2641.0	3869.5970695970695	2572.0	-6.15311004784689	-3.5789473684210527	4968.0	4778432.0	98.64107878628415	11.885167464114833	1496.0	
2411.0	12.380434782608695	1114.0	-1.717391304347826	-3.3369565217391304	2560.0	-177.0	0.2653673163418291	-0.1394302848575712	122.0	12236.328125	-0.1829085457271364	-93.0	32.87275634447578	33953.0	224.75609756097563	-7372.0	7077222.0	215979.67529296875	67.0	176.34146341463415	-5784.0	-2.0426829268292686	2658.0	3894.5054945054944	2416.0	-5.779904306220096	-4.440191387559809	4840.0	4778352.0	98.641892628448	11.578947368421051	1856.0	
2450.0	11.5	1195.0	-2.141304347826087	-3.108695652173913	2539.0	-171.0	0.2563718140929535	-0.13793103448275862	103.0	12246.09375	-0.15442278860569714	-92.0	32.87275634447578	33953.0	237.50000000000003	-7790.0	7077542.0	215989.44091796875	-234.0	182.56097560975613	-5988.0	7.134146341463415	2648.0	3879.8534798534797	2336.0	-5.588516746411483	-5.033492822966507	4432.0	4778352.0	98.641892628448	10.602870813397129	2104.0	
2458.0	10.684782608695652	1270.0	-2.2282608695652173	-2.641304347826087	2496.0	-161.0	0.24137931034482757	-0.12593703148425786	94.0	12255.859375	-0.1409295352323838	-84.0	32.87275634447578	33953.0	241.9817073170732	-7937.0	7077862.0	215999.20654296875	-517.0	188.35365853658539	-6178.0	15.76219512195122	2651.0	3884.2490842490843	2116.0	-5.062200956937799	-5.148325358851674	4044.0	4778352.0	98.641892628448	9.674641148325358	2152.0	
2438.0	10.217391304347826	1313.0	-2.010869565217391	-1.9782608695652173	2435.0	-157.0	0.2353823088455772	-0.11094452773613193	80.0	12265.625	-0.1199400299850075	-74.0	32.87275634447578	33953.0	244.26829268292684	-8012.0	7078182.0	216008.97216796875	-708.0	182.65243902439025	-5991.0	21.585365853658537	2634.0	3859.3406593406594	1872.0	-4.4784688995215305	-4.92822966507177	3816.0	4778352.0	98.641892628448	9.129186602870814	2060.0	
2421.0	10.25	1310.0	-1.826086956521739	-1.5543478260869565	2396.0	-154.0	0.23088455772113942	-0.09895052473763118	58.0	12275.390625	-0.08695652173913043	-66.0	32.87275634447578	33953.0	247.22560975609758	-8109.0	7078502.0	216018.73779296875	-828.0	164.75609756097563	-5404.0	25.243902439024392	2639.0	3866.6666666666665	1700.0	-4.0669856459330145	-4.698564593301435	3832.0	4778352.0	98.641892628448	9.167464114832535	1964.0	
2437.0	10.706521739130434	1268.0	-2.0	-1.6956521739130435	2409.0	-147.0	0.22038980509745126	-0.07496251874062969	45.0	12285.15625	-0.06746626686656672	-50.0	32.87275634447578	33953.0	250.30487804878052	-8210.0	7078822.0	216028.50341796875	-730.0	139.78658536585368	-4585.0	22.25609756097561	2635.0	3860.805860805861	1772.0	-4.239234449760765	-4.880382775119617	4024.0	4778672.0	98.63863726116224	9.626794258373206	2040.0	
2510.0	11.08695652173913	1233.0	-2.793478260869565	-1.4456521739130435	2386.0	-139.0	0.2083958020989505	-0.05997001499250375	35.0	12294.921875	-0.05247376311844078	-40.0	32.87275634447578	33953.0	250.6707317073171	-8222.0	7079142.0	216038.26904296875	-400.0	118.41463414634147	-3884.0	12.195121951219514	2652.0	3885.714285714286	1668.0	-3.990430622009569	-5.827751196172248	4228.0	4778672.0	98.63863726116224	10.114832535885167	2436.0	
2616.0	11.16304347826087	1226.0	-3.9456521739130435	-1.717391304347826	2411.0	-132.0	0.19790104947526235	-0.04947526236881559	29.0	12304.6875	-0.043478260869565216	-33.0	32.87275634447578	33953.0	251.95121951219514	-8264.0	7079462.0	216048.03466796875	-127.0	105.03048780487806	-3445.0	3.8719512195121957	2645.0	3875.4578754578756	1740.0	-4.162679425837321	-7.167464114832535	4244.0	4778672.0	98.63863726116224	10.153110047846889	2996.0	
2711.0	10.978260869565217	1243.0	-4.978260869565217	-2.0	2437.0	-123.0	0.18440779610194902	-0.02848575712143928	15.0	12314.453125	-0.022488755622188904	-19.0	32.87275634447578	33953.0	254.20731707317074	-8338.0	7079782.0	216057.80029296875	65.0	101.6158536585366	-3333.0	-1.981707317073171	2645.0	3875.4578754578756	1844.0	-4.411483253588517	-8.411483253588516	4132.0	4778672.0	98.63863726116224	9.885167464114833	3516.0	
2782.0	10.532608695652174	1284.0	-5.75	-1.9891304347826086	2436.0	-117.0	0.17541229385307347	-0.010494752623688156	-3.0	12324.21875	0.004497751124437781	-7.0	32.87275634447578	33953.0	257.3170731707317	-8440.0	7080102.0	216067.56591796875	82.0	100.3658536585366	-3292.0	-2.5000000000000004	2656.0	3891.5750915750914	1852.0	-4.430622009569378	-9.138755980861244	3912.0	4778672.0	98.63863726116224	9.358851674641148	3820.0	
2800.0	9.771739130434783	1354.0	-5.945652173913043	-2.0760869565217392	2444.0	-117.0	0.17541229385307347	0.013493253373313342	-6.0	12333.984375	0.008995502248875561	9.0	32.87275634447578	33953.0	262.4085365853659	-8607.0	7080422.0	216077.33154296875	17.0	98.35365853658537	-3226.0	-0.5182926829268293	2635.0	3860.805860805861	1816.0	-4.344497607655502	-9.263157894736842	3552.0	4778688.0	98.63847449289385	8.497607655502392	3872.0	
2774.0	8.91304347826087	1433.0	-5.663043478260869	-1.8369565217391304	2422.0	-117.0	0.17541229385307347	0.029985007496251874	-10.0	12343.75	0.014992503748125937	20.0	32.87275634447578	33953.0	265.609756097561	-8712.0	7080742.0	216087.09716796875	-44.0	92.92682926829269	-3048.0	1.3414634146341464	2653.0	3887.1794871794873	1772.0	-4.239234449760765	-9.110047846889952	3140.0	4778688.0	98.63847449289385	7.511961722488038	3808.0	
2784.0	7.967391304347826	1520.0	-5.771739130434782	-1.7826086956521738	2417.0	-101.0	0.15142428785607195	0.05247376311844078	-18.0	12353.515625	0.026986506746626684	35.0	32.87275634447578	33953.0	264.63414634146346	-8680.0	7081062.0	216096.86279296875	178.0	86.46341463414635	-2836.0	-5.426829268292684	2629.0	3852.0146520146523	1764.0	-4.220095693779904	-9.043062200956937	2920.0	4778688.0	98.63847449289385	6.985645933014354	3780.0	
2792.0	7.184782608695652	1592.0	-5.858695652173913	-1.5	2391.0	-105.0	0.15742128935532235	0.07646176911544228	-32.0	12363.28125	0.047976011994003	51.0	32.87275634447578	33953.0	261.1890243902439	-8567.0	7081382.0	216106.62841796875	546.0	78.32317073170732	-2569.0	-16.646341463414636	2647.0	3878.388278388278	1660.0	-3.9712918660287078	-9.215311004784688	2520.0	4778688.0	98.63847449289385	6.028708133971292	3852.0	
2841.0	6.630434782608695	1643.0	-6.391304347826087	-1.4239130434782608	2384.0	-101.0	0.15142428785607195	0.10044977511244378	-35.0	12373.046875	0.05247376311844078	67.0	32.87275634447578	33953.0	257.19512195121956	-8436.0	7081702.0	216116.39404296875	1034.0	69.69512195121952	-2286.0	-31.52439024390244	2651.0	3884.2490842490843	1600.0	-3.827751196172249	-9.770334928229664	2224.0	4778688.0	98.63847449289385	5.320574162679426	4084.0	
2908.0	6.434782608695652	1661.0	-7.119565217391304	-1.4130434782608696	2383.0	-96.0	0.14392803598200898	0.12143928035982009	-40.0	12382.8125	0.05997001499250375	81.0	32.87275634447578	33953.0	251.55487804878052	-8251.0	7082022.0	216126.15966796875	1456.0	64.23780487804879	-2107.0	-44.39024390243903	2640.0	3868.131868131868	1592.0	-3.8086124401913874	-10.497607655502392	2120.0	4778544.0	98.63993940763827	5.071770334928229	4388.0	
2946.0	6.6521739130434785	1641.0	-7.532608695652174	-1.2065217391304348	2364.0	-94.0	0.1409295352323838	0.1409295352323838	-46.0	12392.578125	0.06896551724137931	94.0	32.87275634447578	33953.0	242.56097560975613	-7956.0	7082342.0	216135.92529296875	1727.0	61.85975609756098	-2029.0	-52.65243902439025	2658.0	3894.5054945054944	1552.0	-3.712918660287081	-11.157894736842104	2188.0	4778544.0	98.63993940763827	5.23444976076555	4664.0	
3026.0	7.228260869565217	1588.0	-8.402173913043478	-0.8695652173913043	2333.0	-88.0	0.13193403298350825	0.17391304347826086	-46.0	12402.34375	0.06896551724137931	116.0	32.87275634447578	33953.0	235.24390243902442	-7716.0	7082662.0	216145.69091796875	1787.0	55.1829268292683	-1810.0	-54.48170731707317	2657.0	3893.040293040293	1396.0	-3.339712918660287	-11.971291866028707	2416.0	4778544.0	98.63993940763827	5.779904306220096	5004.0	
3116.0	8.0	1517.0	-9.380434782608695	-0.9021739130434783	2336.0	-87.0	0.13043478260869565	0.18140929535232383	-49.0	12412.109375	0.07346326836581708	121.0	32.87275634447578	33953.0	236.21951219512198	-7748.0	7082982.0	216155.45654296875	1863.0	51.25000000000001	-1681.0	-56.79878048780488	2648.0	3879.8534798534797	1376.0	-3.291866028708134	-13.138755980861243	2736.0	4778544.0	98.63993940763827	6.545454545454545	5492.0	
3155.0	8.695652173913043	1453.0	-9.804347826086957	-0.8913043478260869	2335.0	-81.0	0.12143928035982009	0.20389805097451275	-52.0	12421.875	0.07796101949025487	136.0	32.87275634447578	33953.0	241.89024390243904	-7934.0	7083302.0	216165.22216796875	1692.0	48.65853658536586	-1596.0	-51.585365853658544	2637.0	3863.736263736264	1328.0	-3.177033492822966	-13.741626794258373	3068.0	4778544.0	98.63993940763827	7.339712918660287	5744.0	
3135.0	8.880434782608695	1436.0	-9.58695652173913	-0.7934782608695652	2326.0	-81.0	0.12143928035982009	0.23238380809595202	-64.0	12431.640625	0.095952023988006	155.0	32.87275634447578	33953.0	239.63414634146343	-7860.0	7083622.0	216174.98779296875	1427.0	46.3109756097561	-1519.0	-43.50609756097561	2635.0	3860.805860805861	1328.0	-3.177033492822966	-13.55023923444976	3196.0	4778240.0	98.64303200786092	7.645933014354067	5664.0	
3116.0	8.815217391304348	1442.0	-9.380434782608695	-0.717391304347826	2319.0	-80.0	0.1199400299850075	0.2518740629685157	-53.0	12441.40625	0.07946026986506746	168.0	32.87275634447578	33953.0	232.16463414634148	-7615.0	7083942.0	216184.75341796875	1040.0	42.5609756097561	-1396.0	-31.707317073170735	2638.0	3865.2014652014655	1264.0	-3.0239234449760763	-13.272727272727272	3176.0	4778240.0	98.64303200786092	7.598086124401914	5548.0	
3105.0	8.706521739130434	1452.0	-9.26086956521739	-0.5652173913043478	2305.0	-74.0	0.11094452773613193	0.26836581709145424	-53.0	12451.171875	0.07946026986506746	179.0	32.87275634447578	33953.0	222.83536585365854	-7309.0	7084262.0	216194.51904296875	675.0	37.987804878048784	-1246.0	-20.57926829268293	2657.0	3893.040293040293	1232.0	-2.9473684210526314	-13.177033492822966	3120.0	4778240.0	98.64303200786092	7.464114832535885	5508.0	
3103.0	8.554347826086957	1466.0	-9.23913043478261	-0.6630434782608695	2314.0	-76.0	0.11394302848575712	0.2983508245877061	-63.0	12460.9375	0.0944527736131934	199.0	32.87275634447578	33953.0	211.28048780487808	-6930.0	7084582.0	216204.28466796875	319.0	34.207317073170735	-1122.0	-9.725609756097562	2628.0	3850.5494505494507	1232.0	-2.9473684210526314	-13.09090909090909	3084.0	4778240.0	98.64303200786092	7.37799043062201	5472.0	
3089.0	8.41304347826087	1479.0	-9.08695652173913	-0.5108695652173912	2300.0	-69.0	0.10344827586206896	0.3103448275862069	-56.0	12470.703125	0.08395802098950525	207.0	32.87275634447578	33953.0	196.82926829268294	-6456.0	7084902.0	216214.05029296875	-33.0	31.402439024390247	-1030.0	1.0060975609756098	2654.0	3888.644688644689	1244.0	-2.976076555023923	-12.861244019138756	3052.0	4778240.0	98.64303200786092	7.301435406698564	5376.0	
3062.0	8.25	1494.0	-8.793478260869565	-0.43478260869565216	2293.0	-72.0	0.10794602698650674	0.3298350824587706	-54.0	12480.46875	0.08095952023988005	220.0	32.87275634447578	33953.0	180.7926829268293	-5930.0	7085222.0	216223.81591796875	-309.0	27.042682926829272	-887.0	9.420731707317074	2646.0	3876.923076923077	1164.0	-2.784688995215311	-12.564593301435407	2952.0	4778192.0	98.64352031346057	7.062200956937799	5252.0	
3018.0	7.83695652173913	1532.0	-8.315217391304348	-0.20652173913043478	2272.0	-74.0	0.11094452773613193	0.33883058470764615	-50.0	12490.234375	0.07496251874062969	226.0	32.87275634447578	33953.0	162.65243902439025	-5335.0	7085542.0	216233.58154296875	-424.0	21.432926829268293	-703.0	12.926829268292684	2649.0	3881.3186813186812	1080.0	-2.5837320574162677	-12.287081339712918	2804.0	4778192.0	98.64352031346057	6.708133971291866	5136.0	
3023.0	7.5978260869565215	1554.0	-8.369565217391305	-0.05434782608695652	2258.0	-75.0	0.11244377811094453	0.3658170914542728	-52.0	12500.0	0.07796101949025487	244.0	32.87275634447578	33953.0	143.53658536585368	-4708.0	7085862.0	216243.34716796875	-442.0	14.146341463414636	-464.0	13.475609756097562	2650.0	3882.7838827838827	976.0	-2.3349282296650715	-12.086124401913874	2656.0	4778192.0	98.64352031346057	6.354066985645932	5052.0	
3015.0	7.315217391304348	1580.0	-8.282608695652174	0.07608695652173914	2246.0	-67.0	0.10044977511244378	0.36731634182908546	-47.0	12509.765625	0.0704647676161919	245.0	32.87275634447578	33953.0	123.50609756097562	-4051.0	7086182.0	216253.11279296875	-366.0	6.5548780487804885	-215.0	11.158536585365855	2646.0	3876.923076923077	944.0	-2.2583732057416266	-11.980861244019138	2592.0	4778192.0	98.64352031346057	6.200956937799043	5008.0	
3000.0	7.08695652173913	1601.0	-8.119565217391305	0.15217391304347827	2239.0	-65.0	0.09745127436281859	0.38530734632683655	-51.0	12519.53125	0.07646176911544228	257.0	32.87275634447578	33953.0	103.47560975609757	-3394.0	7086502.0	216262.87841796875	-210.0	-1.2195121951219514	40.0	6.402439024390245	2646.0	3876.923076923077	900.0	-2.15311004784689	-11.885167464114833	2468.0	4778192.0	98.64352031346057	5.904306220095694	4968.0	
2995.0	6.8478260869565215	1623.0	-8.065217391304348	0.06521739130434782	2247.0	-64.0	0.095952023988006	0.38830584707646176	-46.0	12529.296875	0.06896551724137931	259.0	32.87275634447578	33953.0	83.44512195121952	-2737.0	7086822.0	216272.64404296875	2.0	-6.829268292682928	224.0	-0.06097560975609757	2638.0	3865.2014652014655	908.0	-2.172248803827751	-11.760765550239235	2352.0	4778128.0	98.64417138772127	5.626794258373206	4916.0	
2986.0	6.565217391304348	1649.0	-7.967391304347826	0.2826086956521739	2227.0	-68.0	0.10194902548725637	0.38530734632683655	-49.0	12539.0625	0.07346326836581708	257.0	32.87275634447578	33953.0	63.53658536585367	-2084.0	7087142.0	216282.40966796875	220.0	-13.109756097560977	430.0	-6.707317073170732	2632.0	3856.4102564102564	832.0	-1.9904306220095693	-11.636363636363637	2236.0	4778128.0	98.64417138772127	5.349282296650718	4864.0	
2967.0	6.543478260869565	1651.0	-7.760869565217391	0.42391304347826086	2214.0	-72.0	0.10794602698650674	0.4032983508245877	-44.0	12548.828125	0.06596701649175413	269.0	32.87275634447578	33953.0	45.396341463414636	-1489.0	7087462.0	216292.17529296875	479.0	-20.000000000000004	656.0	-14.603658536585368	2648.0	3879.8534798534797	772.0	-1.84688995215311	-11.425837320574162	2188.0	4778128.0	98.64417138772127	5.23444976076555	4776.0	
2946.0	6.532608695652174	1652.0	-7.532608695652174	0.5978260869565217	2198.0	-69.0	0.10344827586206896	0.4077961019490255	-42.0	12558.59375	0.06296851574212893	272.0	32.87275634447578	33953.0	29.02439024390244	-952.0	7087782.0	216301.94091796875	781.0	-24.878048780487806	816.0	-23.8109756097561	2651.0	3884.2490842490843	724.0	-1.7320574162679425	-11.110047846889952	2184.0	4778128.0	98.64417138772127	5.22488038277512	4644.0	
2921.0	6.619565217391304	1644.0	-7.260869565217391	0.6304347826086957	2195.0	-75.0	0.11244377811094453	0.4032983508245877	-52.0	12568.359375	0.07796101949025487	269.0	32.87275634447578	33953.0	14.817073170731708	-486.0	7088102.0	216311.70654296875	1063.0	-28.231707317073173	926.0	-32.40853658536586	2650.0	3882.7838827838827	676.0	-1.6172248803827751	-10.794258373205741	2220.0	4778128.0	98.64417138772127	5.311004784688995	4512.0	
2887.0	6.728260869565217	1634.0	-6.891304347826087	0.6521739130434783	2193.0	-69.0	0.10344827586206896	0.40629685157421286	-37.0	12578.125	0.05547226386806597	271.0	32.87275634447578	33953.0	3.1707317073170733	-104.0	7088422.0	216321.47216796875	1329.0	-29.969512195121954	983.0	-40.518292682926834	2640.0	3868.131868131868	620.0	-1.4832535885167464	-10.325358851674642	2268.0	4778160.0	98.64384585057266	5.425837320574162	4316.0	
2850.0	6.771739130434782	1630.0	-6.489130434782608	0.8152173913043478	2178.0	-69.0	0.10344827586206896	0.40629685157421286	-37.0	12587.890625	0.05547226386806597	271.0	32.87275634447578	33953.0	-6.890243902439025	226.0	7088742.0	216331.23779296875	1629.0	-30.396341463414636	997.0	-49.66463414634147	2640.0	3868.131868131868	560.0	-1.339712918660287	-9.85645933014354	2288.0	4778160.0	98.64384585057266	5.473684210526316	4120.0	
2811.0	6.739130434782608	1633.0	-6.065217391304348	0.8260869565217391	2177.0	-71.0	0.10644677661169415	0.4077961019490255	-39.0	12597.65625	0.05847076461769115	272.0	32.87275634447578	33953.0	-14.05487804878049	461.0	7089062.0	216341.00341796875	1909.0	-30.884146341463417	1013.0	-58.20121951219513	2639.0	3866.6666666666665	540.0	-1.2918660287081338	-9.4066985645933	2244.0	4778160.0	98.64384585057266	5.368421052631579	3932.0	
2779.0	6.6521739130434785	1641.0	-5.717391304347826	0.9456521739130435	2166.0	-71.0	0.10644677661169415	0.4077961019490255	-39.0	12607.421875	0.05847076461769115	272.0	32.87275634447578	33953.0	-21.219512195121954	696.0	7089382.0	216350.76904296875	2112.0	-30.57926829268293	1003.0	-64.39024390243902	2649.0	3881.3186813186812	504.0	-1.2057416267942582	-8.937799043062201	2220.0	4778160.0	98.64384585057266	5.311004784688995	3736.0	
2749.0	6.663043478260869	1640.0	-5.391304347826087	1.065217391304348	2155.0	-69.0	0.10344827586206896	0.4122938530734633	-43.0	12617.1875	0.06446776611694152	275.0	32.87275634447578	33953.0	-27.896341463414636	915.0	7089702.0	216360.53466796875	2227.0	-29.512195121951223	968.0	-67.89634146341464	2654.0	3888.644688644689	444.0	-1.062200956937799	-8.660287081339712	2220.0	4778160.0	98.64384585057266	5.311004784688995	3620.0	
2738.0	6.695652173913043	1637.0	-5.271739130434782	1.1739130434782608	2145.0	-70.0	0.10494752623688156	0.41079460269865065	-38.0	12626.953125	0.05697151424287856	274.0	32.87275634447578	33953.0	-34.207317073170735	1122.0	7090022.0	216370.30029296875	2311.0	-28.353658536585368	930.0	-70.45731707317074	2654.0	3888.644688644689	440.0	-1.0526315789473684	-8.430622009569378	2248.0	4778096.0	98.64449692490642	5.37799043062201	3524.0	
2728.0	6.760869565217391	1631.0	-5.163043478260869	1.2391304347826086	2139.0	-71.0	0.10644677661169415	0.4017991004497751	-43.0	12636.71875	0.06446776611694152	268.0	32.87275634447578	33953.0	-40.1219512195122	1316.0	7090342.0	216380.06591796875	2346.0	-26.676829268292686	875.0	-71.52439024390245	2648.0	3879.8534798534797	364.0	-0.8708133971291866	-8.344497607655502	2284.0	4778096.0	98.64449692490642	5.464114832535885	3488.0	
2720.0	6.804347826086956	1627.0	-5.076086956521739	1.2826086956521738	2135.0	-71.0	0.10644677661169415	0.4017991004497751	-44.0	12646.484375	0.06596701649175413	268.0	32.87275634447578	33953.0	-43.71951219512196	1434.0	7090662.0	216389.83154296875	2321.0	-24.908536585365855	817.0	-70.76219512195122	2636.0	3862.2710622710624	340.0	-0.8133971291866028	-8.31578947368421	2292.0	4778096.0	98.64449692490642	5.483253588516746	3476.0	
2727.0	6.804347826086956	1627.0	-5.1521739130434785	1.3695652173913042	2127.0	-75.0	0.11244377811094453	0.4002998500749625	-44.0	12656.25	0.06596701649175413	267.0	32.87275634447578	33953.0	-47.5609756097561	1560.0	7090982.0	216399.59716796875	2279.0	-23.170731707317074	760.0	-69.48170731707317	2644.0	3873.992673992674	324.0	-0.7751196172248803	-8.30622009569378	2280.0	4778096.0	98.64449692490642	5.454545454545454	3472.0	
2740.0	6.739130434782608	1633.0	-5.293478260869565	1.4565217391304348	2119.0	-73.0	0.10944527736131934	0.39280359820089955	-41.0	12666.015625	0.06146926536731634	262.0	32.87275634447578	33953.0	-51.707317073170735	1696.0	7091302.0	216409.36279296875	2200.0	-20.884146341463417	685.0	-67.07317073170732	2626.0	3847.6190476190477	260.0	-0.6220095693779905	-8.392344497607656	2268.0	4778096.0	98.64449692490642	5.425837320574162	3508.0	
2743.0	6.858695652173913	1622.0	-5.326086956521739	1.4239130434782608	2122.0	-77.0	0.11544227886056971	0.3958020989505247	-50.0	12675.78125	0.07496251874062969	264.0	32.89264090808574	33957.0	-55.335365853658544	1815.0	7091622.0	216419.12841796875	2088.0	-19.085365853658537	626.0	-63.65853658536586	2647.0	3878.388278388278	268.0	-0.6411483253588517	-8.545454545454545	2272.0	4778096.0	98.64786301795385	5.435406698564593	3572.0	
2757.0	6.891304347826087	1619.0	-5.478260869565217	1.358695652173913	2128.0	-72.0	0.10794602698650674	0.38980509745127434	-44.0	12685.546875	0.06596701649175413	260.0	32.89264090808574	33957.0	-58.993902439024396	1935.0	7091942.0	216428.89404296875	2055.0	-15.670731707317074	514.0	-62.65243902439025	2649.0	3881.3186813186812	308.0	-0.7368421052631579	-8.76555023923445	2324.0	4778096.0	98.64786301795385	5.559808612440191	3664.0	
2801.0	7.076086956521739	1602.0	-5.956521739130435	1.2717391304347825	2136.0	-74.0	0.11094452773613193	0.3823088455772114	-47.0	12695.3125	0.0704647676161919	255.0	32.89264090808574	33957.0	-62.804878048780495	2060.0	7092262.0	216438.65966796875	2041.0	-12.560975609756099	412.0	-62.22560975609757	2649.0	3881.3186813186812	332.0	-0.7942583732057416	-9.062200956937799	2352.0	4778096.0	98.64786301795385	5.626794258373206	3788.0	
2818.0	7.076086956521739	1602.0	-6.141304347826087	1.108695652173913	2151.0	-73.0	0.10944527736131934	0.38980509745127434	-44.0	12705.078125	0.06596701649175413	260.0	32.89264090808574	33957.0	-67.16463414634147	2203.0	7092582.0	216448.42529296875	2065.0	-9.085365853658537	298.0	-62.957317073170735	2648.0	3879.8534798534797	424.0	-1.014354066985646	-9.425837320574162	2396.0	4778096.0	98.64786301795385	5.732057416267942	3940.0	
2854.0	7.1521739130434785	1595.0	-6.532608695652174	0.8913043478260869	2171.0	-76.0	0.11394302848575712	0.37181409295352325	-54.0	12714.84375	0.08095952023988005	248.0	32.89264090808574	33957.0	-73.07926829268294	2397.0	7092902.0	216458.19091796875	2166.0	-4.237804878048781	139.0	-66.03658536585367	2644.0	3873.992673992674	516.0	-1.2344497607655502	-9.84688995215311	2424.0	4778096.0	98.64786301795385	5.7990430622009566	4116.0	
2882.0	7.239130434782608	1587.0	-6.83695652173913	0.8695652173913043	2173.0	-73.0	0.10944527736131934	0.36281859070464767	-49.0	12724.609375	0.07346326836581708	242.0	32.89264090808574	33957.0	-81.4939024390244	2673.0	7093222.0	216467.95654296875	2111.0	0.1829268292682927	-6.0	-64.35975609756098	2645.0	3875.4578754578756	524.0	-1.2535885167464114	-10.210526315789473	2452.0	4777184.0	98.65714114361828	5.866028708133971	4268.0	
2904.0	7.4021739130434785	1572.0	-7.076086956521739	0.717391304347826	2187.0	-70.0	0.10494752623688156	0.36281859070464767	-49.0	12734.375	0.07346326836581708	242.0	32.89264090808574	33957.0	-92.50000000000001	3034.0	7093542.0	216477.72216796875	2202.0	3.2012195121951224	-105.0	-67.13414634146342	2629.0	3852.0146520146523	588.0	-1.4066985645933014	-10.440191387559809	2564.0	4777184.0	98.65714114361828	6.133971291866028	4364.0	
2919.0	7.619565217391304	1552.0	-7.239130434782608	0.5108695652173912	2206.0	-69.0	0.10344827586206896	0.35532233883058467	-55.0	12744.140625	0.08245877061469264	237.0	32.89264090808574	33957.0	-105.57926829268294	3463.0	7093862.0	216487.48779296875	2489.0	5.609756097560976	-184.0	-75.88414634146342	2632.0	3856.4102564102564	684.0	-1.6363636363636362	-10.679425837320574	2672.0	4777184.0	98.65714114361828	6.392344497607655	4464.0	
2935.0	7.641304347826087	1550.0	-7.413043478260869	0.2608695652173913	2229.0	-68.0	0.10194902548725637	0.35532233883058467	-43.0	12753.90625	0.06446776611694152	237.0	32.89264090808574	33957.0	-118.10975609756099	3874.0	7094182.0	216497.25341796875	2773.0	8.719512195121952	-286.0	-84.54268292682927	2639.0	3866.6666666666665	768.0	-1.8373205741626792	-10.976076555023923	2692.0	4777184.0	98.65714114361828	6.440191387559809	4588.0	
2963.0	7.6521739130434785	1549.0	-7.717391304347826	0.22826086956521738	2232.0	-70.0	0.10494752623688156	0.3448275862068965	-49.0	12763.671875	0.07346326836581708	230.0	32.89264090808574	33957.0	-132.53048780487805	4347.0	7094502.0	216507.01904296875	2960.0	10.823170731707318	-355.0	-90.2439024390244	2628.0	3850.5494505494507	808.0	-1.9330143540669855	-11.282296650717702	2700.0	4777184.0	98.65714114361828	6.45933014354067	4716.0	
2965.0	7.793478260869565	1536.0	-7.739130434782608	0.2826086956521739	2227.0	-69.0	0.10344827586206896	0.33883058470764615	-63.0	12773.4375	0.0944527736131934	226.0	32.89264090808574	33957.0	-149.5426829268293	4905.0	7094822.0	216516.78466796875	3160.0	9.786585365853659	-321.0	-96.34146341463415	2652.0	3885.714285714286	812.0	-1.9425837320574162	-11.435406698564593	2768.0	4777376.0	98.65518785153911	6.62200956937799	4780.0	
2977.0	8.097826086956522	1508.0	-7.869565217391304	0.3695652173913043	2219.0	-68.0	0.10194902548725637	0.31634182908545727	-55.0	12783.203125	0.08245877061469264	211.0	32.89264090808574	33957.0	-167.6829268292683	5500.0	7095142.0	216526.55029296875	3420.0	7.500000000000001	-246.0	-104.26829268292684	2656.0	3891.5750915750914	800.0	-1.9138755980861244	-11.521531100478468	2932.0	4777376.0	98.65518785153911	7.0143540669856455	4816.0	
2981.0	8.532608695652174	1468.0	-7.913043478260869	0.33695652173913043	2222.0	-64.0	0.095952023988006	0.3148425787106447	-47.0	12792.96875	0.0704647676161919	210.0	32.89264090808574	33957.0	-184.60365853658539	6055.0	7095462.0	216536.31591796875	3614.0	2.164634146341464	-71.0	-110.1829268292683	2648.0	3879.8534798534797	804.0	-1.9234449760765548	-11.569377990430622	3132.0	4777376.0	98.65518785153911	7.492822966507177	4836.0	
2996.0	9.097826086956522	1416.0	-8.076086956521738	0.13043478260869565	2241.0	-65.0	0.09745127436281859	0.3028485757121439	-56.0	12802.734375	0.08395802098950525	202.0	32.89264090808574	33957.0	-198.47560975609758	6510.0	7095782.0	216546.08154296875	3477.0	-2.378048780487805	78.0	-106.00609756097562	2632.0	3856.4102564102564	876.0	-2.0956937799043063	-11.645933014354066	3380.0	4777376.0	98.65518785153911	8.086124401913874	4868.0	
2980.0	9.66304347826087	1364.0	-7.902173913043478	0.21739130434782608	2233.0	-69.0	0.10344827586206896	0.2698650674662669	-59.0	12812.5	0.08845577211394302	180.0	32.89264090808574	33957.0	-207.31707317073173	6800.0	7096102.0	216555.84716796875	3697.0	-4.695121951219512	154.0	-112.71341463414635	2649.0	3881.3186813186812	896.0	-2.1435406698564594	-11.598086124401913	3420.0	4777376.0	98.65518785153911	8.181818181818182	4848.0	
2986.0	9.847826086956522	1347.0	-7.967391304347826	0.14130434782608695	2240.0	-59.0	0.08845577211394302	0.2593703148425787	-57.0	12822.265625	0.08545727136431784	173.0	32.89264090808574	33957.0	-215.12195121951223	7056.0	7096422.0	216565.61279296875	3311.0	-12.835365853658537	421.0	-100.94512195121952	2644.0	3873.992673992674	796.0	-1.9043062200956937	-11.722488038277511	3656.0	4777776.0	98.65111849726435	8.746411483253588	4900.0	
2980.0	9.891304347826086	1343.0	-7.902173913043478	0.18478260869565216	2236.0	-67.0	0.10044977511244378	0.24587706146926536	-56.0	12832.03125	0.08395802098950525	164.0	32.89264090808574	33957.0	-224.96951219512198	7379.0	7096742.0	216575.37841796875	3222.0	-18.8109756097561	617.0	-98.23170731707317	2636.0	3862.2710622710624	916.0	-2.1913875598086126	-11.569377990430622	3716.0	4777776.0	98.65111849726435	8.889952153110048	4836.0	
2971.0	8.26086956521739	1493.0	-7.804347826086956	0.5217391304347826	2205.0	-72.0	0.10794602698650674	0.22338830584707645	-68.0	12841.796875	0.10194902548725637	149.0	32.89264090808574	33957.0	-254.45121951219514	8346.0	7097062.0	216585.14404296875	4513.0	-42.926829268292686	1408.0	-137.59146341463415	2647.0	3878.388278388278	584.0	-1.3971291866028708	-11.971291866028707	3320.0	4777776.0	98.65111849726435	7.9425837320574155	5004.0	
2943.0	10.630434782608695	1275.0	-7.5	-0.7282608695652174	2320.0	-71.0	0.10644677661169415	0.2083958020989505	-51.0	12851.5625	0.07646176911544228	139.0	32.89264090808574	33957.0	-252.59146341463418	8285.0	7097382.0	216594.90966796875	2295.0	-49.66463414634147	1629.0	-69.96951219512195	2640.0	3868.131868131868	1336.0	-3.1961722488038276	-10.822966507177034	3832.0	4777776.0	98.65111849726435	9.167464114832535	4524.0	
2978.0	10.815217391304348	1258.0	-7.880434782608695	-0.5760869565217391	2306.0	-75.0	0.11244377811094453	0.1874062968515742	-53.0	12861.328125	0.07946026986506746	125.0	32.89264090808574	33957.0	-269.2987804878049	8833.0	7097702.0	216604.67529296875	3814.0	-48.04878048780488	1576.0	-116.28048780487806	2651.0	3884.2490842490843	1120.0	-2.679425837320574	-11.875598086124402	3972.0	4777776.0	98.65111849726435	9.502392344497608	4964.0	
2970.0	12.41304347826087	1111.0	-7.793478260869565	-0.7826086956521738	2325.0	-76.0	0.11394302848575712	0.1634182908545727	-49.0	12871.09375	0.07346326836581708	109.0	32.89264090808574	33957.0	-250.82317073170734	8227.0	7098022.0	216614.44091796875	1666.0	-58.17073170731708	1908.0	-50.79268292682927	2651.0	3884.2490842490843	1388.0	-3.3205741626794256	-11.282296650717702	4804.0	4777856.0	98.65030462709429	11.492822966507177	4716.0	
2973.0	11.467391304347826	1198.0	-7.826086956521739	-1.0543478260869565	2350.0	-80.0	0.1199400299850075	0.1409295352323838	-44.0	12880.859375	0.06596701649175413	94.0	32.89264090808574	33957.0	-262.5304878048781	8611.0	7098342.0	216624.20654296875	2297.0	-59.48170731707317	1951.0	-70.03048780487805	2650.0	3882.7838827838827	1364.0	-3.263157894736842	-11.760765550239235	4376.0	4777856.0	98.65030462709429	10.4688995215311	4916.0	
2959.0	11.630434782608695	1183.0	-7.673913043478261	-1.2065217391304348	2364.0	-86.0	0.12893553223388304	0.12743628185907047	-35.0	12890.625	0.05247376311844078	85.0	32.89264090808574	33957.0	-267.5304878048781	8775.0	7098662.0	216633.97216796875	1106.0	-67.6829268292683	2220.0	-33.71951219512196	2639.0	3866.6666666666665	1520.0	-3.6363636363636362	-11.23444976076555	4480.0	4777856.0	98.65030462709429	10.717703349282296	4696.0	
2999.0	11.956521739130434	1153.0	-8.108695652173912	-1.2608695652173914	2369.0	-93.0	0.1394302848575712	0.10494752623688156	-33.0	12900.390625	0.04947526236881559	70.0	32.89264090808574	33957.0	-270.7317073170732	8880.0	7098982.0	216643.73779296875	420.0	-74.54268292682927	2445.0	-12.80487804878049	2638.0	3865.2014652014655	1500.0	-3.588516746411483	-11.933014354066986	4592.0	4777856.0	98.65030462709429	10.985645933014354	4988.0	
2955.0	12.282608695652174	1123.0	-7.630434782608695	-1.684782608695652	2408.0	-99.0	0.14842578710644677	0.07496251874062969	-30.0	12910.15625	0.04497751124437781	50.0	32.89264090808574	33957.0	-272.2256097560976	8929.0	7099302.0	216653.50341796875	-155.0	-71.4939024390244	2345.0	4.725609756097562	2638.0	3865.2014652014655	1704.0	-4.0765550239234445	-11.339712918660286	4760.0	4777856.0	98.65030462709429	11.38755980861244	4740.0	
2946.0	12.217391304347826	1129.0	-7.532608695652174	-1.4456521739130435	2386.0	-105.0	0.15742128935532235	0.06146926536731634	-23.0	12919.921875	0.034482758620689655	41.0	32.89264090808574	33957.0	-274.69512195121956	9010.0	7099622.0	216663.26904296875	-494.0	-81.58536585365854	2676.0	15.060975609756099	2631.0	3854.945054945055	1564.0	-3.741626794258373	-11.157894736842104	4692.0	4777984.0	98.64900243529704	11.224880382775119	4664.0	
2931.0	11.934782608695652	1155.0	-7.369565217391304	-1.7065217391304348	2410.0	-105.0	0.15742128935532235	0.029985007496251874	-15.0	12929.6875	0.022488755622188904	20.0	32.89264090808574	33957.0	-276.82926829268297	9080.0	7099942.0	216673.03466796875	-1031.0	-82.28658536585367	2699.0	31.432926829268297	2622.0	3841.758241758242	1684.0	-4.028708133971292	-11.004784688995215	4584.0	4777984.0	98.64900243529704	10.966507177033492	4600.0	
2898.0	11.66304347826087	1180.0	-7.010869565217391	-1.7282608695652173	2412.0	-106.0	0.15892053973013492	0.019490254872563718	-10.0	12939.453125	0.014992503748125937	13.0	32.89264090808574	33957.0	-279.7256097560976	9175.0	7100262.0	216682.80029296875	-1204.0	-90.60975609756099	2972.0	36.707317073170735	2641.0	3869.5970695970695	1776.0	-4.248803827751196	-10.631578947368421	4444.0	4777984.0	98.64900243529704	10.631578947368421	4444.0	
2877.0	11.58695652173913	1187.0	-6.782608695652174	-1.9782608695652173	2435.0	-111.0	0.1664167916041979	-0.01199400299850075	2.0	12949.21875	-0.0029985007496251873	-8.0	32.89264090808574	33957.0	-283.50609756097566	9299.0	7100582.0	216692.56591796875	-1129.0	-96.34146341463415	3160.0	34.420731707317074	2647.0	3878.388278388278	1892.0	-4.526315789473684	-10.33492822966507	4432.0	4777984.0	98.64900243529704	10.602870813397129	4320.0	
2856.0	11.826086956521738	1165.0	-6.554347826086956	-2.1956521739130435	2455.0	-115.0	0.17241379310344826	-0.041979010494752625	19.0	12958.984375	-0.02848575712143928	-28.0	32.89264090808574	33957.0	-287.8963414634147	9443.0	7100902.0	216702.33154296875	-1067.0	-101.31097560975611	3323.0	32.53048780487805	2642.0	3871.062271062271	1912.0	-4.574162679425837	-10.143540669856458	4496.0	4777984.0	98.64900243529704	10.75598086124402	4240.0	
2814.0	12.119565217391305	1138.0	-6.0978260869565215	-2.391304347826087	2473.0	-120.0	0.17991004497751123	-0.050974512743628186	34.0	12968.75	-0.050974512743628186	-34.0	32.89264090808574	33957.0	-287.9878048780488	9446.0	7101222.0	216712.09716796875	-1018.0	-102.59146341463416	3365.0	31.03658536585366	2654.0	3888.644688644689	2000.0	-4.784688995215311	-9.779904306220095	4664.0	4777920.0	98.64965353112261	11.157894736842104	4088.0	
2779.0	12.119565217391305	1138.0	-5.717391304347826	-2.5978260869565215	2492.0	-121.0	0.18140929535232383	-0.08095952023988005	43.0	12978.515625	-0.06446776611694152	-54.0	32.89264090808574	33957.0	-285.70121951219517	9371.0	7101542.0	216721.86279296875	-790.0	-104.96951219512196	3443.0	24.085365853658537	2651.0	3884.2490842490843	2092.0	-5.0047846889952154	-9.330143540669857	4664.0	4777920.0	98.64965353112261	11.157894736842104	3900.0	
2748.0	11.728260869565217	1174.0	-5.380434782608695	-2.4347826086956523	2477.0	-134.0	0.20089955022488756	-0.095952023988006	60.0	12988.28125	-0.08995502248875561	-64.0	32.89264090808574	33957.0	-285.0304878048781	9349.0	7101862.0	216731.62841796875	-509.0	-106.58536585365854	3496.0	15.51829268292683	2643.0	3872.5274725274726	2052.0	-4.909090909090909	-8.889952153110048	4544.0	4777920.0	98.64965353112261	10.870813397129186	3716.0	
2701.0	11.141304347826086	1228.0	-4.869565217391305	-2.7391304347826084	2505.0	-132.0	0.19790104947526235	-0.10494752623688156	72.0	12998.046875	-0.10794602698650674	-70.0	32.89264090808574	33957.0	-285.70121951219517	9371.0	7102182.0	216741.39404296875	-344.0	-112.28658536585367	3683.0	10.487804878048781	2638.0	3865.2014652014655	2060.0	-4.92822966507177	-8.30622009569378	4240.0	4777920.0	98.64965353112261	10.143540669856458	3472.0	
2655.0	10.880434782608695	1252.0	-4.369565217391305	-2.891304347826087	2519.0	-132.0	0.19790104947526235	-0.136431784107946	78.0	13007.8125	-0.1169415292353823	-91.0	32.89264090808574	33957.0	-290.9146341463415	9542.0	7102502.0	216751.15966796875	-339.0	-110.76219512195122	3633.0	10.335365853658537	2636.0	3862.2710622710624	2208.0	-5.282296650717703	-7.779904306220096	4124.0	4777920.0	98.64965353112261	9.866028708133971	3252.0	
2601.0	11.42391304347826	1202.0	-3.782608695652174	-2.8260869565217392	2513.0	-131.0	0.19640179910044978	-0.14392803598200898	98.0	13017.578125	-0.14692653673163417	-96.0	32.89264090808574	33957.0	-293.3536585365854	9622.0	7102822.0	216760.92529296875	-496.0	-107.89634146341464	3539.0	15.121951219512196	2642.0	3871.062271062271	2188.0	-5.23444976076555	-7.090909090909091	4316.0	4778064.0	98.64818856572055	10.325358851674642	2964.0	
2548.0	11.58695652173913	1187.0	-3.2065217391304346	-2.217391304347826	2457.0	-140.0	0.2098950524737631	-0.1634182908545727	115.0	13027.34375	-0.17241379310344826	-109.0	32.89264090808574	33957.0	-289.1463414634147	9484.0	7103142.0	216770.69091796875	-467.0	-108.20121951219514	3549.0	14.237804878048781	2651.0	3884.2490842490843	2036.0	-4.8708133971291865	-6.344497607655502	4448.0	4778064.0	98.64818856572055	10.641148325358852	2652.0	
2489.0	11.184782608695652	1224.0	-2.5652173913043477	-1.9456521739130435	2432.0	-141.0	0.21139430284857572	-0.17541229385307347	135.0	13037.109375	-0.20239880059970014	-117.0	32.89264090808574	33957.0	-282.9878048780488	9282.0	7103462.0	216780.45654296875	-441.0	-114.17682926829269	3745.0	13.445121951219514	2639.0	3866.6666666666665	1816.0	-4.344497607655502	-5.598086124401914	4244.0	4778064.0	98.64818856572055	10.153110047846889	2340.0	
2429.0	11.043478260869565	1237.0	-1.9130434782608696	-2.043478260869565	2441.0	-145.0	0.21739130434782608	-0.1889055472263868	150.0	13046.875	-0.22488755622188905	-126.0	32.89264090808574	33957.0	-285.88414634146346	9377.0	7103782.0	216790.22216796875	-505.0	-121.18902439024392	3975.0	15.396341463414636	2643.0	3872.5274725274726	1884.0	-4.507177033492823	-4.92822966507177	4208.0	4778064.0	98.64818856572055	10.066985645933014	2060.0	
2400.0	11.239130434782608	1219.0	-1.5978260869565217	-1.891304347826087	2427.0	-148.0	0.22188905547226387	-0.21139430284857572	166.0	13056.640625	-0.24887556221889054	-141.0	32.89264090808574	33957.0	-288.44512195121956	9461.0	7104102.0	216799.98779296875	-370.0	-125.33536585365854	4111.0	11.28048780487805	2631.0	3854.945054945055	1792.0	-4.287081339712919	-4.449760765550239	4268.0	4778064.0	98.64818856572055	10.210526315789473	1860.0	
2363.0	11.25	1218.0	-1.1956521739130435	-1.8695652173913042	2425.0	-150.0	0.22488755622188905	-0.20539730134932532	185.0	13066.40625	-0.2773613193403298	-137.0	32.89264090808574	33957.0	-280.9146341463415	9214.0	7104422.0	216809.75341796875	-470.0	-130.45731707317074	4279.0	14.329268292682928	2637.0	3863.736263736264	1768.0	-4.229665071770334	-4.009569377990431	4260.0	4778528.0	98.64346812667888	10.191387559808613	1676.0	
2320.0	11.26086956521739	1217.0	-0.7282608695652174	-2.108695652173913	2447.0	-149.0	0.22338830584707645	-0.22188905547226387	196.0	13076.171875	-0.29385307346326833	-148.0	32.89264090808574	33957.0	-281.5243902439025	9234.0	7104742.0	216819.51904296875	-529.0	-129.32926829268294	4242.0	16.128048780487806	2633.0	3857.875457875458	1820.0	-4.354066985645932	-3.4736842105263155	4248.0	4778528.0	98.64346812667888	10.16267942583732	1452.0	
2274.0	10.576086956521738	1280.0	-0.22826086956521738	-2.0	2437.0	-152.0	0.22788605697151423	-0.22488755622188905	216.0	13085.9375	-0.3238380809595202	-150.0	32.89264090808574	33957.0	-275.94512195121956	9051.0	7105062.0	216829.28466796875	-628.0	-125.33536585365854	4111.0	19.146341463414636	2627.0	3849.084249084249	1744.0	-4.172248803827751	-2.7942583732057416	3924.0	4778528.0	98.64346812667888	9.38755980861244	1168.0	
2219.0	9.576086956521738	1372.0	0.3695652173913043	-1.641304347826087	2404.0	-151.0	0.22638680659670163	-0.22338830584707645	238.0	13095.703125	-0.3568215892053973	-149.0	32.89264090808574	33957.0	-266.9207317073171	8755.0	7105382.0	216839.05029296875	-852.0	-120.70121951219514	3959.0	25.975609756097562	2639.0	3866.6666666666665	1644.0	-3.9330143540669855	-2.124401913875598	3452.0	4778528.0	98.64346812667888	8.258373205741627	888.0	
2163.0	8.641304347826086	1458.0	0.9782608695652174	-1.4891304347826086	2390.0	-152.0	0.22788605697151423	-0.2368815592203898	254.0	13105.46875	-0.38080959520239877	-158.0	32.89264090808574	33957.0	-261.00609756097566	8561.0	7105702.0	216848.81591796875	-1045.0	-114.84756097560977	3767.0	31.85975609756098	2651.0	3884.2490842490843	1584.0	-3.789473684210526	-1.3779904306220094	3032.0	4778528.0	98.64346812667888	7.253588516746412	576.0	
2105.0	8.021739130434783	1515.0	1.608695652173913	-1.3369565217391304	2376.0	-154.0	0.23088455772113942	-0.2353823088455772	264.0	13115.234375	-0.3958020989505247	-157.0	32.89264090808574	33957.0	-257.3170731707317	8440.0	7106022.0	216858.58154296875	-1155.0	-107.89634146341464	3539.0	35.213414634146346	2632.0	3856.4102564102564	1520.0	-3.6363636363636362	-1.014354066985646	2884.0	4778336.0	98.64542141086814	6.899521531100478	424.0	
2054.0	7.641304347826087	1550.0	2.1630434782608696	-0.9782608695652174	2343.0	-152.0	0.22788605697151423	-0.24287856071964017	289.0	13125.0	-0.4332833583208396	-162.0	32.89264090808574	33957.0	-248.75000000000003	8159.0	7106342.0	216868.34716796875	-1219.0	-100.76219512195122	3305.0	37.16463414634147	2650.0	3882.7838827838827	1400.0	-3.3492822966507174	-0.3827751196172249	2696.0	4778336.0	98.64542141086814	6.449760765550239	160.0	
2019.0	7.141304347826087	1596.0	2.543478260869565	-0.7065217391304348	2318.0	-150.0	0.22488755622188905	-0.24437781109445278	297.0	13134.765625	-0.4452773613193403	-163.0	32.89264090808574	33957.0	-237.83536585365854	7801.0	7106662.0	216878.11279296875	-1162.0	-97.59146341463415	3201.0	35.426829268292686	2635.0	3860.805860805861	1260.0	-3.014354066985646	0.21052631578947367	2480.0	4778336.0	98.64542141086814	5.9330143540669855	-88.0	
1987.0	6.4021739130434785	1664.0	2.891304347826087	-0.34782608695652173	2285.0	-143.0	0.2143928035982009	-0.25037481259370314	321.0	13144.53125	-0.48125937031484256	-167.0	32.89264090808574	33957.0	-230.51829268292684	7561.0	7106982.0	216887.87841796875	-940.0	-98.01829268292684	3215.0	28.658536585365855	2637.0	3863.736263736264	1104.0	-2.6411483253588517	0.6220095693779905	2148.0	4778336.0	98.64542141086814	5.1387559808612435	-260.0	
1949.0	5.891304347826087	1711.0	3.3043478260869565	-0.532608695652174	2302.0	-143.0	0.2143928035982009	-0.239880059970015	334.0	13154.296875	-0.5007496251874063	-160.0	32.89264090808574	33957.0	-224.51219512195124	7364.0	7107302.0	216897.64404296875	-541.0	-98.29268292682927	3224.0	16.493902439024392	2637.0	3863.736263736264	1088.0	-2.602870813397129	1.0813397129186602	1836.0	4778336.0	98.64542141086814	4.392344497607655	-452.0	
1916.0	5.58695652173913	1739.0	3.6630434782608696	-0.5434782608695652	2303.0	-141.0	0.21139430284857572	-0.24137931034482757	343.0	13164.0625	-0.5142428785607196	-161.0	32.89264090808574	33957.0	-215.15243902439028	7057.0	7107622.0	216907.40966796875	-18.0	-95.85365853658537	3144.0	0.5487804878048781	2638.0	3865.2014652014655	1128.0	-2.6985645933014353	1.5980861244019138	1744.0	4778480.0	98.64395644760292	4.172248803827751	-668.0	
1875.0	5.565217391304348	1741.0	4.108695652173913	-0.5217391304347826	2301.0	-139.0	0.2083958020989505	-0.24587706146926536	363.0	13173.828125	-0.5442278860569715	-164.0	32.89264090808574	33957.0	-202.95731707317074	6657.0	7107942.0	216917.17529296875	551.0	-88.38414634146342	2899.0	-16.79878048780488	2643.0	3872.5274725274726	1096.0	-2.6220095693779903	2.0669856459330145	1688.0	4778480.0	98.64395644760292	4.038277511961723	-864.0	
1830.0	5.0978260869565215	1784.0	4.5978260869565215	-0.31521739130434784	2282.0	-142.0	0.2128935532233883	-0.2353823088455772	372.0	13183.59375	-0.5577211394302848	-157.0	32.89264090808574	33957.0	-191.9207317073171	6295.0	7108262.0	216926.94091796875	1026.0	-77.5	2542.0	-31.280487804878053	2627.0	3849.084249084249	1008.0	-2.4114832535885165	2.660287081339713	1516.0	4778480.0	98.64395644760292	3.626794258373206	-1112.0	
1767.0	4.554347826086956	1834.0	5.282608695652174	0.021739130434782608	2251.0	-141.0	0.21139430284857572	-0.2353823088455772	385.0	13193.359375	-0.5772113943028485	-157.0	32.89264090808574	33957.0	-180.91463414634148	5934.0	7108582.0	216936.70654296875	1429.0	-72.95731707317074	2393.0	-43.56707317073171	2640.0	3868.131868131868	868.0	-2.076555023923445	3.4736842105263155	1256.0	4778480.0	98.64395644760292	3.004784688995215	-1452.0	
1776.0	4.782608695652174	1813.0	5.184782608695652	0.043478260869565216	2249.0	-140.0	0.2098950524737631	-0.23088455772113942	398.0	13203.125	-0.5967016491754122	-154.0	32.89264090808574	33957.0	-158.0487804878049	5184.0	7108902.0	216946.47216796875	2025.0	-84.54268292682927	2773.0	-61.737804878048784	2644.0	3873.992673992674	932.0	-2.229665071770335	3.253588516746411	1324.0	4778480.0	98.64395644760292	3.1674641148325358	-1360.0	
1737.0	4.630434782608695	1827.0	5.608695652173913	-0.13043478260869565	2265.0	-142.0	0.2128935532233883	-0.21889055472263869	407.0	13212.890625	-0.6101949025487257	-146.0	32.89264090808574	33957.0	-135.03048780487805	4429.0	7109222.0	216956.23779296875	1838.0	-82.65243902439025	2711.0	-56.03658536585366	2630.0	3853.479853479854	924.0	-2.2105263157894735	3.942583732057416	1236.0	4778304.0	98.64574695836085	2.956937799043062	-1648.0	
1695.0	4.4021739130434785	1848.0	6.065217391304348	-0.32608695652173914	2283.0	-139.0	0.2083958020989505	-0.2128935532233883	415.0	13222.65625	-0.6221889055472264	-142.0	32.89264090808574	33957.0	-121.98170731707319	4001.0	7109542.0	216966.00341796875	1760.0	-78.01829268292684	2559.0	-53.65853658536586	2639.0	3866.6666666666665	1008.0	-2.4114832535885165	4.497607655502392	1172.0	4778304.0	98.64574695836085	2.803827751196172	-1880.0	
1639.0	4.282608695652174	1859.0	6.673913043478261	0.14130434782608695	2240.0	-148.0	0.22188905547226387	-0.20239880059970014	422.0	13232.421875	-0.6326836581709145	-135.0	32.89264090808574	33957.0	-112.13414634146342	3678.0	7109862.0	216975.76904296875	1902.0	-78.38414634146342	2571.0	-57.987804878048784	2630.0	3853.479853479854	728.0	-1.7416267942583732	5.205741626794258	1056.0	4778304.0	98.64574695836085	2.526315789473684	-2176.0	
1577.0	3.858695652173913	1898.0	7.3478260869565215	1.0217391304347825	2159.0	-147.0	0.22038980509745126	-0.19940029985007496	434.0	13242.1875	-0.6506746626686657	-133.0	32.89264090808574	33957.0	-101.73780487804879	3337.0	7110182.0	216985.53466796875	1906.0	-78.04878048780489	2560.0	-58.10975609756098	2622.0	3841.758241758242	368.0	-0.8803827751196172	5.952153110047846	924.0	4778304.0	98.64574695836085	2.2105263157894735	-2488.0	
1515.0	3.5652173913043477	1925.0	8.021739130434783	1.6630434782608696	2100.0	-149.0	0.22338830584707645	-0.1889055472263868	437.0	13251.953125	-0.6551724137931034	-126.0	32.89264090808574	33957.0	-91.67682926829269	3007.0	7110502.0	216995.30029296875	2063.0	-86.3719512195122	2833.0	-62.89634146341464	2639.0	3866.6666666666665	112.0	-0.2679425837320574	6.7368421052631575	796.0	4778304.0	98.64574695836085	1.9043062200956937	-2816.0	
1464.0	3.5978260869565215	1922.0	8.576086956521738	2.119565217391304	2058.0	-145.0	0.21739130434782608	-0.20689655172413793	445.0	13261.71875	-0.6671664167916042	-138.0	32.89264090808574	33957.0	-77.31707317073172	2536.0	7110822.0	217005.06591796875	1707.0	-100.33536585365854	3291.0	-52.04268292682927	2654.0	3888.644688644689	232.0	-0.5550239234449761	7.100478468899521	776.0	4778384.0	98.64493308969753	1.8564593301435406	-2968.0	
1425.0	4.076086956521739	1878.0	9.0	2.0217391304347827	2067.0	-142.0	0.2128935532233883	-0.19490254872563717	452.0	13271.484375	-0.6776611694152923	-130.0	32.89264090808574	33957.0	-68.75	2255.0	7111142.0	217014.83154296875	1302.0	-113.10975609756099	3710.0	-39.69512195121951	2630.0	3853.479853479854	44.0	-0.10526315789473684	7.578947368421052	976.0	4778384.0	98.64493308969753	2.3349282296650715	-3168.0	
1445.0	4.989130434782608	1794.0	8.782608695652174	2.510869565217391	2022.0	-138.0	0.20689655172413793	-0.1889055472263868	455.0	13281.25	-0.6821589205397302	-126.0	32.89264090808574	33957.0	-57.835365853658544	1897.0	7111462.0	217024.59716796875	727.0	-125.54878048780489	4118.0	-22.164634146341466	2655.0	3890.10989010989	-80.0	0.19138755980861244	7.5406698564593295	1392.0	4778384.0	98.64493308969753	3.3301435406698565	-3152.0	
1523.0	5.554347826086956	1742.0	7.934782608695652	2.6630434782608696	2008.0	-145.0	0.21739130434782608	-0.1874062968515742	463.0	13291.015625	-0.6941529235382309	-125.0	32.89264090808574	33957.0	-44.451219512195124	1458.0	7111782.0	217034.36279296875	-16.0	-133.35365853658539	4374.0	0.48780487804878053	2626.0	3847.6190476190477	-268.0	0.6411483253588517	6.727272727272727	1748.0	4778384.0	98.64493308969753	4.181818181818182	-2812.0	
1586.0	5.326086956521739	1763.0	7.25	2.684782608695652	2006.0	-137.0	0.20539730134932532	-0.18590704647676162	466.0	13300.78125	-0.6986506746626686	-124.0	32.89264090808574	33957.0	-34.08536585365854	1118.0	7112102.0	217044.12841796875	-637.0	-119.96951219512196	3935.0	19.420731707317074	2641.0	3869.5970695970695	-328.0	0.784688995215311	5.827751196172248	1676.0	4778384.0	98.64493308969753	4.009569377990431	-2436.0	
1624.0	4.684782608695652	1822.0	6.83695652173913	2.967391304347826	1980.0	-132.0	0.19790104947526235	-0.1889055472263868	472.0	13310.546875	-0.7076461769115442	-126.0	32.89264090808574	33957.0	-26.737804878048784	877.0	7112422.0	217053.89404296875	-858.0	-96.58536585365854	3168.0	26.158536585365855	2632.0	3856.4102564102564	-548.0	1.3110047846889952	5.291866028708133	1348.0	4778512.0	98.6436309003111	3.2248803827751193	-2212.0	
1630.0	4.108695652173913	1875.0	6.771739130434782	2.9891304347826084	1978.0	-128.0	0.191904047976012	-0.17691154422788605	472.0	13320.3125	-0.7076461769115442	-118.0	32.89264090808574	33957.0	-20.57926829268293	675.0	7112742.0	217063.65966796875	-752.0	-78.32317073170732	2569.0	22.926829268292686	2634.0	3859.3406593406594	-504.0	1.2057416267942582	5.157894736842105	1084.0	4778512.0	98.6436309003111	2.5933014354066986	-2156.0	
1628.0	4.206521739130435	1866.0	6.793478260869565	3.043478260869565	1973.0	-126.0	0.1889055472263868	-0.1829085457271364	477.0	13330.078125	-0.7151424287856072	-122.0	32.89264090808574	33957.0	-14.29878048780488	469.0	7113062.0	217073.42529296875	-406.0	-60.97560975609757	2000.0	12.378048780487806	2649.0	3881.3186813186812	-576.0	1.3779904306220094	5.157894736842105	1108.0	4778512.0	98.6436309003111	2.650717703349282	-2156.0	
1620.0	4.554347826086956	1834.0	6.880434782608695	2.5652173913043477	2017.0	-123.0	0.18440779610194902	-0.18440779610194902	475.0	13339.84375	-0.712143928035982	-123.0	32.89264090808574	33957.0	-10.24390243902439	336.0	7113382.0	217083.19091796875	-7.0	-45.03048780487805	1477.0	0.2134146341463415	2627.0	3849.084249084249	-336.0	0.8038277511961722	5.320574162679426	1276.0	4778512.0	98.6436309003111	3.052631578947368	-2224.0	
1596.0	5.032608695652174	1790.0	7.141304347826087	2.1956521739130435	2051.0	-124.0	0.18590704647676162	-0.17991004497751123	478.0	13349.609375	-0.7166416791604198	-120.0	32.89264090808574	33957.0	-6.52439024390244	214.0	7113702.0	217092.95654296875	320.0	-32.40853658536586	1063.0	-9.756097560975611	2635.0	3860.805860805861	-144.0	0.34449760765550236	5.578947368421052	1480.0	4778512.0	98.6436309003111	3.54066985645933	-2332.0	
1558.0	5.391304347826087	1757.0	7.554347826086956	2.1739130434782608	2053.0	-129.0	0.1934032983508246	-0.17841079460269865	469.0	13359.375	-0.7031484257871065	-119.0	32.89264090808574	33957.0	-2.8353658536585367	93.0	7114022.0	217102.72216796875	574.0	-21.646341463414636	710.0	-17.5	2648.0	3879.8534798534797	-100.0	0.23923444976076555	6.019138755980861	1684.0	4778704.0	98.64167761732726	4.028708133971292	-2516.0	
1530.0	5.695652173913043	1729.0	7.858695652173913	1.9239130434782608	2076.0	-121.0	0.18140929535232383	-0.17691154422788605	478.0	13369.140625	-0.7166416791604198	-118.0	32.89264090808574	33957.0	-0.6097560975609757	20.0	7114342.0	217112.48779296875	759.0	-18.323170731707318	601.0	-23.140243902439025	2638.0	3865.2014652014655	32.0	-0.07655502392344497	6.440191387559809	1832.0	4778704.0	98.64167761732726	4.382775119617225	-2692.0	
1507.0	6.206521739130435	1682.0	8.108695652173912	1.717391304347826	2095.0	-124.0	0.18590704647676162	-0.17541229385307347	478.0	13378.90625	-0.7166416791604198	-117.0	32.89264090808574	33957.0	2.3170731707317076	-76.0	7114662.0	217122.25341796875	822.0	-17.926829268292686	588.0	-25.0609756097561	2639.0	3866.6666666666665	128.0	-0.3062200956937799	6.708133971291866	2048.0	4778704.0	98.64167761732726	4.899521531100478	-2804.0	
1508.0	6.945652173913043	1614.0	8.097826086956522	1.6304347826086956	2103.0	-122.0	0.1829085457271364	-0.1829085457271364	486.0	13388.671875	-0.7286356821589205	-122.0	32.89264090808574	33957.0	6.463414634146342	-212.0	7114982.0	217132.01904296875	744.0	-17.53048780487805	575.0	-22.682926829268293	2639.0	3866.6666666666665	168.0	-0.4019138755980861	6.660287081339713	2408.0	4778704.0	98.64167761732726	5.760765550239234	-2784.0	
1515.0	7.423913043478261	1570.0	8.021739130434783	1.7282608695652173	2094.0	-127.0	0.19040479760119938	-0.17691154422788605	482.0	13398.4375	-0.7226386806596702	-118.0	32.89264090808574	33957.0	11.371951219512196	-373.0	7115302.0	217141.78466796875	571.0	-14.573170731707318	478.0	-17.408536585365855	2624.0	3844.6886446886447	80.0	-0.19138755980861244	6.641148325358851	2608.0	4778704.0	98.64167761732726	6.239234449760765	-2776.0	
1514.0	7.619565217391304	1552.0	8.032608695652174	1.9239130434782608	2076.0	-124.0	0.18590704647676162	-0.17841079460269865	479.0	13408.203125	-0.7181409295352323	-119.0	32.89264090808574	33957.0	15.914634146341465	-522.0	7115622.0	217151.55029296875	220.0	-15.182926829268293	498.0	-6.707317073170732	2645.0	3875.4578754578756	72.0	-0.17224880382775118	6.526315789473684	2696.0	4778816.0	98.64053820286063	6.449760765550239	-2728.0	
1533.0	7.739130434782608	1541.0	7.826086956521739	1.9456521739130435	2074.0	-124.0	0.18590704647676162	-0.17841079460269865	479.0	13417.96875	-0.7181409295352323	-119.0	32.89264090808574	33957.0	20.762195121951223	-681.0	7115942.0	217161.31591796875	-99.0	-17.103658536585368	561.0	3.0182926829268295	2642.0	3871.062271062271	52.0	-0.12440191387559808	6.449760765550239	2740.0	4778816.0	98.64053820286063	6.555023923444976	-2696.0	
1555.0	7.554347826086956	1558.0	7.58695652173913	1.9782608695652173	2071.0	-125.0	0.1874062968515742	-0.17991004497751123	480.0	13427.734375	-0.7196401799100449	-120.0	32.89264090808574	33957.0	26.493902439024392	-869.0	7116262.0	217171.08154296875	-472.0	-15.27439024390244	501.0	14.390243902439027	2640.0	3868.131868131868	36.0	-0.08612440191387559	6.200956937799043	2700.0	4778816.0	98.64053820286063	6.45933014354067	-2592.0	
1577.0	7.184782608695652	1592.0	7.3478260869565215	2.0760869565217392	2062.0	-125.0	0.1874062968515742	-0.17991004497751123	480.0	13437.5	-0.7196401799100449	-120.0	32.89264090808574	33957.0	30.0609756097561	-986.0	7116582.0	217180.84716796875	-782.0	-11.341463414634147	372.0	23.84146341463415	2654.0	3888.644688644689	-8.0	0.019138755980861243	5.779904306220096	2556.0	4778816.0	98.64053820286063	6.114832535885167	-2416.0	
1600.0	6.858695652173913	1622.0	7.0978260869565215	2.0543478260869565	2064.0	-115.0	0.17241379310344826	-0.18440779610194902	476.0	13447.265625	-0.7136431784107946	-123.0	32.89264090808574	33957.0	31.768292682926834	-1042.0	7116902.0	217190.61279296875	-931.0	-4.024390243902439	132.0	28.384146341463417	2625.0	3846.153846153846	-32.0	0.07655502392344497	5.569377990430622	2404.0	4778816.0	98.64053820286063	5.751196172248804	-2328.0	
1619.0	6.782608695652174	1629.0	6.891304347826087	2.108695652173913	2059.0	-123.0	0.18440779610194902	-0.1889055472263868	479.0	13457.03125	-0.7181409295352323	-126.0	32.89264090808574	33957.0	33.07926829268293	-1085.0	7117222.0	217200.37841796875	-947.0	3.963414634146342	-130.0	28.871951219512198	2642.0	3871.062271062271	-56.0	0.1339712918660287	5.349282296650718	2292.0	4778816.0	98.64053820286063	5.483253588516746	-2236.0	
1626.0	6.967391304347826	1612.0	6.815217391304348	2.108695652173913	2059.0	-118.0	0.17691154422788605	-0.19040479760119938	470.0	13466.796875	-0.704647676161919	-127.0	32.89264090808574	33957.0	34.024390243902445	-1116.0	7117542.0	217210.14404296875	-901.0	13.414634146341465	-440.0	27.469512195121954	2637.0	3863.736263736264	-112.0	0.2679425837320574	5.253588516746412	2332.0	4778816.0	98.64053820286063	5.578947368421052	-2196.0	
1621.0	6.923913043478261	1616.0	6.869565217391304	2.108695652173913	2059.0	-109.0	0.1634182908545727	-0.19490254872563717	474.0	13476.5625	-0.7106446776611693	-130.0	32.89264090808574	33957.0	36.15853658536586	-1186.0	7117862.0	217219.90966796875	-831.0	21.28048780487805	-698.0	25.33536585365854	2641.0	3869.5970695970695	-92.0	0.2200956937799043	5.244019138755981	2376.0	4778816.0	98.64053820286063	5.684210526315789	-2192.0	
1616.0	7.195652173913043	1591.0	6.923913043478261	1.9021739130434783	2078.0	-122.0	0.1829085457271364	-0.18140929535232383	464.0	13486.328125	-0.6956521739130435	-121.0	32.89264090808574	33957.0	38.26219512195122	-1255.0	7118182.0	217229.67529296875	-923.0	29.08536585365854	-954.0	28.14024390243903	2647.0	3878.388278388278	8.0	-0.019138755980861243	5.349282296650718	2460.0	4778816.0	98.64053820286063	5.885167464114832	-2236.0	
1606.0	7.065217391304348	1603.0	7.032608695652174	2.130434782608696	2057.0	-119.0	0.17841079460269865	-0.19790104947526235	468.0	13496.09375	-0.7016491754122939	-132.0	32.89264090808574	33957.0	39.93902439024391	-1310.0	7118502.0	217239.44091796875	-946.0	33.53658536585366	-1100.0	28.84146341463415	2643.0	3872.5274725274726	-36.0	0.08612440191387559	5.492822966507177	2440.0	4778816.0	98.64053820286063	5.837320574162679	-2296.0	
1606.0	7.0	1609.0	7.032608695652174	2.032608695652174	2066.0	-118.0	0.17691154422788605	-0.1889055472263868	457.0	13505.859375	-0.6851574212893553	-126.0	32.89264090808574	33957.0	43.78048780487805	-1436.0	7118822.0	217249.20654296875	-1065.0	36.920731707317074	-1211.0	32.46951219512196	2654.0	3888.644688644689	8.0	-0.019138755980861243	5.521531100478469	2372.0	4778672.0	98.64200316439991	5.6746411483253585	-2308.0	
1638.0	6.913043478260869	1617.0	6.684782608695652	2.152173913043478	2055.0	-119.0	0.17841079460269865	-0.20089955022488756	458.0	13515.625	-0.6866566716641679	-134.0	32.89264090808574	33957.0	47.13414634146342	-1546.0	7119142.0	217258.97216796875	-1175.0	37.713414634146346	-1237.0	35.82317073170732	2622.0	3841.758241758242	-92.0	0.2200956937799043	5.215311004784689	2332.0	4778672.0	98.64200316439991	5.578947368421052	-2180.0	
1664.0	6.630434782608695	1643.0	6.4021739130434785	2.1739130434782608	2053.0	-117.0	0.17541229385307347	-0.20089955022488756	458.0	13525.390625	-0.6866566716641679	-134.0	32.89264090808574	33957.0	51.61585365853659	-1693.0	7119462.0	217268.73779296875	-1183.0	44.420731707317074	-1457.0	36.06707317073171	2637.0	3863.736263736264	-116.0	0.27751196172248804	4.794258373205741	2204.0	4778672.0	98.64200316439991	5.2727272727272725	-2004.0	
1691.0	6.413043478260869	1663.0	6.108695652173913	2.2282608695652173	2048.0	-119.0	0.17841079460269865	-0.19940029985007496	455.0	13535.15625	-0.6821589205397302	-133.0	32.89264090808574	33957.0	56.12804878048781	-1841.0	7119782.0	217278.50341796875	-1190.0	50.518292682926834	-1657.0	36.28048780487805	2639.0	3866.6666666666665	-152.0	0.36363636363636365	4.401913875598086	2112.0	4778672.0	98.64200316439991	5.052631578947368	-1840.0	
1723.0	6.413043478260869	1663.0	5.760869565217392	2.282608695652174	2043.0	-124.0	0.18590704647676162	-0.20539730134932532	463.0	13544.921875	-0.6941529235382309	-137.0	32.89264090808574	33957.0	62.01219512195122	-2034.0	7120102.0	217288.26904296875	-1042.0	58.62804878048781	-1923.0	31.768292682926834	2638.0	3865.2014652014655	-204.0	0.4880382775119617	4.038277511961723	2048.0	4778672.0	98.64200316439991	4.899521531100478	-1688.0	
1758.0	6.228260869565217	1680.0	5.380434782608695	2.2717391304347827	2044.0	-111.0	0.1664167916041979	-0.20239880059970014	444.0	13554.6875	-0.6656671664167916	-135.0	32.89264090808574	33957.0	68.8109756097561	-2257.0	7120422.0	217298.03466796875	-898.0	68.84146341463415	-2258.0	27.378048780487806	2623.0	3843.223443223443	-208.0	0.49760765550239233	3.6363636363636362	2040.0	4778832.0	98.64037542940193	4.880382775119617	-1520.0	
1790.0	6.271739130434782	1676.0	5.032608695652174	2.4782608695652173	2025.0	-116.0	0.17391304347826086	-0.21889055472263869	445.0	13564.453125	-0.6671664167916042	-146.0	32.89264090808574	33957.0	75.73170731707317	-2484.0	7120742.0	217307.80029296875	-846.0	78.75000000000001	-2583.0	25.792682926829272	2637.0	3863.736263736264	-264.0	0.631578947368421	3.3971291866028706	2040.0	4778832.0	98.64037542940193	4.880382775119617	-1420.0	
1810.0	6.239130434782608	1679.0	4.815217391304348	2.532608695652174	2020.0	-112.0	0.1679160419790105	-0.21889055472263869	445.0	13574.21875	-0.6671664167916042	-146.0	32.89264090808574	33957.0	81.76829268292684	-2682.0	7121062.0	217317.56591796875	-789.0	90.64024390243904	-2973.0	24.05487804878049	2638.0	3865.2014652014655	-308.0	0.7368421052631579	3.110047846889952	2060.0	4778832.0	98.64037542940193	4.92822966507177	-1300.0	
1830.0	6.260869565217391	1677.0	4.5978260869565215	2.532608695652174	2020.0	-118.0	0.17691154422788605	-0.21589205397301348	436.0	13583.984375	-0.6536731634182908	-144.0	32.89264090808574	33957.0	88.59756097560977	-2906.0	7121382.0	217327.33154296875	-723.0	101.4939024390244	-3329.0	22.04268292682927	2638.0	3865.2014652014655	-252.0	0.6028708133971291	2.813397129186603	2060.0	4778832.0	98.64037542940193	4.92822966507177	-1176.0	
1837.0	6.358695652173913	1668.0	4.521739130434782	2.717391304347826	2003.0	-123.0	0.18440779610194902	-0.22338830584707645	428.0	13593.75	-0.6416791604197901	-149.0	32.89264090808574	33957.0	96.64634146341464	-3170.0	7121702.0	217337.09716796875	-690.0	112.53048780487806	-3691.0	21.03658536585366	2649.0	3881.3186813186812	-316.0	0.7559808612440191	2.555023923444976	2112.0	4778832.0	98.64037542940193	5.052631578947368	-1068.0	
1864.0	6.5	1655.0	4.228260869565217	2.7065217391304346	2004.0	-115.0	0.17241379310344826	-0.22638680659670163	419.0	13603.515625	-0.6281859070464767	-151.0	32.89264090808574	33957.0	104.84756097560977	-3439.0	7122022.0	217346.86279296875	-632.0	121.31097560975611	-3979.0	19.26829268292683	2630.0	3853.479853479854	-320.0	0.7655502392344498	2.3636363636363638	2168.0	4778624.0	98.64249148507737	5.186602870813397	-988.0	
1881.0	6.717391304347826	1635.0	4.043478260869565	2.4782608695652173	2025.0	-122.0	0.1829085457271364	-0.22638680659670163	414.0	13613.28125	-0.6206896551724138	-151.0	32.89264090808574	33957.0	112.77439024390245	-3699.0	7122342.0	217356.62841796875	-585.0	130.97560975609758	-4296.0	17.835365853658537	2643.0	3872.5274725274726	-236.0	0.5645933014354066	2.1435406698564594	2212.0	4778624.0	98.64249148507737	5.291866028708133	-896.0	
1900.0	6.978260869565217	1611.0	3.8369565217391304	2.293478260869565	2042.0	-130.0	0.19490254872563717	-0.2353823088455772	411.0	13623.046875	-0.616191904047976	-157.0	32.89264090808574	33957.0	121.28048780487806	-3978.0	7122662.0	217366.39404296875	-486.0	140.88414634146343	-4621.0	14.817073170731708	2640.0	3868.131868131868	-200.0	0.4784688995215311	1.8660287081339713	2308.0	4778624.0	98.64249148507737	5.521531100478469	-780.0	
1917.0	7.032608695652174	1606.0	3.652173913043478	2.2282608695652173	2048.0	-124.0	0.18590704647676162	-0.2338830584707646	399.0	13632.8125	-0.5982008995502248	-156.0	32.89264090808574	33957.0	128.20121951219514	-4205.0	7122982.0	217376.15966796875	-546.0	149.4207317073171	-4901.0	16.646341463414636	2635.0	3860.805860805861	-132.0	0.3157894736842105	1.6363636363636362	2392.0	4778624.0	98.64249148507737	5.722488038277512	-684.0	
1930.0	7.163043478260869	1594.0	3.510869565217391	2.4565217391304346	2027.0	-126.0	0.1889055472263868	-0.2368815592203898	393.0	13642.578125	-0.5892053973013494	-158.0	32.89264090808574	33957.0	134.4817073170732	-4411.0	7123302.0	217385.92529296875	-578.0	157.83536585365854	-5177.0	17.621951219512198	2652.0	3885.714285714286	-156.0	0.37320574162679426	1.416267942583732	2432.0	4778624.0	98.64249148507737	5.818181818181818	-592.0	
1940.0	7.119565217391304	1598.0	3.402173913043478	2.282608695652174	2043.0	-132.0	0.19790104947526235	-0.239880059970015	380.0	13652.34375	-0.5697151424287856	-160.0	32.89264090808574	33957.0	142.5609756097561	-4676.0	7123622.0	217395.69091796875	-573.0	165.94512195121953	-5443.0	17.469512195121954	2636.0	3862.2710622710624	-152.0	0.36363636363636365	1.339712918660287	2424.0	4778768.0	98.64102652329154	5.7990430622009566	-560.0	
1952.0	7.076086956521739	1602.0	3.2717391304347827	2.032608695652174	2066.0	-131.0	0.19640179910044978	-0.24287856071964017	378.0	13662.109375	-0.5667166416791604	-162.0	32.89264090808574	33957.0	150.76219512195124	-4945.0	7123942.0	217405.45654296875	-439.0	169.0548780487805	-5545.0	13.384146341463415	2636.0	3862.2710622710624	-36.0	0.08612440191387559	1.1483253588516746	2384.0	4778768.0	98.64102652329154	5.70334928229665	-480.0	
1972.0	7.163043478260869	1594.0	3.0543478260869565	1.9891304347826086	2070.0	-139.0	0.2083958020989505	-0.25037481259370314	358.0	13671.875	-0.5367316341829085	-167.0	32.89264090808574	33957.0	157.50000000000003	-5166.0	7124262.0	217415.22216796875	-360.0	176.58536585365854	-5792.0	10.975609756097562	2646.0	3876.923076923077	4.0	-0.009569377990430622	0.7942583732057416	2460.0	4778768.0	98.64102652329154	5.885167464114832	-332.0	
2010.0	7.456521739130435	1567.0	2.641304347826087	1.6304347826086956	2103.0	-135.0	0.20239880059970014	-0.24737631184407796	343.0	13681.640625	-0.5142428785607196	-165.0	32.89264090808574	33957.0	162.71341463414635	-5337.0	7124582.0	217424.98779296875	-375.0	182.9268292682927	-6000.0	11.432926829268293	2628.0	3850.5494505494507	156.0	-0.37320574162679426	0.4497607655502392	2580.0	4778768.0	98.64102652329154	6.172248803827751	-188.0	
2024.0	7.75	1540.0	2.4891304347826084	1.5	2115.0	-138.0	0.20689655172413793	-0.2518740629685157	330.0	13691.40625	-0.4947526236881559	-168.0	32.89264090808574	33957.0	167.71341463414635	-5501.0	7124902.0	217434.75341796875	-386.0	190.6707317073171	-6254.0	11.76829268292683	2637.0	3863.736263736264	212.0	-0.507177033492823	0.18181818181818182	2724.0	4778768.0	98.64102652329154	6.516746411483253	-76.0	
2035.0	8.0	1517.0	2.369565217391304	1.1521739130434783	2147.0	-131.0	0.19640179910044978	-0.25337331334332835	320.0	13701.171875	-0.47976011994003	-169.0	32.89264090808574	33957.0	172.8048780487805	-5668.0	7125222.0	217444.51904296875	-345.0	196.46341463414635	-6444.0	10.51829268292683	2645.0	3875.4578754578756	436.0	-1.0430622009569377	0.0	2832.0	4778752.0	98.64118929678676	6.77511961722488	0.0	
2058.0	8.326086956521738	1487.0	2.119565217391304	0.6413043478260869	2194.0	-129.0	0.1934032983508246	-0.2593703148425787	308.0	13710.9375	-0.46176911544227883	-173.0	32.89264090808574	33957.0	177.07317073170734	-5808.0	7125542.0	217454.28466796875	-355.0	200.15243902439028	-6565.0	10.823170731707318	2626.0	3847.6190476190477	608.0	-1.4545454545454546	-0.2200956937799043	3000.0	4778752.0	98.64118929678676	7.177033492822966	92.0	
2076.0	8.76086956521739	1447.0	1.9239130434782608	0.31521739130434784	2224.0	-127.0	0.19040479760119938	-0.2518740629685157	290.0	13720.703125	-0.43478260869565216	-168.0	32.89264090808574	33957.0	181.21951219512198	-5944.0	7125862.0	217464.05029296875	-348.0	203.62804878048783	-6679.0	10.609756097560977	2645.0	3875.4578754578756	716.0	-1.7129186602870812	-0.3253588516746411	3112.0	4778752.0	98.64118929678676	7.444976076555023	136.0	
2093.0	8.98913043478261	1426.0	1.7391304347826086	0.3695652173913043	2219.0	-128.0	0.191904047976012	-0.2563718140929535	279.0	13730.46875	-0.41829085457271364	-171.0	32.89264090808574	33957.0	183.81097560975613	-6029.0	7126182.0	217473.81591796875	-380.0	209.69512195121953	-6878.0	11.585365853658537	2639.0	3866.6666666666665	780.0	-1.8660287081339713	-0.5645933014354066	3256.0	4778752.0	98.64118929678676	7.789473684210526	236.0	
2102.0	9.141304347826086	1412.0	1.641304347826087	-0.07608695652173914	2260.0	-131.0	0.19640179910044978	-0.24887556221889054	266.0	13740.234375	-0.3988005997001499	-166.0	32.89264090808574	33957.0	188.0487804878049	-6168.0	7126502.0	217483.58154296875	-543.0	212.10365853658539	-6957.0	16.554878048780488	2632.0	3856.4102564102564	840.0	-2.0095693779904304	-0.8038277511961722	3336.0	4778752.0	98.64118929678676	7.980861244019138	336.0	
2100.0	9.5	1379.0	1.6630434782608696	-0.5869565217391304	2307.0	-130.0	0.19490254872563717	-0.2518740629685157	250.0	13750.0	-0.3748125937031484	-168.0	32.89264090808574	33957.0	190.03048780487808	-6233.0	7126822.0	217493.34716796875	-972.0	208.78048780487808	-6848.0	29.634146341463417	2647.0	3878.388278388278	1240.0	-2.9665071770334928	-0.8612440191387559	3472.0	4778688.0	98.64184039085902	8.30622009569378	360.0	
2132.0	10.108695652173912	1323.0	1.315217391304348	-0.5543478260869565	2304.0	-128.0	0.191904047976012	-0.24737631184407796	236.0	13759.765625	-0.3538230884557721	-165.0	32.89264090808574	33957.0	192.37804878048783	-6310.0	7127142.0	217503.11279296875	-1323.0	209.93902439024393	-6886.0	40.33536585365854	2628.0	3850.5494505494507	1176.0	-2.813397129186603	-1.0909090909090908	3788.0	4778688.0	98.64184039085902	9.062200956937799	456.0	
2148.0	10.315217391304348	1304.0	1.141304347826087	-0.6086956521739131	2309.0	-122.0	0.1829085457271364	-0.2383808095952024	221.0	13769.53125	-0.3313343328335832	-159.0	32.89264090808574	33957.0	194.69512195121953	-6386.0	7127462.0	217512.87841796875	-1491.0	208.38414634146343	-6835.0	45.457317073170735	2642.0	3871.062271062271	1200.0	-2.8708133971291865	-1.339712918660287	3916.0	4778688.0	98.64184039085902	9.368421052631579	560.0	
2165.0	10.065217391304348	1327.0	0.9565217391304348	-0.5543478260869565	2304.0	-117.0	0.17541229385307347	-0.23238380809595202	209.0	13779.296875	-0.31334332833583206	-155.0	32.89264090808574	33957.0	197.8658536585366	-6490.0	7127782.0	217522.64404296875	-1686.0	201.58536585365854	-6612.0	51.40243902439025	2635.0	3860.805860805861	1180.0	-2.8229665071770333	-1.5789473684210527	3792.0	4778688.0	98.64184039085902	9.07177033492823	660.0	
2193.0	9.902173913043478	1342.0	0.6521739130434783	-0.6195652173913043	2310.0	-113.0	0.16941529235382308	-0.239880059970015	201.0	13789.0625	-0.30134932533733133	-160.0	32.89264090808574	33957.0	202.01219512195124	-6626.0	7128102.0	217532.40966796875	-1652.0	192.46951219512198	-6313.0	50.36585365853659	2636.0	3862.2710622710624	1228.0	-2.937799043062201	-1.8660287081339713	3672.0	4778688.0	98.64184039085902	8.78468899521531	780.0	
2231.0	10.054347826086957	1328.0	0.2391304347826087	-0.75	2322.0	-110.0	0.1649175412293853	-0.23088455772113942	181.0	13798.828125	-0.27136431784107945	-154.0	32.89264090808574	33957.0	205.27439024390245	-6733.0	7128422.0	217542.17529296875	-1417.0	182.16463414634148	-5975.0	43.201219512195124	2651.0	3884.2490842490843	1268.0	-3.0334928229665072	-2.277511961722488	3728.0	4778832.0	98.64037542940193	8.91866028708134	952.0	
2276.0	10.239130434782608	1311.0	-0.25	-0.4891304347826087	2298.0	-100.0	0.14992503748125938	-0.22488755622188905	169.0	13808.59375	-0.25337331334332835	-150.0	32.89264090808574	33957.0	207.68292682926833	-6812.0	7128742.0	217551.94091796875	-1100.0	176.4329268292683	-5787.0	33.53658536585366	2629.0	3852.0146520146523	1156.0	-2.7655502392344498	-2.8708133971291865	3832.0	4778832.0	98.64037542940193	9.167464114832535	1200.0	
2318.0	10.184782608695652	1316.0	-0.7065217391304348	-0.25	2276.0	-95.0	0.1424287856071964	-0.21889055472263869	153.0	13818.359375	-0.22938530734632684	-146.0	32.89264090808574	33957.0	211.43292682926833	-6935.0	7129062.0	217561.70654296875	-729.0	171.34146341463415	-5620.0	22.225609756097562	2633.0	3857.875457875458	1036.0	-2.478468899521531	-3.464114832535885	3812.0	4778832.0	98.64037542940193	9.119617224880383	1448.0	
2351.0	9.945652173913043	1338.0	-1.065217391304348	-0.2717391304347826	2278.0	-88.0	0.13193403298350825	-0.21139430284857572	139.0	13828.125	-0.2083958020989505	-141.0	32.89264090808574	33957.0	215.15243902439028	-7057.0	7129382.0	217571.47216796875	-456.0	166.7378048780488	-5469.0	13.902439024390246	2646.0	3876.923076923077	1072.0	-2.5645933014354068	-3.952153110047847	3672.0	4778832.0	98.64037542940193	8.78468899521531	1652.0	
2393.0	10.130434782608695	1321.0	-1.5217391304347825	-0.8804347826086957	2334.0	-82.0	0.12293853073463268	-0.2098950524737631	129.0	13837.890625	-0.1934032983508246	-140.0	32.89264090808574	33957.0	216.6158536585366	-7105.0	7129702.0	217581.23779296875	-316.0	159.32926829268294	-5226.0	9.634146341463415	2635.0	3860.805860805861	1364.0	-3.263157894736842	-4.373205741626794	3812.0	4778832.0	98.64037542940193	9.119617224880383	1828.0	
2419.0	10.92391304347826	1248.0	-1.8043478260869565	-1.5434782608695652	2395.0	-82.0	0.12293853073463268	-0.1889055472263868	121.0	13847.65625	-0.18140929535232383	-126.0	32.89264090808574	33957.0	215.91463414634148	-7082.0	7130022.0	217591.00341796875	-274.0	152.5609756097561	-5004.0	8.353658536585368	2639.0	3866.6666666666665	1676.0	-4.009569377990431	-4.832535885167464	4212.0	4778384.0	98.64493308969753	10.076555023923445	2020.0	
2468.0	11.945652173913043	1154.0	-2.3369565217391304	-1.934782608695652	2431.0	-73.0	0.10944527736131934	-0.18590704647676162	100.0	13857.421875	-0.14992503748125938	-124.0	32.89264090808574	33957.0	214.5426829268293	-7037.0	7130342.0	217600.76904296875	-422.0	149.359756097561	-4899.0	12.865853658536587	2642.0	3871.062271062271	1784.0	-4.267942583732057	-5.282296650717703	4636.0	4778384.0	98.64493308969753	11.09090909090909	2208.0	
2499.0	12.402173913043478	1112.0	-2.6739130434782608	-2.108695652173913	2447.0	-69.0	0.10344827586206896	-0.16941529235382308	87.0	13867.1875	-0.13043478260869565	-113.0	32.89264090808574	33957.0	216.89024390243904	-7114.0	7130662.0	217610.53466796875	-577.0	148.109756097561	-4858.0	17.59146341463415	2624.0	3844.6886446886447	1776.0	-4.248803827751196	-5.521531100478469	4764.0	4778384.0	98.64493308969753	11.39712918660287	2308.0	
2524.0	12.467391304347826	1106.0	-2.9456521739130435	-2.0	2437.0	-66.0	0.09895052473763118	-0.15742128935532235	79.0	13876.953125	-0.1184407796101949	-105.0	32.89264090808574	33957.0	218.81097560975613	-7177.0	7130982.0	217620.30029296875	-691.0	142.71341463414635	-4681.0	21.06707317073171	2641.0	3869.5970695970695	1924.0	-4.6028708133971294	-5.837320574162679	4860.0	4778384.0	98.64493308969753	11.626794258373206	2440.0	
2543.0	11.91304347826087	1157.0	-3.152173913043478	-1.0326086956521738	2348.0	-53.0	0.07946026986506746	-0.1424287856071964	68.0	13886.71875	-0.10194902548725637	-95.0	32.89264090808574	33957.0	218.2926829268293	-7160.0	7131302.0	217630.06591796875	-612.0	136.3719512195122	-4473.0	18.658536585365855	2633.0	3857.875457875458	1528.0	-3.6555023923444976	-6.124401913875598	4692.0	4778384.0	98.64493308969753	11.224880382775119	2560.0	
2562.0	11.054347826086957	1236.0	-3.358695652173913	-0.42391304347826086	2292.0	-49.0	0.07346326836581708	-0.12293853073463268	57.0	13896.484375	-0.08545727136431784	-82.0	32.89264090808574	33957.0	218.50609756097563	-7167.0	7131622.0	217639.83154296875	-567.0	126.09756097560977	-4136.0	17.28658536585366	2640.0	3868.131868131868	1212.0	-2.8995215311004783	-6.363636363636363	4308.0	4778624.0	98.64249148507737	10.30622009569378	2660.0	
2590.0	10.347826086956522	1301.0	-3.6630434782608696	-0.010869565217391304	2254.0	-41.0	0.06146926536731634	-0.1169415292353823	40.0	13906.25	-0.05997001499250375	-78.0	32.89264090808574	33957.0	220.12195121951223	-7220.0	7131942.0	217649.59716796875	-520.0	113.75000000000001	-3731.0	15.853658536585368	2619.0	3837.3626373626375	1004.0	-2.401913875598086	-6.669856459330143	3924.0	4778624.0	98.64249148507737	9.38755980861244	2788.0	
2615.0	10.021739130434783	1331.0	-3.934782608695652	0.2608695652173913	2229.0	-37.0	0.05547226386806597	-0.10044977511244378	38.0	13916.015625	-0.05697151424287856	-67.0	32.89264090808574	33957.0	218.26219512195124	-7159.0	7132262.0	217659.36279296875	-443.0	106.5548780487805	-3495.0	13.506097560975611	2630.0	3853.479853479854	860.0	-2.0574162679425836	-7.0143540669856455	3764.0	4778624.0	98.64249148507737	9.004784688995215	2932.0	
2641.0	10.01086956521739	1332.0	-4.217391304347826	0.33695652173913043	2222.0	-32.0	0.047976011994003	-0.08545727136431784	26.0	13925.78125	-0.038980509745127435	-57.0	32.89264090808574	33957.0	214.66463414634148	-7041.0	7132582.0	217669.12841796875	-190.0	105.48780487804879	-3460.0	5.7926829268292686	2641.0	3869.5970695970695	800.0	-1.9138755980861244	-7.349282296650717	3744.0	4778624.0	98.64249148507737	8.956937799043061	3072.0	
2629.0	9.793478260869565	1352.0	-4.08695652173913	0.21739130434782608	2233.0	-29.0	0.043478260869565216	-0.07646176911544228	16.0	13935.546875	-0.0239880059970015	-51.0	32.89264090808574	33957.0	212.19512195121953	-6960.0	7132902.0	217678.89404296875	-108.0	107.10365853658537	-3513.0	3.2926829268292686	2648.0	3879.8534798534797	808.0	-1.9330143540669855	-7.311004784688995	3636.0	4778624.0	98.64249148507737	8.698564593301436	3056.0	
2633.0	9.402173913043478	1388.0	-4.130434782608695	0.34782608695652173	2221.0	-22.0	0.03298350824587706	-0.05247376311844078	9.0	13945.3125	-0.013493253373313342	-35.0	32.90755433384911	33960.0	210.45731707317074	-6903.0	7133222.0	217688.65966796875	-214.0	97.89634146341464	-3211.0	6.52439024390244	2630.0	3853.479853479854	820.0	-1.9617224880382775	-7.177033492822966	3476.0	4778624.0	98.64501595774934	8.31578947368421	3000.0	
2658.0	9.380434782608695	1390.0	-4.4021739130434785	0.3695652173913043	2219.0	-10.0	0.014992503748125937	-0.05247376311844078	6.0	13955.078125	-0.008995502248875561	-35.0	32.90755433384911	33960.0	215.09146341463418	-7055.0	7133542.0	217698.42529296875	-158.0	76.34146341463415	-2504.0	4.817073170731708	2645.0	3875.4578754578756	828.0	-1.9808612440191387	-7.588516746411483	3404.0	4778624.0	98.64501595774934	8.14354066985646	3172.0	
2704.0	9.358695652173912	1392.0	-4.9021739130434785	0.11956521739130435	2242.0	-19.0	0.02848575712143928	-0.0239880059970015	-4.0	13964.84375	0.005997001499250375	-16.0	32.90755433384911	33960.0	223.99390243902442	-7347.0	7133862.0	217708.19091796875	-144.0	63.90243902439025	-2096.0	4.390243902439025	2631.0	3854.945054945055	912.0	-2.1818181818181817	-8.019138755980862	3384.0	4778624.0	98.64501595774934	8.095693779904305	3352.0	
2746.0	9.206521739130434	1406.0	-5.358695652173913	0.07608695652173914	2246.0	-9.0	0.013493253373313342	-0.008995502248875561	-11.0	13974.609375	0.01649175412293853	-6.0	32.90755433384911	33960.0	228.65853658536588	-7500.0	7134182.0	217717.95654296875	-244.0	57.59146341463415	-1889.0	7.439024390243903	2629.0	3852.0146520146523	904.0	-2.1626794258373203	-8.698564593301436	3344.0	4778624.0	98.64501595774934	8.0	3636.0	
2793.0	9.0	1425.0	-5.869565217391304	0.14130434782608695	2240.0	-5.0	0.0074962518740629685	0.019490254872563718	-18.0	13984.375	0.026986506746626684	13.0	32.90755433384911	33960.0	234.05487804878052	-7677.0	7134502.0	217727.72216796875	-399.0	52.53048780487806	-1723.0	12.164634146341465	2645.0	3875.4578754578756	912.0	-2.1818181818181817	-9.4066985645933	3252.0	4778624.0	98.64501595774934	7.779904306220096	3932.0	
2856.0	8.815217391304348	1442.0	-6.554347826086956	0.05434782608695652	2248.0	-6.0	0.008995502248875561	0.035982008995502246	-26.0	13994.140625	0.038980509745127435	24.0	32.90755433384911	33960.0	235.91463414634148	-7738.0	7134822.0	217737.48779296875	-454.0	51.12804878048781	-1677.0	13.841463414634148	2636.0	3862.2710622710624	912.0	-2.1818181818181817	-10.047846889952153	3160.0	4777488.0	98.65657318520192	7.559808612440191	4200.0	
2911.0	8.641304347826086	1458.0	-7.1521739130434785	-0.11956521739130435	2264.0	2.0	-0.0029985007496251873	0.050974512743628186	-29.0	14003.90625	0.043478260869565216	34.0	32.90755433384911	33960.0	237.80487804878052	-7800.0	7135142.0	217747.25341796875	-447.0	54.29878048780488	-1781.0	13.628048780487806	2644.0	3873.992673992674	988.0	-2.3636363636363638	-10.985645933014354	3076.0	4777488.0	98.65657318520192	7.358851674641148	4592.0	
2977.0	8.75	1448.0	-7.869565217391304	-0.31521739130434784	2282.0	3.0	-0.004497751124437781	0.07796101949025487	-29.0	14013.671875	0.043478260869565216	52.0	32.90755433384911	33960.0	240.5487804878049	-7890.0	7135462.0	217757.01904296875	-540.0	60.97560975609757	-2000.0	16.463414634146343	2646.0	3876.923076923077	1064.0	-2.5454545454545454	-11.665071770334928	3100.0	4777488.0	98.65657318520192	7.4162679425837315	4876.0	
3029.0	8.76086956521739	1447.0	-8.434782608695652	-0.5434782608695652	2303.0	4.0	-0.005997001499250375	0.09295352323838081	-44.0	14023.4375	0.06596701649175413	62.0	32.90755433384911	33960.0	238.62804878048783	-7827.0	7135782.0	217766.78466796875	-715.0	72.77439024390245	-2387.0	21.79878048780488	2629.0	3852.0146520146523	1092.0	-2.61244019138756	-12.066985645933014	3120.0	4777488.0	98.65657318520192	7.464114832535885	5044.0	
3084.0	9.25	1402.0	-9.032608695652174	-0.40217391304347827	2290.0	14.0	-0.020989505247376312	0.1184407796101949	-48.0	14033.203125	0.07196401799100449	79.0	32.90755433384911	33960.0	242.53048780487808	-7955.0	7136102.0	217776.55029296875	-1036.0	77.46951219512196	-2541.0	31.58536585365854	2637.0	3863.736263736264	1124.0	-2.688995215311005	-12.717703349282296	3284.0	4777488.0	98.65657318520192	7.85645933014354	5316.0	
3079.0	9.706521739130434	1360.0	-8.978260869565217	-0.25	2276.0	19.0	-0.02848575712143928	0.13343328335832083	-48.0	14042.96875	0.07196401799100449	89.0	32.90755433384911	33960.0	250.88414634146343	-8229.0	7136422.0	217786.31591796875	-1309.0	76.95121951219512	-2524.0	39.90853658536586	2638.0	3865.2014652014655	1088.0	-2.602870813397129	-12.880382775119617	3496.0	4777552.0	98.65592207257242	8.363636363636363	5384.0	
3063.0	10.043478260869565	1329.0	-8.804347826086957	0.03260869565217391	2250.0	25.0	-0.037481259370314844	0.15292353823088456	-50.0	14052.734375	0.07496251874062969	102.0	32.90755433384911	33960.0	257.2256097560976	-8437.0	7136742.0	217796.08154296875	-1826.0	70.57926829268294	-2315.0	55.67073170731708	2637.0	3863.736263736264	1000.0	-2.3923444976076556	-12.717703349282296	3696.0	4777552.0	98.65592207257242	8.842105263157894	5316.0	
3022.0	10.25	1310.0	-8.358695652173912	0.31521739130434784	2224.0	31.0	-0.046476761619190406	0.17391304347826086	-48.0	14062.5	0.07196401799100449	116.0	32.90755433384911	33960.0	256.1585365853659	-8402.0	7137062.0	217805.84716796875	-2508.0	66.4939024390244	-2181.0	76.46341463414635	2628.0	3850.5494505494507	848.0	-2.028708133971292	-12.277511961722487	3840.0	4777552.0	98.65592207257242	9.186602870813397	5132.0	
2960.0	10.228260869565217	1312.0	-7.684782608695652	0.6739130434782609	2191.0	32.0	-0.047976011994003	0.2128935532233883	-52.0	14072.265625	0.07796101949025487	142.0	32.90755433384911	33960.0	250.70121951219514	-8223.0	7137382.0	217815.61279296875	-3269.0	58.20121951219513	-1909.0	99.66463414634147	2629.0	3852.0146520146523	684.0	-1.6363636363636362	-11.502392344497608	3876.0	4777552.0	98.65592207257242	9.272727272727272	4808.0	
2915.0	9.902173913043478	1342.0	-7.195652173913043	0.8913043478260869	2171.0	37.0	-0.05547226386806597	0.2383808095952024	-50.0	14082.03125	0.07496251874062969	159.0	32.90755433384911	33960.0	246.58536585365857	-8088.0	7137702.0	217825.37841796875	-3794.0	46.4329268292683	-1523.0	115.67073170731709	2643.0	3872.5274725274726	600.0	-1.4354066985645932	-10.832535885167463	3728.0	4777552.0	98.65592207257242	8.91866028708134	4528.0	
2901.0	9.130434782608695	1413.0	-7.043478260869565	1.076086956521739	2154.0	38.0	-0.05697151424287856	0.24737631184407796	-56.0	14091.796875	0.08395802098950525	165.0	32.90755433384911	33960.0	238.01829268292684	-7807.0	7138022.0	217835.14404296875	-4163.0	37.6829268292683	-1236.0	126.92073170731709	2642.0	3871.062271062271	496.0	-1.186602870813397	-10.593301435406698	3368.0	4777776.0	98.65364317951982	8.057416267942584	4428.0	
2893.0	8.0	1517.0	-6.956521739130435	1.065217391304348	2155.0	44.0	-0.06596701649175413	0.280359820089955	-56.0	14101.5625	0.08395802098950525	187.0	32.90755433384911	33960.0	224.75609756097563	-7372.0	7138342.0	217844.90966796875	-4543.0	30.182926829268297	-990.0	138.50609756097563	2636.0	3862.2710622710624	488.0	-1.1674641148325358	-10.440191387559809	2884.0	4777776.0	98.65364317951982	6.899521531100478	4364.0	
2894.0	7.032608695652174	1606.0	-6.967391304347826	1.3043478260869565	2133.0	40.0	-0.05997001499250375	0.3043478260869565	-53.0	14111.328125	0.07946026986506746	203.0	32.90755433384911	33960.0	205.3658536585366	-6736.0	7138662.0	217854.67529296875	-4661.0	24.02439024390244	-788.0	142.10365853658539	2644.0	3873.992673992674	384.0	-0.9186602870813396	-10.392344497607654	2400.0	4777776.0	98.65364317951982	5.741626794258373	4344.0	
2879.0	6.0978260869565215	1692.0	-6.804347826086956	1.4782608695652173	2117.0	41.0	-0.06146926536731634	0.3118440779610195	-53.0	14121.09375	0.07946026986506746	208.0	32.90755433384911	33960.0	180.88414634146343	-5933.0	7138982.0	217864.44091796875	-4642.0	13.445121951219514	-441.0	141.52439024390245	2627.0	3849.084249084249	284.0	-0.6794258373205742	-10.200956937799043	2024.0	4777776.0	98.65364317951982	4.842105263157895	4264.0	
2844.0	5.380434782608695	1758.0	-6.423913043478261	1.5869565217391304	2107.0	48.0	-0.07196401799100449	0.34332833583208394	-50.0	14130.859375	0.07496251874062969	229.0	32.90755433384911	33960.0	150.94512195121953	-4951.0	7139302.0	217874.20654296875	-4282.0	5.213414634146342	-171.0	130.5487804878049	2638.0	3865.2014652014655	192.0	-0.4593301435406698	-9.85645933014354	1712.0	4777776.0	98.65364317951982	4.095693779904306	4120.0	
2812.0	4.826086956521739	1809.0	-6.076086956521739	2.1630434782608696	2054.0	37.0	-0.05547226386806597	0.3448275862068965	-49.0	14140.625	0.07346326836581708	230.0	32.90755433384911	33960.0	125.48780487804879	-4116.0	7139622.0	217883.97216796875	-3682.0	-6.920731707317074	227.0	112.25609756097562	2644.0	3873.992673992674	-4.0	0.009569377990430622	-9.55023923444976	1476.0	4777936.0	98.65201539986384	3.5311004784688995	3992.0	
2842.0	4.576086956521739	1832.0	-6.4021739130434785	2.25	2046.0	37.0	-0.05547226386806597	0.35982008995502246	-46.0	14150.390625	0.06896551724137931	240.0	32.90755433384911	33960.0	101.12804878048782	-3317.0	7139942.0	217893.73779296875	-2815.0	-23.53658536585366	772.0	85.82317073170732	2635.0	3860.805860805861	-72.0	0.17224880382775118	-9.741626794258373	1348.0	4777936.0	98.65201539986384	3.2248803827751193	4072.0	
2850.0	4.33695652173913	1854.0	-6.489130434782608	2.2065217391304346	2050.0	39.0	-0.05847076461769115	0.36881559220389803	-48.0	14160.15625	0.07196401799100449	246.0	32.90755433384911	33960.0	71.85975609756098	-2357.0	7140262.0	217903.50341796875	-1801.0	-31.250000000000004	1025.0	54.90853658536586	2643.0	3872.5274725274726	-52.0	0.12440191387559808	-10.066985645933014	1248.0	4777936.0	98.65201539986384	2.985645933014354	4208.0	
2885.0	4.304347826086956	1857.0	-6.869565217391304	2.010869565217391	2068.0	38.0	-0.05697151424287856	0.37181409295352325	-46.0	14169.921875	0.06896551724137931	248.0	32.90755433384911	33960.0	47.01219512195122	-1542.0	7140582.0	217913.26904296875	-918.0	-36.28048780487805	1190.0	27.987804878048784	2627.0	3849.084249084249	8.0	-0.019138755980861243	-10.153110047846889	1228.0	4777936.0	98.65201539986384	2.937799043062201	4244.0	
2917.0	4.521739130434782	1837.0	-7.217391304347826	1.8804347826086956	2080.0	35.0	-0.05247376311844078	0.3823088455772114	-46.0	14179.6875	0.06896551724137931	255.0	32.90755433384911	33960.0	26.79878048780488	-879.0	7140902.0	217923.03466796875	141.0	-37.53048780487805	1231.0	-4.298780487804878	2628.0	3850.5494505494507	92.0	-0.2200956937799043	-10.564593301435407	1300.0	4777936.0	98.65201539986384	3.110047846889952	4416.0	
2965.0	4.9021739130434785	1802.0	-7.739130434782608	1.9891304347826086	2070.0	32.0	-0.047976011994003	0.37631184407796103	-49.0	14189.453125	0.07346326836581708	251.0	32.90755433384911	33960.0	9.664634146341465	-317.0	7141222.0	217932.80029296875	1151.0	-38.68902439024391	1269.0	-35.09146341463415	2642.0	3871.062271062271	64.0	-0.15311004784688995	-11.07177033492823	1412.0	4777936.0	98.65201539986384	3.3779904306220097	4628.0	
2983.0	5.326086956521739	1763.0	-7.934782608695652	1.7934782608695652	2088.0	27.0	-0.04047976011994003	0.3793103448275862	-46.0	14199.21875	0.06896551724137931	253.0	32.90755433384911	33960.0	-2.5609756097560976	84.0	7141542.0	217942.56591796875	1959.0	-38.59756097560976	1266.0	-59.72560975609757	2634.0	3859.3406593406594	100.0	-0.23923444976076555	-11.483253588516746	1604.0	4777936.0	98.65201539986384	3.8373205741626792	4800.0	
2984.0	5.815217391304348	1718.0	-7.945652173913043	1.641304347826087	2102.0	26.0	-0.038980509745127435	0.3868065967016492	-42.0	14208.984375	0.06296851574212893	258.0	32.90755433384911	33960.0	-10.945121951219512	359.0	7141862.0	217952.33154296875	2467.0	-33.963414634146346	1114.0	-75.21341463414635	2639.0	3866.6666666666665	176.0	-0.42105263157894735	-11.569377990430622	1832.0	4777936.0	98.65201539986384	4.382775119617225	4836.0	
2945.0	6.206521739130435	1682.0	-7.521739130434782	1.4891304347826086	2116.0	25.0	-0.037481259370314844	0.3733133433283358	-48.0	14218.75	0.07196401799100449	249.0	32.90755433384911	33960.0	-17.621951219512198	578.0	7142182.0	217962.09716796875	2798.0	-28.201219512195124	925.0	-85.3048780487805	2638.0	3865.2014652014655	272.0	-0.6507177033492823	-11.349282296650717	2032.0	4777936.0	98.65201539986384	4.861244019138756	4744.0	
2951.0	6.543478260869565	1651.0	-7.58695652173913	1.5	2115.0	26.0	-0.038980509745127435	0.37631184407796103	-54.0	14228.515625	0.08095952023988005	251.0	32.90755433384911	33960.0	-22.743902439024392	746.0	7142502.0	217971.86279296875	2948.0	-21.920731707317074	719.0	-89.87804878048782	2651.0	3884.2490842490843	260.0	-0.6220095693779905	-11.186602870813397	2152.0	4777936.0	98.65201539986384	5.148325358851674	4676.0	
2944.0	6.793478260869565	1628.0	-7.510869565217391	1.5217391304347825	2113.0	32.0	-0.047976011994003	0.3733133433283358	-47.0	14238.28125	0.0704647676161919	249.0	32.90755433384911	33960.0	-26.3109756097561	863.0	7142822.0	217981.62841796875	2976.0	-17.5	574.0	-90.73170731707317	2650.0	3882.7838827838827	236.0	-0.5645933014354066	-11.004784688995215	2232.0	4778016.0	98.65120151037829	5.339712918660287	4600.0	
2918.0	6.923913043478261	1616.0	-7.228260869565217	1.6304347826086956	2103.0	32.0	-0.047976011994003	0.3733133433283358	-47.0	14248.046875	0.0704647676161919	249.0	32.90755433384911	33960.0	-30.51829268292683	1001.0	7143142.0	217991.39404296875	2929.0	-12.987804878048781	426.0	-89.29878048780489	2645.0	3875.4578754578756	188.0	-0.4497607655502392	-10.727272727272727	2304.0	4778016.0	98.65120151037829	5.511961722488038	4484.0	
2897.0	7.021739130434782	1607.0	-7.0	1.7826086956521738	2089.0	33.0	-0.04947526236881559	0.36281859070464767	-47.0	14257.8125	0.0704647676161919	242.0	32.90755433384911	33960.0	-33.53658536585366	1100.0	7143462.0	218001.15966796875	2769.0	-9.542682926829269	313.0	-84.42073170731707	2636.0	3862.2710622710624	96.0	-0.2296650717703349	-10.363636363636363	2376.0	4778016.0	98.65120151037829	5.684210526315789	4332.0	
2860.0	7.195652173913043	1591.0	-6.5978260869565215	1.9565217391304348	2073.0	33.0	-0.04947526236881559	0.36281859070464767	-47.0	14267.578125	0.0704647676161919	242.0	32.90755433384911	33960.0	-35.36585365853659	1160.0	7143782.0	218010.92529296875	2622.0	-7.25609756097561	238.0	-79.93902439024392	2654.0	3888.644688644689	72.0	-0.17224880382775118	-10.0	2444.0	4778016.0	98.65120151037829	5.84688995215311	4180.0	
2845.0	7.163043478260869	1594.0	-6.434782608695652	2.0217391304347827	2067.0	35.0	-0.05247376311844078	0.36431784107946025	-50.0	14277.34375	0.07496251874062969	243.0	32.90755433384911	33960.0	-36.85975609756098	1209.0	7144102.0	218020.69091796875	2472.0	-6.00609756097561	197.0	-75.3658536585366	2628.0	3850.5494505494507	0.0	0.0	-9.703349282296651	2428.0	4778016.0	98.65120151037829	5.8086124401913874	4056.0	
2815.0	7.032608695652174	1606.0	-6.108695652173913	2.0543478260869565	2064.0	20.0	-0.029985007496251874	0.35982008995502246	-49.0	14287.109375	0.07346326836581708	240.0	32.90755433384911	33960.0	-38.8719512195122	1275.0	7144422.0	218030.45654296875	2321.0	-5.548780487804879	182.0	-70.76219512195122	2634.0	3859.3406593406594	0.0	0.0	-9.39712918660287	2380.0	4778080.0	98.65055039895427	5.69377990430622	3928.0	
2785.0	6.858695652173913	1622.0	-5.782608695652174	2.25	2046.0	30.0	-0.04497751124437781	0.3493253373313343	-48.0	14296.875	0.07196401799100449	233.0	32.90755433384911	33960.0	-42.957317073170735	1409.0	7144742.0	218040.22216796875	2209.0	-5.152439024390245	169.0	-67.34756097560977	2637.0	3863.736263736264	-84.0	0.20095693779904306	-9.205741626794259	2344.0	4778080.0	98.65055039895427	5.607655502392344	3848.0	
2793.0	6.913043478260869	1617.0	-5.869565217391304	2.2717391304347827	2044.0	29.0	-0.043478260869565216	0.34782608695652173	-46.0	14306.640625	0.06896551724137931	232.0	32.90755433384911	33960.0	-47.01219512195122	1542.0	7145062.0	218049.98779296875	2164.0	-7.195121951219513	236.0	-65.97560975609757	2650.0	3882.7838827838827	-112.0	0.2679425837320574	-9.110047846889952	2332.0	4778080.0	98.65055039895427	5.578947368421052	3808.0	
2774.0	6.9021739130434785	1618.0	-5.663043478260869	2.380434782608696	2034.0	27.0	-0.04047976011994003	0.33433283358320837	-55.0	14316.40625	0.08245877061469264	223.0	32.90755433384911	33960.0	-51.21951219512196	1680.0	7145382.0	218059.75341796875	2087.0	-9.237804878048781	303.0	-63.62804878048781	2645.0	3875.4578754578756	-132.0	0.3157894736842105	-9.081339712918659	2336.0	4778080.0	98.65055039895427	5.588516746411483	3796.0	
2794.0	7.054347826086956	1604.0	-5.880434782608695	2.5	2023.0	37.0	-0.05547226386806597	0.33883058470764615	-54.0	14326.171875	0.08095952023988005	226.0	32.90755433384911	33960.0	-55.85365853658537	1832.0	7145702.0	218069.51904296875	1957.0	-12.134146341463415	398.0	-59.66463414634147	2648.0	3879.8534798534797	-168.0	0.4019138755980861	-9.138755980861244	2372.0	4778080.0	98.65055039895427	5.6746411483253585	3820.0	
2805.0	7.108695652173913	1599.0	-6.0	2.358695652173913	2036.0	31.0	-0.046476761619190406	0.33433283358320837	-52.0	14335.9375	0.07796101949025487	223.0	32.90755433384911	33960.0	-60.57926829268293	1987.0	7146022.0	218079.28466796875	1830.0	-13.719512195121952	450.0	-55.79268292682927	2633.0	3857.875457875458	-144.0	0.34449760765550236	-9.272727272727272	2420.0	4778272.0	98.64859706555883	5.789473684210526	3876.0	
2833.0	7.239130434782608	1587.0	-6.304347826086956	2.358695652173913	2036.0	29.0	-0.043478260869565216	0.3193403298350824	-55.0	14345.703125	0.08245877061469264	213.0	32.90755433384911	33960.0	-66.3719512195122	2177.0	7146342.0	218089.05029296875	1692.0	-13.384146341463415	439.0	-51.585365853658544	2643.0	3872.5274725274726	-120.0	0.28708133971291866	-9.521531100478468	2468.0	4778272.0	98.64859706555883	5.904306220095694	3980.0	
2836.0	7.282608695652174	1583.0	-6.33695652173913	2.3369565217391304	2038.0	30.0	-0.04497751124437781	0.32233883058470764	-57.0	14355.46875	0.08545727136431784	215.0	32.90755433384911	33960.0	-72.5	2378.0	7146662.0	218098.81591796875	1633.0	-13.841463414634148	454.0	-49.78658536585366	2636.0	3862.2710622710624	-124.0	0.2966507177033493	-9.68421052631579	2516.0	4778272.0	98.64859706555883	6.019138755980861	4048.0	
2847.0	7.195652173913043	1591.0	-6.456521739130435	2.293478260869565	2042.0	27.0	-0.04047976011994003	0.32083958020989506	-58.0	14365.234375	0.08695652173913043	214.0	32.90755433384911	33960.0	-78.59756097560977	2578.0	7146982.0	218108.58154296875	1681.0	-13.719512195121952	450.0	-51.25000000000001	2645.0	3875.4578754578756	-76.0	0.18181818181818182	-9.818181818181818	2480.0	4778272.0	98.64859706555883	5.9330143540669855	4104.0	
2832.0	7.021739130434782	1607.0	-6.293478260869565	2.293478260869565	2042.0	23.0	-0.034482758620689655	0.3103448275862069	-54.0	14375.0	0.08095952023988005	207.0	32.90755433384911	33960.0	-84.29878048780489	2765.0	7147302.0	218118.34716796875	1678.0	-14.02439024390244	460.0	-51.15853658536586	2639.0	3866.6666666666665	-76.0	0.18181818181818182	-9.885167464114833	2420.0	4778272.0	98.64859706555883	5.789473684210526	4132.0	
2855.0	6.956521739130435	1613.0	-6.543478260869565	2.260869565217391	2045.0	31.0	-0.046476761619190406	0.3043478260869565	-54.0	14384.765625	0.08095952023988005	203.0	32.90755433384911	33960.0	-91.06707317073172	2987.0	7147622.0	218128.11279296875	1713.0	-14.02439024390244	460.0	-52.22560975609757	2648.0	3879.8534798534797	-76.0	0.18181818181818182	-9.942583732057416	2368.0	4778240.0	98.64892262103342	5.665071770334928	4156.0	
2862.0	6.923913043478261	1616.0	-6.619565217391304	2.260869565217391	2045.0	30.0	-0.04497751124437781	0.29385307346326833	-58.0	14394.53125	0.08695652173913043	196.0	32.90755433384911	33960.0	-97.98780487804879	3214.0	7147942.0	218137.87841796875	1854.0	-14.29878048780488	469.0	-56.524390243902445	2639.0	3866.6666666666665	-76.0	0.18181818181818182	-10.038277511961722	2336.0	4778240.0	98.64892262103342	5.588516746411483	4196.0	
2871.0	6.9021739130434785	1618.0	-6.717391304347826	2.1956521739130435	2051.0	22.0	-0.03298350824587706	0.2848575712143928	-58.0	14404.296875	0.08695652173913043	190.0	32.90755433384911	33960.0	-104.66463414634147	3433.0	7148262.0	218147.64404296875	2068.0	-14.969512195121952	491.0	-63.04878048780488	2646.0	3876.923076923077	-28.0	0.06698564593301436	-10.114832535885167	2332.0	4778240.0	98.64892262103342	5.578947368421052	4228.0	
2885.0	6.8478260869565215	1623.0	-6.869565217391304	1.9456521739130435	2074.0	28.0	-0.041979010494752625	0.26836581709145424	-58.0	14414.0625	0.08695652173913043	179.0	32.90755433384911	33960.0	-111.37195121951221	3653.0	7148582.0	218157.40966796875	2286.0	-14.664634146341465	481.0	-69.69512195121952	2633.0	3857.875457875458	36.0	-0.08612440191387559	-10.239234449760765	2312.0	4778240.0	98.64892262103342	5.5311004784688995	4280.0	
2902.0	6.989130434782608	1610.0	-7.054347826086956	1.8478260869565217	2083.0	20.0	-0.029985007496251874	0.2653673163418291	-59.0	14423.828125	0.08845577211394302	177.0	32.90755433384911	33960.0	-118.78048780487806	3896.0	7148902.0	218167.17529296875	2538.0	-13.567073170731708	445.0	-77.37804878048782	2652.0	3885.714285714286	84.0	-0.20095693779904306	-10.354066985645932	2344.0	4778240.0	98.64892262103342	5.607655502392344	4328.0	
2893.0	7.0978260869565215	1600.0	-6.956521739130435	1.684782608695652	2098.0	21.0	-0.031484257871064465	0.24737631184407796	-52.0	14433.59375	0.07796101949025487	165.0	32.90755433384911	33960.0	-125.57926829268294	4119.0	7149222.0	218176.94091796875	2677.0	-12.80487804878049	420.0	-81.6158536585366	2647.0	3878.388278388278	192.0	-0.4593301435406698	-10.4688995215311	2424.0	4778160.0	98.64973650987969	5.7990430622009566	4376.0	
2907.0	7.423913043478261	1570.0	-7.108695652173913	1.391304347826087	2125.0	24.0	-0.035982008995502246	0.24437781109445278	-48.0	14443.359375	0.07196401799100449	163.0	32.90755433384911	33960.0	-134.08536585365854	4398.0	7149542.0	218186.70654296875	2729.0	-10.060975609756099	330.0	-83.20121951219512	2639.0	3866.6666666666665	276.0	-0.6602870813397129	-10.631578947368421	2592.0	4778160.0	98.64973650987969	6.200956937799043	4444.0	
2911.0	7.782608695652174	1537.0	-7.1521739130434785	1.3478260869565217	2129.0	20.0	-0.029985007496251874	0.23238380809595202	-55.0	14453.125	0.08245877061469264	155.0	32.90755433384911	33960.0	-143.68902439024393	4713.0	7149862.0	218196.47216796875	2806.0	-6.463414634146342	212.0	-85.54878048780489	2636.0	3862.2710622710624	336.0	-0.8038277511961722	-10.861244019138756	2792.0	4778160.0	98.64973650987969	6.679425837320574	4540.0	
2946.0	8.17391304347826	1501.0	-7.532608695652174	1.076086956521739	2154.0	20.0	-0.029985007496251874	0.21139430284857572	-55.0	14462.890625	0.08245877061469264	141.0	32.90755433384911	33960.0	-152.89634146341464	5015.0	7150182.0	218206.23779296875	2890.0	-4.451219512195123	146.0	-88.10975609756099	2630.0	3853.479853479854	460.0	-1.1004784688995215	-11.07177033492823	2940.0	4778160.0	98.64973650987969	7.033492822966507	4628.0	
2947.0	8.282608695652174	1491.0	-7.543478260869565	0.9021739130434783	2170.0	27.0	-0.04047976011994003	0.19490254872563717	-52.0	14472.65625	0.07796101949025487	130.0	32.90755433384911	33960.0	-163.84146341463415	5374.0	7150502.0	218216.00341796875	2948.0	-1.4634146341463417	48.0	-89.87804878048782	2642.0	3871.062271062271	512.0	-1.2248803827751196	-11.23444976076555	2984.0	4778160.0	98.64973650987969	7.1387559808612435	4696.0	
2971.0	8.23913043478261	1495.0	-7.804347826086956	0.8260869565217391	2177.0	16.0	-0.0239880059970015	0.18590704647676162	-52.0	14482.421875	0.07796101949025487	124.0	32.90755433384911	33960.0	-178.44512195121953	5853.0	7150822.0	218225.76904296875	2920.0	0.030487804878048783	-1.0	-89.02439024390245	2652.0	3885.714285714286	580.0	-1.38755980861244	-11.435406698564593	2972.0	4778160.0	98.64973650987969	7.110047846889952	4780.0	
2973.0	8.119565217391305	1506.0	-7.826086956521739	0.6630434782608695	2192.0	13.0	-0.019490254872563718	0.16941529235382308	-53.0	14492.1875	0.07946026986506746	113.0	32.90755433384911	33960.0	-194.26829268292684	6372.0	7151142.0	218235.53466796875	2905.0	-0.853658536585366	28.0	-88.56707317073172	2645.0	3875.4578754578756	644.0	-1.5406698564593302	-11.483253588516746	2916.0	4778160.0	98.64973650987969	6.976076555023923	4800.0	
2961.0	8.184782608695652	1500.0	-7.695652173913043	0.4782608695652174	2209.0	11.0	-0.01649175412293853	0.15292353823088456	-46.0	14501.953125	0.06896551724137931	102.0	32.90755433384911	33960.0	-210.85365853658539	6916.0	7151462.0	218245.30029296875	2953.0	-6.585365853658537	216.0	-90.03048780487806	2636.0	3862.2710622710624	680.0	-1.6267942583732056	-11.4066985645933	2936.0	4778160.0	98.64973650987969	7.023923444976076	4768.0	
2963.0	8.75	1448.0	-7.717391304347826	0.2391304347826087	2231.0	17.0	-0.025487256371814093	0.136431784107946	-50.0	14511.71875	0.07496251874062969	91.0	32.90755433384911	33960.0	-227.83536585365854	7473.0	7151782.0	218255.06591796875	3071.0	-10.975609756097562	360.0	-93.62804878048782	2626.0	3847.6190476190477	812.0	-1.9425837320574162	-11.4066985645933	3156.0	4778160.0	98.64973650987969	7.55023923444976	4768.0	
2976.0	9.641304347826086	1366.0	-7.858695652173913	-0.05434782608695652	2258.0	10.0	-0.014992503748125937	0.11244377811094453	-46.0	14521.484375	0.06896551724137931	75.0	32.90755433384911	33960.0	-241.6158536585366	7925.0	7152102.0	218264.83154296875	3152.0	-17.80487804878049	584.0	-96.09756097560977	2640.0	3868.131868131868	964.0	-2.3062200956937797	-11.483253588516746	3544.0	4778160.0	98.64973650987969	8.47846889952153	4800.0	
2965.0	10.478260869565217	1289.0	-7.739130434782608	-0.2717391304347826	2278.0	8.0	-0.01199400299850075	0.09745127436281859	-37.0	14531.25	0.05547226386806597	65.0	32.90755433384911	33960.0	-249.32926829268294	8178.0	7152422.0	218274.59716796875	3207.0	-25.823170731707318	847.0	-97.77439024390245	2640.0	3868.131868131868	1076.0	-2.574162679425837	-11.70334928229665	3940.0	4778320.0	98.64810873241544	9.425837320574162	4892.0	
2996.0	11.01086956521739	1240.0	-8.076086956521738	-0.6304347826086957	2311.0	0.0	0.0	0.06746626686656672	-29.0	14541.015625	0.043478260869565216	45.0	32.90755433384911	33960.0	-252.62195121951223	8286.0	7152742.0	218284.36279296875	3076.0	-37.07317073170732	1216.0	-93.78048780487806	2627.0	3849.084249084249	1228.0	-2.937799043062201	-11.827751196172247	4188.0	4778320.0	98.64810873241544	10.01913875598086	4944.0	
3006.0	11.33695652173913	1210.0	-8.184782608695652	-1.0434782608695652	2349.0	-2.0	0.0029985007496251873	0.05247376311844078	-30.0	14550.78125	0.04497751124437781	35.0	32.90755433384911	33960.0	-256.9207317073171	8427.0	7153062.0	218294.12841796875	2755.0	-47.713414634146346	1565.0	-83.9939024390244	2642.0	3871.062271062271	1460.0	-3.492822966507177	-12.0	4328.0	4778320.0	98.64810873241544	10.354066985645932	5016.0	
3019.0	11.576086956521738	1188.0	-8.326086956521738	-1.2173913043478262	2365.0	-6.0	0.008995502248875561	0.026986506746626684	-24.0	14560.546875	0.035982008995502246	18.0	32.90755433384911	33960.0	-265.3658536585366	8704.0	7153382.0	218303.89404296875	2380.0	-59.72560975609757	1959.0	-72.5609756097561	2652.0	3885.714285714286	1580.0	-3.7799043062200957	-12.114832535885167	4448.0	4778320.0	98.64810873241544	10.641148325358852	5064.0	
3021.0	11.652173913043478	1181.0	-8.347826086956522	-1.6521739130434783	2405.0	-15.0	0.022488755622188904	0.0	-12.0	14570.3125	0.017991004497751123	0.0	32.90755433384911	33960.0	-271.5548780487805	8907.0	7153702.0	218313.65966796875	1850.0	-73.41463414634147	2408.0	-56.40243902439025	2632.0	3856.4102564102564	1704.0	-4.0765550239234445	-12.095693779904305	4488.0	4778320.0	98.64810873241544	10.736842105263158	5056.0	
3019.0	11.793478260869565	1168.0	-8.326086956521738	-1.9021739130434783	2428.0	-20.0	0.029985007496251874	-0.004497751124437781	-7.0	14580.078125	0.010494752623688156	-3.0	32.90755433384911	33960.0	-279.1463414634147	9156.0	7154022.0	218323.42529296875	1316.0	-82.6219512195122	2710.0	-40.1219512195122	2647.0	3878.388278388278	1844.0	-4.411483253588517	-11.990430622009569	4520.0	4778352.0	98.6477831770322	10.813397129186603	5012.0	
2991.0	12.0	1149.0	-8.021739130434783	-2.0217391304347827	2439.0	-19.0	0.02848575712143928	-0.04497751124437781	0.0	14589.84375	0.0	-30.0	32.90755433384911	33960.0	-285.2134146341464	9355.0	7154342.0	218333.19091796875	870.0	-93.47560975609757	3066.0	-26.52439024390244	2623.0	3843.223443223443	1884.0	-4.507177033492823	-11.626794258373206	4644.0	4778352.0	98.6477831770322	11.110047846889952	4860.0	
2952.0	12.141304347826086	1136.0	-7.5978260869565215	-2.467391304347826	2480.0	-24.0	0.035982008995502246	-0.05847076461769115	15.0	14599.609375	-0.022488755622188904	-39.0	32.90755433384911	33960.0	-288.9939024390244	9479.0	7154662.0	218342.95654296875	485.0	-99.26829268292684	3256.0	-14.786585365853659	2632.0	3856.4102564102564	2056.0	-4.918660287081339	-11.282296650717702	4688.0	4778352.0	98.6477831770322	11.215311004784688	4716.0	
2920.0	12.16304347826087	1134.0	-7.25	-2.4130434782608696	2475.0	-36.0	0.05397301349325337	-0.07646176911544228	27.0	14609.375	-0.04047976011994003	-51.0	32.90755433384911	33960.0	-291.4329268292683	9559.0	7154982.0	218352.72216796875	51.0	-101.15853658536587	3318.0	-1.5548780487804879	2638.0	3865.2014652014655	2040.0	-4.880382775119617	-11.033492822966506	4716.0	4778352.0	98.6477831770322	11.282296650717702	4612.0	
2902.0	12.217391304347826	1129.0	-7.054347826086956	-2.4239130434782608	2476.0	-37.0	0.05547226386806597	-0.0944527736131934	42.0	14619.140625	-0.06296851574212893	-63.0	32.90755433384911	33960.0	-292.8048780487805	9604.0	7155302.0	218362.48779296875	-339.0	-106.3719512195122	3489.0	10.335365853658537	2630.0	3853.479853479854	2024.0	-4.842105263157895	-10.832535885167463	4724.0	4778352.0	98.6477831770322	11.301435406698564	4528.0	
2855.0	12.108695652173912	1139.0	-6.543478260869565	-2.3369565217391304	2468.0	-43.0	0.06446776611694152	-0.11544227886056971	47.0	14628.90625	-0.0704647676161919	-77.0	32.90755433384911	33960.0	-293.38414634146346	9623.0	7155622.0	218372.25341796875	-639.0	-111.37195121951221	3653.0	19.481707317073173	2638.0	3865.2014652014655	1992.0	-4.765550239234449	-10.382775119617225	4676.0	4778640.0	98.64485318022665	11.186602870813397	4340.0	
2816.0	11.967391304347826	1152.0	-6.119565217391304	-2.2282608695652173	2458.0	-49.0	0.07346326836581708	-0.136431784107946	68.0	14638.671875	-0.10194902548725637	-91.0	32.90755433384911	33960.0	-292.8048780487805	9604.0	7155942.0	218382.01904296875	-971.0	-115.85365853658537	3800.0	29.603658536585368	2659.0	3895.970695970696	2036.0	-4.8708133971291865	-9.779904306220095	4616.0	4778640.0	98.64485318022665	11.043062200956937	4088.0	
2766.0	11.869565217391305	1161.0	-5.576086956521739	-2.6630434782608696	2498.0	-53.0	0.07946026986506746	-0.14992503748125938	82.0	14648.4375	-0.12293853073463268	-100.0	32.90755433384911	33960.0	-293.1707317073171	9616.0	7156262.0	218391.78466796875	-1284.0	-118.59756097560977	3890.0	39.146341463414636	2643.0	3872.5274725274726	2100.0	-5.023923444976076	-9.167464114832535	4560.0	4778640.0	98.64485318022665	10.909090909090908	3832.0	
2735.0	11.880434782608695	1160.0	-5.239130434782608	-2.717391304347826	2503.0	-56.0	0.08395802098950525	-0.17391304347826086	93.0	14658.203125	-0.1394302848575712	-116.0	32.90755433384911	33960.0	-294.7256097560976	9667.0	7156582.0	218401.55029296875	-1225.0	-119.54268292682929	3921.0	37.34756097560976	2642.0	3871.062271062271	2180.0	-5.215311004784689	-8.602870813397129	4572.0	4778640.0	98.64485318022665	10.937799043062201	3596.0	
2684.0	11.5	1195.0	-4.684782608695652	-2.510869565217391	2484.0	-58.0	0.08695652173913043	-0.18140929535232383	109.0	14667.96875	-0.1634182908545727	-121.0	32.90755433384911	33960.0	-291.70731707317077	9568.0	7156902.0	218411.31591796875	-1072.0	-122.25609756097562	4010.0	32.6829268292683	2634.0	3859.3406593406594	2072.0	-4.956937799043062	-8.105263157894736	4432.0	4778640.0	98.64485318022665	10.602870813397129	3388.0	
2635.0	11.130434782608695	1229.0	-4.1521739130434785	-2.5217391304347827	2485.0	-56.0	0.08395802098950525	-0.20239880059970014	124.0	14677.734375	-0.18590704647676162	-135.0	32.90755433384911	33960.0	-289.26829268292687	9488.0	7157222.0	218421.08154296875	-1012.0	-126.09756097560977	4136.0	30.853658536585368	2625.0	3846.153846153846	2012.0	-4.813397129186603	-7.454545454545454	4184.0	4778656.0	98.6446904027131	10.009569377990431	3116.0	
2561.0	10.83695652173913	1256.0	-3.3478260869565215	-2.4347826086956523	2477.0	-61.0	0.0914542728635682	-0.21139430284857572	138.0	14687.5	-0.20689655172413793	-141.0	32.90755433384911	33960.0	-292.5	9594.0	7157542.0	218430.84716796875	-718.0	-127.56097560975611	4184.0	21.890243902439025	2633.0	3857.875457875458	2048.0	-4.899521531100478	-6.7368421052631575	4136.0	4778656.0	98.6446904027131	9.894736842105262	2816.0	
2519.0	10.83695652173913	1256.0	-2.891304347826087	-2.4130434782608696	2475.0	-63.0	0.0944527736131934	-0.22338830584707645	163.0	14697.265625	-0.24437781109445278	-149.0	32.90755433384911	33960.0	-292.5	9594.0	7157862.0	218440.61279296875	-459.0	-131.15853658536585	4302.0	13.993902439024392	2629.0	3852.0146520146523	1988.0	-4.755980861244019	-5.980861244019138	4092.0	4778656.0	98.6446904027131	9.789473684210526	2500.0	
2469.0	11.17391304347826	1225.0	-2.3478260869565215	-2.7391304347826084	2505.0	-61.0	0.0914542728635682	-0.2383808095952024	176.0	14707.03125	-0.2638680659670165	-159.0	32.90755433384911	33960.0	-289.51219512195127	9496.0	7158182.0	218450.37841796875	-316.0	-132.8658536585366	4358.0	9.634146341463415	2639.0	3866.6666666666665	2152.0	-5.148325358851674	-5.37799043062201	4236.0	4778656.0	98.6446904027131	10.133971291866029	2248.0	
2435.0	11.456521739130434	1199.0	-1.9782608695652173	-2.619565217391304	2494.0	-63.0	0.0944527736131934	-0.23238380809595202	192.0	14716.796875	-0.28785607196401797	-155.0	32.90755433384911	33960.0	-287.8658536585366	9442.0	7158502.0	218460.14404296875	4.0	-134.1768292682927	4401.0	-0.12195121951219513	2654.0	3888.644688644689	2120.0	-5.071770334928229	-4.909090909090909	4376.0	4778656.0	98.6446904027131	10.4688995215311	2052.0	
2398.0	11.33695652173913	1210.0	-1.576086956521739	-2.9456521739130435	2524.0	-69.0	0.10344827586206896	-0.2563718140929535	207.0	14726.5625	-0.3103448275862069	-171.0	32.90755433384911	33960.0	-283.75	9307.0	7158822.0	218469.90966796875	100.0	-136.21951219512195	4468.0	-3.0487804878048785	2635.0	3860.805860805861	2224.0	-5.320574162679426	-4.392344497607655	4304.0	4778640.0	98.64485318022665	10.296650717703349	1836.0	
2367.0	11.16304347826087	1226.0	-1.2391304347826086	-3.0978260869565215	2538.0	-73.0	0.10944527736131934	-0.2563718140929535	225.0	14736.328125	-0.3373313343328336	-171.0	32.90755433384911	33960.0	-279.69512195121956	9174.0	7159142.0	218479.67529296875	215.0	-136.09756097560978	4464.0	-6.5548780487804885	2648.0	3879.8534798534797	2324.0	-5.559808612440191	-3.875598086124402	4188.0	4778640.0	98.64485318022665	10.01913875598086	1620.0	
2326.0	10.83695652173913	1256.0	-0.7934782608695652	-2.880434782608696	2518.0	-68.0	0.10194902548725637	-0.2578710644677661	238.0	14746.09375	-0.3568215892053973	-172.0	32.90755433384911	33960.0	-278.38414634146346	9131.0	7159462.0	218489.44091796875	390.0	-135.64024390243904	4449.0	-11.890243902439025	2617.0	3834.4322344322345	2156.0	-5.157894736842105	-3.4066985645933014	4080.0	4778640.0	98.64485318022665	9.760765550239235	1424.0	
2268.0	10.315217391304348	1304.0	-0.16304347826086957	-2.380434782608696	2472.0	-71.0	0.10644677661169415	-0.26836581709145424	259.0	14755.859375	-0.38830584707646176	-179.0	32.90755433384911	33960.0	-276.4939024390244	9069.0	7159782.0	218499.20654296875	430.0	-135.4268292682927	4442.0	-13.109756097560977	2636.0	3862.2710622710624	1912.0	-4.574162679425837	-2.7942583732057416	3832.0	4778640.0	98.64485318022665	9.167464114832535	1168.0	
2211.0	9.67391304347826	1363.0	0.45652173913043476	-1.8043478260869565	2419.0	-74.0	0.11094452773613193	-0.27136431784107945	274.0	14765.625	-0.41079460269865065	-181.0	32.90755433384911	33960.0	-279.5426829268293	9169.0	7160102.0	218508.97216796875	375.0	-133.2317073170732	4370.0	-11.432926829268293	2640.0	3868.131868131868	1696.0	-4.057416267942584	-2.0956937799043063	3552.0	4778640.0	98.64485318022665	8.497607655502392	876.0	
2162.0	9.108695652173912	1415.0	0.9891304347826086	-1.4782608695652173	2389.0	-69.0	0.10344827586206896	-0.2608695652173913	289.0	14775.390625	-0.4332833583208396	-174.0	32.90755433384911	33960.0	-279.5426829268293	9169.0	7160422.0	218518.73779296875	56.0	-126.92073170731709	4163.0	-1.707317073170732	2630.0	3853.479853479854	1632.0	-3.9043062200956937	-1.7033492822966507	3416.0	4778800.0	98.64322540550211	8.17224880382775	712.0	
2114.0	8.597826086956522	1462.0	1.5108695652173914	-0.717391304347826	2319.0	-72.0	0.10794602698650674	-0.26836581709145424	313.0	14785.15625	-0.46926536731634183	-179.0	32.90755433384911	33960.0	-269.51219512195127	8840.0	7160742.0	218528.50341796875	52.0	-124.87804878048782	4096.0	-1.5853658536585367	2645.0	3875.4578754578756	1308.0	-3.129186602870813	-1.1004784688995215	3132.0	4778800.0	98.64322540550211	7.492822966507177	460.0	
2074.0	7.956521739130435	1521.0	1.9456521739130435	-0.32608695652173914	2283.0	-71.0	0.10644677661169415	-0.2698650674662669	328.0	14794.921875	-0.4917541229385307	-180.0	32.90755433384911	33960.0	-261.82926829268297	8588.0	7161062.0	218538.26904296875	113.0	-124.69512195121952	4090.0	-3.4451219512195124	2655.0	3890.10989010989	1124.0	-2.688995215311005	-0.5358851674641149	2860.0	4778800.0	98.64322540550211	6.842105263157895	224.0	
2044.0	7.369565217391304	1575.0	2.2717391304347827	-0.20652173913043478	2272.0	-71.0	0.10644677661169415	-0.2623688155922039	345.0	14804.6875	-0.5172413793103449	-175.0	32.90755433384911	33960.0	-257.0426829268293	8431.0	7161382.0	218548.03466796875	155.0	-121.09756097560977	3972.0	-4.725609756097562	2639.0	3866.6666666666665	976.0	-2.3349282296650715	-0.10526315789473684	2596.0	4778800.0	98.64322540550211	6.2105263157894735	44.0	
2020.0	7.0	1609.0	2.532608695652174	-0.31521739130434784	2282.0	-71.0	0.10644677661169415	-0.2638680659670165	361.0	14814.453125	-0.5412293853073463	-176.0	32.90755433384911	33960.0	-246.6768292682927	8091.0	7161702.0	218557.80029296875	381.0	-116.00609756097562	3805.0	-11.615853658536587	2636.0	3862.2710622710624	1008.0	-2.4114832535885165	0.2200956937799043	2348.0	4778800.0	98.64322540550211	5.617224880382775	-92.0	
1991.0	6.576086956521739	1648.0	2.8478260869565215	0.05434782608695652	2248.0	-72.0	0.10794602698650674	-0.27136431784107945	383.0	14824.21875	-0.5742128935532234	-181.0	32.90755433384911	33960.0	-235.30487804878052	7718.0	7162022.0	218567.56591796875	651.0	-109.96951219512196	3607.0	-19.847560975609756	2640.0	3868.131868131868	904.0	-2.1626794258373203	0.631578947368421	2164.0	4778704.0	98.64420207022724	5.177033492822966	-264.0	
1955.0	5.880434782608695	1712.0	3.2391304347826084	0.7826086956521738	2181.0	-68.0	0.10194902548725637	-0.2578710644677661	395.0	14833.984375	-0.5922038980509745	-172.0	32.90755433384911	33960.0	-224.81707317073173	7374.0	7162342.0	218577.33154296875	971.0	-104.48170731707319	3427.0	-29.603658536585368	2647.0	3878.388278388278	600.0	-1.4354066985645932	1.0717703349282297	1928.0	4778704.0	98.64420207022724	4.6124401913875595	-448.0	
1901.0	4.978260869565217	1795.0	3.8260869565217392	1.467391304347826	2118.0	-70.0	0.10494752623688156	-0.25487256371814093	394.0	14843.75	-0.5907046476761619	-170.0	32.90755433384911	33960.0	-214.45121951219514	7034.0	7162662.0	218587.09716796875	1139.0	-99.45121951219514	3262.0	-34.72560975609756	2633.0	3857.875457875458	224.0	-0.5358851674641149	1.6650717703349283	1460.0	4778704.0	98.64420207022724	3.492822966507177	-696.0	
1857.0	4.326086956521739	1855.0	4.304347826086956	1.6304347826086956	2103.0	-67.0	0.10044977511244378	-0.2563718140929535	415.0	14853.515625	-0.6221889055472264	-171.0	32.90755433384911	33960.0	-199.2378048780488	6535.0	7162982.0	218596.86279296875	1067.0	-101.4939024390244	3329.0	-32.53048780487805	2627.0	3849.084249084249	140.0	-0.33492822966507174	2.3636363636363638	1124.0	4778704.0	98.64420207022724	2.688995215311005	-988.0	
1792.0	4.08695652173913	1877.0	5.010869565217392	1.75	2092.0	-67.0	0.10044977511244378	-0.2383808095952024	422.0	14863.28125	-0.6326836581709145	-159.0	32.90755433384911	33960.0	-183.75000000000003	6027.0	7163302.0	218606.62841796875	1141.0	-104.69512195121952	3434.0	-34.78658536585366	2648.0	3879.8534798534797	120.0	-0.28708133971291866	3.177033492822966	1020.0	4778704.0	98.64420207022724	2.4401913875598087	-1328.0	
1760.0	4.195652173913043	1867.0	5.358695652173913	2.3260869565217392	2039.0	-70.0	0.10494752623688156	-0.23238380809595202	436.0	14873.046875	-0.6536731634182908	-155.0	32.90755433384911	33960.0	-168.96341463414635	5542.0	7163622.0	218616.39404296875	1238.0	-109.26829268292684	3584.0	-37.743902439024396	2654.0	3888.644688644689	-108.0	0.2583732057416268	3.588516746411483	1092.0	4778544.0	98.64582984549973	2.61244019138756	-1500.0	
1764.0	4.532608695652174	1836.0	5.315217391304348	2.8369565217391304	1992.0	-67.0	0.10044977511244378	-0.22188905547226387	453.0	14882.8125	-0.6791604197901049	-148.0	32.90755433384911	33960.0	-149.87804878048783	4916.0	7163942.0	218626.15966796875	1072.0	-116.18902439024392	3811.0	-32.6829268292683	2636.0	3862.2710622710624	-384.0	0.9186602870813396	3.6746411483253585	1208.0	4778544.0	98.64582984549973	2.889952153110048	-1536.0	
1779.0	4.576086956521739	1832.0	5.1521739130434785	3.184782608695652	1960.0	-66.0	0.09895052473763118	-0.21739130434782608	451.0	14892.578125	-0.6761619190404797	-145.0	32.90755433384911	33960.0	-130.45731707317074	4279.0	7164262.0	218635.92529296875	807.0	-117.28658536585367	3847.0	-24.603658536585368	2657.0	3893.040293040293	-528.0	1.263157894736842	3.5023923444976077	1236.0	4778544.0	98.64582984549973	2.956937799043062	-1464.0	
1792.0	4.413043478260869	1847.0	5.010869565217392	3.358695652173913	1944.0	-60.0	0.08995502248875561	-0.2143928035982009	459.0	14902.34375	-0.6881559220389805	-143.0	32.90755433384911	33960.0	-114.60365853658537	3759.0	7164582.0	218645.69091796875	322.0	-105.39634146341464	3457.0	-9.817073170731708	2621.0	3840.2930402930406	-696.0	1.6650717703349283	3.263157894736842	1176.0	4778544.0	98.64582984549973	2.813397129186603	-1364.0	
1788.0	4.25	1862.0	5.054347826086956	3.293478260869565	1950.0	-61.0	0.0914542728635682	-0.2098950524737631	467.0	14912.109375	-0.7001499250374812	-140.0	32.90755433384911	33960.0	-105.06097560975611	3446.0	7164902.0	218655.45654296875	-111.0	-87.53048780487806	2871.0	3.3841463414634148	2654.0	3888.644688644689	-560.0	1.339712918660287	3.263157894736842	1128.0	4778544.0	98.64582984549973	2.6985645933014353	-1364.0	
1768.0	4.315217391304348	1856.0	5.271739130434782	3.141304347826087	1964.0	-58.0	0.08695652173913043	-0.20239880059970014	481.0	14921.875	-0.7211394302848575	-135.0	32.90755433384911	33960.0	-94.51219512195122	3100.0	7165222.0	218665.22216796875	-502.0	-65.54878048780489	2150.0	15.30487804878049	2636.0	3862.2710622710624	-592.0	1.416267942583732	3.3588516746411483	1156.0	4778752.0	98.64371373782356	2.7655502392344498	-1404.0	
1739.0	4.184782608695652	1868.0	5.58695652173913	2.760869565217391	1999.0	-55.0	0.08245877061469264	-0.19040479760119938	478.0	14931.640625	-0.7166416791604198	-127.0	32.90755433384911	33960.0	-82.22560975609757	2697.0	7165542.0	218674.98779296875	-687.0	-48.41463414634147	1588.0	20.945121951219512	2634.0	3859.3406593406594	-432.0	1.0334928229665072	3.7607655502392343	1108.0	4778752.0	98.64371373782356	2.650717703349282	-1572.0	
1690.0	3.9891304347826084	1886.0	6.119565217391304	2.5869565217391304	2015.0	-58.0	0.08695652173913043	-0.19640179910044978	479.0	14941.40625	-0.7181409295352323	-131.0	32.90755433384911	33960.0	-71.3109756097561	2339.0	7165862.0	218684.75341796875	-760.0	-33.56707317073171	1101.0	23.170731707317074	2643.0	3872.5274725274726	-376.0	0.8995215311004784	4.344497607655502	996.0	4778752.0	98.64371373782356	2.3827751196172247	-1816.0	
1652.0	3.5869565217391304	1923.0	6.532608695652174	2.467391304347826	2026.0	-53.0	0.07946026986506746	-0.19040479760119938	486.0	14951.171875	-0.7286356821589205	-127.0	32.90755433384911	33960.0	-61.25000000000001	2009.0	7166182.0	218694.51904296875	-632.0	-23.750000000000004	779.0	19.26829268292683	2661.0	3898.901098901099	-244.0	0.5837320574162679	4.889952153110047	828.0	4778752.0	98.64371373782356	1.9808612440191387	-2044.0	
1643.0	3.6630434782608696	1916.0	6.630434782608695	2.1630434782608696	2054.0	-49.0	0.07346326836581708	-0.191904047976012	492.0	14960.9375	-0.7376311844077961	-128.0	32.90755433384911	33960.0	-49.66463414634147	1629.0	7166502.0	218704.28466796875	-206.0	-14.02439024390244	460.0	6.2804878048780495	2642.0	3871.062271062271	-80.0	0.19138755980861244	5.08133971291866	840.0	4778752.0	98.64371373782356	2.0095693779904304	-2124.0	
1629.0	3.6630434782608696	1916.0	6.782608695652174	2.010869565217391	2068.0	-48.0	0.07196401799100449	-0.19640179910044978	494.0	14970.703125	-0.7406296851574212	-131.0	32.90755433384911	33960.0	-40.457317073170735	1327.0	7166822.0	218714.05029296875	170.0	4.603658536585367	-151.0	-5.182926829268293	2637.0	3863.736263736264	-116.0	0.27751196172248804	5.22488038277512	856.0	4778976.0	98.64143485435986	2.047846889952153	-2184.0	
1588.0	3.5543478260869565	1926.0	7.228260869565217	1.8043478260869565	2087.0	-53.0	0.07946026986506746	-0.19040479760119938	490.0	14980.46875	-0.7346326836581709	-127.0	32.90755433384911	33960.0	-37.22560975609756	1221.0	7167142.0	218723.81591796875	447.0	20.701219512195124	-679.0	-13.628048780487806	2626.0	3847.6190476190477	8.0	-0.019138755980861243	5.655502392344498	840.0	4778976.0	98.64143485435986	2.0095693779904304	-2364.0	
1544.0	3.9565217391304346	1889.0	7.706521739130435	1.4565217391304348	2119.0	-51.0	0.07646176911544228	-0.18140929535232383	490.0	14990.234375	-0.7346326836581709	-121.0	32.90755433384911	33960.0	-34.78658536585366	1141.0	7167462.0	218733.58154296875	721.0	31.52439024390244	-1034.0	-21.981707317073173	2641.0	3869.5970695970695	180.0	-0.43062200956937796	6.1913875598086126	992.0	4778976.0	98.64143485435986	2.373205741626794	-2588.0	
1485.0	4.478260869565217	1841.0	8.347826086956522	1.576086956521739	2108.0	-54.0	0.08095952023988005	-0.19040479760119938	499.0	15000.0	-0.7481259370314842	-127.0	32.90755433384911	33960.0	-30.64024390243903	1005.0	7167782.0	218743.34716796875	770.0	46.61585365853659	-1529.0	-23.475609756097562	2650.0	3882.7838827838827	140.0	-0.33492822966507174	6.956937799043062	1248.0	4778976.0	98.64143485435986	2.985645933014354	-2908.0	
1425.0	4.989130434782608	1794.0	9.0	1.5543478260869565	2110.0	-56.0	0.08395802098950525	-0.18140929535232383	494.0	15009.765625	-0.7406296851574212	-121.0	32.90755433384911	33960.0	-27.5609756097561	904.0	7168102.0	218753.11279296875	657.0	53.07926829268293	-1741.0	-20.03048780487805	2623.0	3843.223443223443	152.0	-0.36363636363636365	7.732057416267942	1492.0	4778976.0	98.64143485435986	3.5693779904306218	-3232.0	
1377.0	5.521739130434782	1745.0	9.521739130434783	1.8478260869565217	2083.0	-64.0	0.095952023988006	-0.1829085457271364	502.0	15019.53125	-0.7526236881559221	-122.0	32.90755433384911	33960.0	-22.195121951219516	728.0	7168422.0	218762.87841796875	174.0	46.89024390243903	-1538.0	-5.3048780487804885	2639.0	3866.6666666666665	108.0	-0.2583732057416268	8.258373205741627	1744.0	4778928.0	98.64192318637998	4.172248803827751	-3452.0	
1348.0	5.717391304347826	1727.0	9.83695652173913	1.7391304347826086	2093.0	-66.0	0.09895052473763118	-0.17991004497751123	497.0	15029.296875	-0.7451274362818591	-120.0	32.90755433384911	33960.0	-13.963414634146343	458.0	7168742.0	218772.64404296875	-341.0	35.426829268292686	-1162.0	10.396341463414634	2654.0	3888.644688644689	188.0	-0.4497607655502392	8.660287081339712	1816.0	4778928.0	98.64192318637998	4.344497607655502	-3620.0	
1334.0	5.456521739130435	1751.0	9.989130434782608	1.858695652173913	2082.0	-61.0	0.0914542728635682	-0.17391304347826086	501.0	15039.0625	-0.7511244377811094	-116.0	32.90755433384911	33960.0	-13.079268292682928	429.0	7169062.0	218782.40966796875	-612.0	28.353658536585368	-930.0	18.658536585365855	2626.0	3847.6190476190477	76.0	-0.18181818181818182	8.870813397129186	1704.0	4778928.0	98.64192318637998	4.0765550239234445	-3708.0	
1348.0	5.08695652173913	1785.0	9.83695652173913	1.8152173913043477	2086.0	-58.0	0.08695652173913043	-0.18590704647676162	500.0	15048.828125	-0.7496251874062968	-124.0	32.90755433384911	33960.0	-10.945121951219512	359.0	7169382.0	218792.17529296875	-777.0	21.3109756097561	-699.0	23.689024390243905	2653.0	3887.1794871794873	116.0	-0.27751196172248804	8.727272727272727	1512.0	4778928.0	98.64192318637998	3.617224880382775	-3648.0	
1362.0	4.891304347826087	1803.0	9.684782608695652	1.6956521739130435	2097.0	-62.0	0.09295352323838081	-0.17541229385307347	499.0	15058.59375	-0.7481259370314842	-117.0	32.90755433384911	33960.0	-8.414634146341465	276.0	7169702.0	218801.94091796875	-1019.0	17.77439024390244	-583.0	31.06707317073171	2618.0	3835.897435897436	112.0	-0.2679425837320574	8.535885167464114	1456.0	4778928.0	98.64192318637998	3.4832535885167464	-3568.0	
1370.0	4.826086956521739	1809.0	9.597826086956522	1.6521739130434783	2101.0	-62.0	0.09295352323838081	-0.1829085457271364	500.0	15068.359375	-0.7496251874062968	-122.0	32.90755433384911	33960.0	-8.75	287.0	7170022.0	218811.70654296875	-994.0	20.945121951219512	-687.0	30.30487804878049	2630.0	3853.479853479854	152.0	-0.36363636363636365	8.354066985645932	1428.0	4778704.0	98.64420207022724	3.416267942583732	-3492.0	
1387.0	5.130434782608695	1781.0	9.41304347826087	1.1630434782608696	2146.0	-62.0	0.09295352323838081	-0.1829085457271364	500.0	15078.125	-0.7496251874062968	-122.0	32.90755433384911	33960.0	-7.378048780487806	242.0	7170342.0	218821.47216796875	-1095.0	19.54268292682927	-641.0	33.38414634146342	2628.0	3850.5494505494507	308.0	-0.7368421052631579	8.229665071770334	1488.0	4778704.0	98.64420207022724	3.5598086124401913	-3440.0	
1415.0	5.510869565217392	1746.0	9.108695652173912	1.0108695652173914	2160.0	-57.0	0.08545727136431784	-0.17091454272863568	501.0	15087.890625	-0.7511244377811094	-114.0	32.90755433384911	33960.0	-5.640243902439025	185.0	7170662.0	218831.23779296875	-1083.0	23.8109756097561	-781.0	33.018292682926834	2633.0	3857.875457875458	396.0	-0.9473684210526315	7.875598086124402	1708.0	4778704.0	98.64420207022724	4.086124401913875	-3292.0	
1417.0	5.576086956521739	1740.0	9.08695652173913	0.8152173913043478	2178.0	-57.0	0.08545727136431784	-0.17091454272863568	501.0	15097.65625	-0.7511244377811094	-114.0	32.90755433384911	33960.0	-6.52439024390244	214.0	7170982.0	218841.00341796875	-1077.0	33.29268292682927	-1092.0	32.83536585365854	2649.0	3881.3186813186812	524.0	-1.2535885167464114	7.712918660287081	1808.0	4778704.0	98.64420207022724	4.325358851674641	-3224.0	
1416.0	5.5978260869565215	1738.0	9.097826086956522	0.8043478260869565	2179.0	-52.0	0.07796101949025487	-0.17841079460269865	506.0	15107.421875	-0.7586206896551724	-119.0	32.90755433384911	33960.0	-6.707317073170732	220.0	7171302.0	218850.76904296875	-1042.0	39.81707317073171	-1306.0	31.768292682926834	2643.0	3872.5274725274726	488.0	-1.1674641148325358	7.760765550239234	1740.0	4778704.0	98.64420207022724	4.162679425837321	-3244.0	
1403.0	5.532608695652174	1744.0	9.23913043478261	0.9565217391304348	2165.0	-56.0	0.08395802098950525	-0.17391304347826086	496.0	15117.1875	-0.7436281859070465	-116.0	32.90755433384911	33960.0	-8.201219512195122	269.0	7171622.0	218860.53466796875	-962.0	42.5609756097561	-1396.0	29.32926829268293	2648.0	3879.8534798534797	484.0	-1.1578947368421053	7.990430622009569	1744.0	4778960.0	98.64159763169076	4.172248803827751	-3340.0	
1398.0	5.771739130434782	1722.0	9.293478260869565	0.9347826086956521	2167.0	-55.0	0.08245877061469264	-0.17541229385307347	507.0	15126.953125	-0.760119940029985	-117.0	32.90755433384911	33960.0	-9.237804878048781	303.0	7171942.0	218870.30029296875	-923.0	41.98170731707317	-1377.0	28.14024390243903	2635.0	3860.805860805861	456.0	-1.0909090909090908	8.086124401913874	1848.0	4778960.0	98.64159763169076	4.421052631578947	-3380.0	
1397.0	6.010869565217392	1700.0	9.304347826086957	0.7934782608695652	2180.0	-61.0	0.0914542728635682	-0.17391304347826086	502.0	15136.71875	-0.7526236881559221	-116.0	32.90755433384911	33960.0	-10.51829268292683	345.0	7172262.0	218880.06591796875	-939.0	41.06707317073171	-1347.0	28.62804878048781	2632.0	3856.4102564102564	540.0	-1.2918660287081338	8.057416267942584	1972.0	4778960.0	98.64159763169076	4.717703349282297	-3368.0	
1410.0	6.163043478260869	1686.0	9.16304347826087	0.7065217391304348	2188.0	-55.0	0.08245877061469264	-0.1679160419790105	504.0	15146.484375	-0.7556221889055472	-112.0	32.90755433384911	33960.0	-9.05487804878049	297.0	7172582.0	218889.83154296875	-1069.0	42.46951219512196	-1393.0	32.59146341463415	2634.0	3859.3406593406594	568.0	-1.3588516746411483	7.875598086124402	2028.0	4778960.0	98.64159763169076	4.851674641148326	-3292.0	
1409.0	5.978260869565217	1703.0	9.17391304347826	0.8695652173913043	2173.0	-58.0	0.08695652173913043	-0.17391304347826086	509.0	15156.25	-0.7631184407796102	-116.0	32.90755433384911	33960.0	-11.341463414634147	372.0	7172902.0	218899.59716796875	-1038.0	48.201219512195124	-1581.0	31.646341463414636	2635.0	3860.805860805861	460.0	-1.1004784688995215	7.85645933014354	1940.0	4778960.0	98.64159763169076	4.641148325358851	-3284.0	
1409.0	5.641304347826087	1734.0	9.17391304347826	1.0108695652173914	2160.0	-55.0	0.08245877061469264	-0.17841079460269865	501.0	15166.015625	-0.7511244377811094	-119.0	32.90755433384911	33960.0	-12.164634146341465	399.0	7173222.0	218909.36279296875	-1243.0	49.72560975609757	-1631.0	37.896341463414636	2623.0	3843.223443223443	436.0	-1.0430622009569377	7.904306220095694	1800.0	4779056.0	98.64062096784232	4.30622009569378	-3304.0	
1402.0	5.510869565217392	1746.0	9.25	1.358695652173913	2128.0	-57.0	0.08545727136431784	-0.1679160419790105	504.0	15175.78125	-0.7556221889055472	-112.0	32.90755433384911	33960.0	-10.76219512195122	353.0	7173542.0	218919.12841796875	-1196.0	51.768292682926834	-1698.0	36.463414634146346	2638.0	3865.2014652014655	272.0	-0.6507177033492823	7.952153110047846	1752.0	4779056.0	98.64062096784232	4.1913875598086126	-3324.0	
1410.0	5.478260869565217	1749.0	9.16304347826087	1.5326086956521738	2112.0	-62.0	0.09295352323838081	-0.17991004497751123	497.0	15185.546875	-0.7451274362818591	-120.0	32.90755433384911	33960.0	-10.701219512195124	351.0	7173862.0	218928.89404296875	-1169.0	54.57317073170732	-1790.0	35.640243902439025	2651.0	3884.2490842490843	228.0	-0.5454545454545454	7.9330143540669855	1728.0	4779056.0	98.64062096784232	4.133971291866029	-3316.0	
1420.0	5.456521739130435	1751.0	9.054347826086957	1.5652173913043477	2109.0	-64.0	0.095952023988006	-0.17091454272863568	502.0	15195.3125	-0.7526236881559221	-114.0	32.90755433384911	33960.0	-7.134146341463415	234.0	7174182.0	218938.65966796875	-1213.0	57.804878048780495	-1896.0	36.98170731707317	2636.0	3862.2710622710624	164.0	-0.3923444976076555	7.770334928229665	1704.0	4779056.0	98.64062096784232	4.0765550239234445	-3248.0	
1444.0	5.3478260869565215	1761.0	8.793478260869565	1.9130434782608696	2077.0	-61.0	0.0914542728635682	-0.17691154422788605	501.0	15205.078125	-0.7511244377811094	-118.0	32.90755433384911	33960.0	-3.353658536585366	110.0	7174502.0	218948.42529296875	-1275.0	60.518292682926834	-1985.0	38.8719512195122	2653.0	3887.1794871794873	60.0	-0.14354066985645933	7.492822966507177	1636.0	4779056.0	98.64062096784232	3.913875598086124	-3132.0	
1467.0	5.3478260869565215	1761.0	8.543478260869565	1.8152173913043477	2086.0	-59.0	0.08845577211394302	-0.16041979010494753	505.0	15214.84375	-0.7571214392803598	-107.0	32.90755433384911	33960.0	1.2500000000000002	-41.0	7174822.0	218958.19091796875	-1434.0	64.75609756097562	-2124.0	43.71951219512196	2616.0	3832.967032967033	40.0	-0.09569377990430622	7.186602870813397	1664.0	4779056.0	98.64062096784232	3.9808612440191387	-3004.0	
1498.0	5.4021739130434785	1756.0	8.206521739130434	2.0652173913043477	2063.0	-55.0	0.08245877061469264	-0.17691154422788605	504.0	15224.609375	-0.7556221889055472	-118.0	32.90755433384911	33960.0	5.3048780487804885	-174.0	7175142.0	218967.95654296875	-1632.0	69.48170731707317	-2279.0	49.75609756097561	2637.0	3863.736263736264	-48.0	0.11483253588516745	6.947368421052631	1664.0	4779056.0	98.64062096784232	3.9808612440191387	-2904.0	
1525.0	5.456521739130435	1751.0	7.913043478260869	2.108695652173913	2059.0	-65.0	0.09745127436281859	-0.1679160419790105	507.0	15234.375	-0.760119940029985	-112.0	32.90755433384911	33960.0	10.27439024390244	-337.0	7175462.0	218977.72216796875	-1825.0	77.19512195121952	-2532.0	55.64024390243903	2643.0	3872.5274725274726	-68.0	0.16267942583732056	6.526315789473684	1672.0	4779056.0	98.64062096784232	4.0	-2728.0	
1555.0	5.3478260869565215	1761.0	7.58695652173913	2.2065217391304346	2050.0	-59.0	0.08845577211394302	-0.17091454272863568	507.0	15244.140625	-0.760119940029985	-114.0	32.90755433384911	33960.0	15.79268292682927	-518.0	7175782.0	218987.48779296875	-2013.0	85.85365853658537	-2816.0	61.3719512195122	2634.0	3859.3406593406594	-136.0	0.3253588516746411	6.181818181818182	1672.0	4779056.0	98.64062096784232	4.0	-2584.0	
1574.0	5.228260869565217	1772.0	7.380434782608695	2.380434782608696	2034.0	-60.0	0.08995502248875561	-0.17541229385307347	501.0	15253.90625	-0.7511244377811094	-117.0	32.90755433384911	33960.0	21.981707317073173	-721.0	7176102.0	218997.25341796875	-2271.0	96.18902439024392	-3155.0	69.23780487804879	2653.0	3887.1794871794873	-172.0	0.41148325358851673	5.789473684210526	1608.0	4779056.0	98.64062096784232	3.8468899521531097	-2420.0	
1607.0	4.967391304347826	1796.0	7.021739130434782	2.7282608695652173	2002.0	-57.0	0.08545727136431784	-0.17841079460269865	499.0	15263.671875	-0.7481259370314842	-119.0	32.90755433384911	33960.0	28.780487804878053	-944.0	7176422.0	219007.01904296875	-2465.0	105.85365853658537	-3472.0	75.15243902439025	2659.0	3895.970695970696	-288.0	0.6889952153110047	5.492822966507177	1512.0	4778112.0	98.65022484329702	3.617224880382775	-2296.0	
1630.0	4.684782608695652	1822.0	6.771739130434782	2.7717391304347827	1998.0	-61.0	0.0914542728635682	-0.18140929535232383	498.0	15273.4375	-0.7466266866566716	-121.0	32.90755433384911	33960.0	35.426829268292686	-1162.0	7176742.0	219016.78466796875	-2713.0	114.60365853658537	-3759.0	82.71341463414635	2637.0	3863.736263736264	-368.0	0.8803827751196172	5.205741626794258	1372.0	4778112.0	98.65022484329702	3.2822966507177034	-2176.0	
1662.0	4.489130434782608	1840.0	6.423913043478261	2.641304347826087	2010.0	-69.0	0.10344827586206896	-0.17541229385307347	488.0	15283.203125	-0.7316341829085456	-117.0	32.90755433384911	33960.0	43.26219512195122	-1419.0	7177062.0	219026.55029296875	-2763.0	123.07926829268294	-4037.0	84.23780487804879	2642.0	3871.062271062271	-356.0	0.8516746411483254	4.889952153110047	1252.0	4778112.0	98.65022484329702	2.9952153110047846	-2044.0	
1699.0	4.423913043478261	1846.0	6.021739130434782	2.1739130434782608	2053.0	-63.0	0.0944527736131934	-0.1889055472263868	496.0	15292.96875	-0.7436281859070465	-126.0	32.90755433384911	33960.0	52.50000000000001	-1722.0	7177382.0	219036.31591796875	-2726.0	130.94512195121953	-4295.0	83.10975609756099	2632.0	3856.4102564102564	-132.0	0.3157894736842105	4.449760765550239	1216.0	4778112.0	98.65022484329702	2.909090909090909	-1860.0	
1742.0	4.641304347826087	1826.0	5.554347826086956	1.6739130434782608	2099.0	-62.0	0.09295352323838081	-0.17991004497751123	482.0	15302.734375	-0.7226386806596702	-120.0	32.90755433384911	33960.0	61.4329268292683	-2015.0	7177702.0	219046.08154296875	-2597.0	144.32926829268294	-4734.0	79.17682926829269	2641.0	3869.5970695970695	48.0	-0.11483253588516745	3.866028708133971	1288.0	4778112.0	98.65022484329702	3.0813397129186604	-1616.0	
1776.0	4.8478260869565215	1807.0	5.184782608695652	1.1739130434782608	2145.0	-62.0	0.09295352323838081	-0.1889055472263868	487.0	15312.5	-0.7301349325337331	-126.0	32.90755433384911	33960.0	70.3048780487805	-2306.0	7178022.0	219055.84716796875	-2446.0	162.8658536585366	-5342.0	74.57317073170732	2626.0	3847.6190476190477	272.0	-0.6507177033492823	3.3684210526315788	1388.0	4778272.0	98.64859706555883	3.3205741626794256	-1408.0	
1794.0	4.891304347826087	1803.0	4.989130434782608	0.8152173913043478	2178.0	-63.0	0.0944527736131934	-0.191904047976012	478.0	15322.265625	-0.7166416791604198	-128.0	32.90755433384911	33960.0	78.20121951219512	-2565.0	7178342.0	219065.61279296875	-2324.0	183.26219512195124	-6011.0	70.85365853658537	2626.0	3847.6190476190477	440.0	-1.0526315789473684	3.177033492822966	1420.0	4778272.0	98.64859706555883	3.3971291866028706	-1328.0	
1787.0	5.032608695652174	1790.0	5.065217391304348	0.8043478260869565	2179.0	-61.0	0.0914542728635682	-0.20089955022488756	476.0	15332.03125	-0.7136431784107946	-134.0	32.90755433384911	33960.0	85.00000000000001	-2788.0	7178662.0	219075.37841796875	-2265.0	200.4878048780488	-6576.0	69.0548780487805	2639.0	3866.6666666666665	480.0	-1.1483253588516746	3.186602870813397	1508.0	4778272.0	98.64859706555883	3.6076555023923444	-1332.0	
1781.0	5.293478260869565	1766.0	5.130434782608695	0.967391304347826	2164.0	-75.0	0.11244377811094453	-0.19640179910044978	471.0	15341.796875	-0.7061469265367316	-131.0	32.90755433384911	33960.0	92.71341463414635	-3041.0	7178982.0	219085.14404296875	-2264.0	214.32926829268294	-7030.0	69.02439024390245	2648.0	3879.8534798534797	460.0	-1.1004784688995215	3.339712918660287	1620.0	4778272.0	98.64859706555883	3.875598086124402	-1396.0	
1771.0	5.510869565217392	1746.0	5.239130434782608	0.8913043478260869	2171.0	-76.0	0.11394302848575712	-0.20539730134932532	463.0	15351.5625	-0.6941529235382309	-137.0	32.90755433384911	33960.0	102.46951219512196	-3361.0	7179302.0	219094.90966796875	-2387.0	221.6768292682927	-7271.0	72.77439024390245	2635.0	3860.805860805861	464.0	-1.1100478468899522	3.4449760765550237	1720.0	4778272.0	98.64859706555883	4.114832535885167	-1440.0	
1782.0	5.641304347826087	1734.0	5.119565217391304	1.0	2161.0	-76.0	0.11394302848575712	-0.20539730134932532	455.0	15361.328125	-0.6821589205397302	-137.0	32.90755433384911	33960.0	113.59756097560977	-3726.0	7179622.0	219104.67529296875	-2580.0	225.06097560975613	-7382.0	78.65853658536587	2650.0	3882.7838827838827	492.0	-1.1770334928229664	3.291866028708134	1748.0	4778384.0	98.64745762168545	4.181818181818182	-1376.0	
1819.0	5.826086956521739	1717.0	4.717391304347826	-0.06521739130434782	2259.0	-78.0	0.1169415292353823	-0.2143928035982009	449.0	15371.09375	-0.6731634182908546	-143.0	32.90755433384911	33960.0	127.71341463414635	-4189.0	7179942.0	219114.44091796875	-2677.0	220.51829268292684	-7233.0	81.6158536585366	2626.0	3847.6190476190477	1036.0	-2.478468899521531	2.77511961722488	1852.0	4778384.0	98.64745762168545	4.430622009569378	-1160.0	
1882.0	6.293478260869565	1674.0	4.032608695652174	-0.9347826086956521	2339.0	-88.0	0.13193403298350825	-0.22638680659670163	441.0	15380.859375	-0.6611694152923538	-151.0	32.90755433384911	33960.0	140.88414634146343	-4621.0	7180262.0	219124.20654296875	-2858.0	218.01829268292684	-7151.0	87.13414634146342	2639.0	3866.6666666666665	1272.0	-3.0430622009569377	2.3636363636363638	1960.0	4778384.0	98.64745762168545	4.688995215311005	-988.0	
1946.0	6.804347826086956	1627.0	3.3369565217391304	-1.4891304347826086	2390.0	-80.0	0.1199400299850075	-0.22038980509745126	437.0	15390.625	-0.6551724137931034	-147.0	32.90755433384911	33960.0	153.62804878048783	-5039.0	7180582.0	219133.97216796875	-2769.0	229.14634146341464	-7516.0	84.42073170731707	2631.0	3854.945054945055	1416.0	-3.38755980861244	1.3779904306220094	2180.0	4778384.0	98.64745762168545	5.215311004784689	-576.0	
1994.0	6.75	1632.0	2.8152173913043477	-2.0869565217391304	2445.0	-84.0	0.12593703148425786	-0.2368815592203898	419.0	15400.390625	-0.6281859070464767	-158.0	32.90755433384911	33960.0	164.0548780487805	-5381.0	7180902.0	219143.73779296875	-2630.0	245.24390243902442	-8044.0	80.1829268292683	2636.0	3862.2710622710624	1672.0	-4.0	0.7177033492822966	2244.0	4778384.0	98.64745762168545	5.368421052631579	-300.0	
2017.0	6.6521739130434785	1641.0	2.5652173913043477	-2.543478260869565	2487.0	-90.0	0.13493253373313344	-0.2368815592203898	417.0	15410.15625	-0.6251874062968515	-158.0	32.90755433384911	33960.0	174.39024390243904	-5720.0	7181222.0	219153.50341796875	-2549.0	258.7804878048781	-8488.0	77.71341463414635	2647.0	3878.388278388278	1980.0	-4.7368421052631575	0.2966507177033493	2180.0	4778592.0	98.6453415128221	5.215311004784689	-124.0	
2051.0	6.565217391304348	1649.0	2.1956521739130435	-2.0869565217391304	2445.0	-86.0	0.12893553223388304	-0.24437781109445278	399.0	15419.921875	-0.5982008995502248	-163.0	32.90755433384911	33960.0	184.75609756097563	-6060.0	7181542.0	219163.26904296875	-2282.0	271.3414634146342	-8900.0	69.57317073170732	2655.0	3890.10989010989	1892.0	-4.526315789473684	-0.07655502392344497	2144.0	4778592.0	98.6453415128221	5.1291866028708135	32.0	
2070.0	6.565217391304348	1649.0	1.9891304347826086	-2.0543478260869565	2442.0	-82.0	0.12293853073463268	-0.25037481259370314	392.0	15429.6875	-0.5877061469265367	-167.0	32.90755433384911	33960.0	193.65853658536588	-6352.0	7181862.0	219173.03466796875	-2113.0	278.1707317073171	-9124.0	64.42073170731707	2641.0	3869.5970695970695	1788.0	-4.277511961722488	-0.36363636363636365	2152.0	4778592.0	98.6453415128221	5.148325358851674	152.0	
2086.0	6.923913043478261	1616.0	1.8152173913043477	-2.5760869565217392	2490.0	-87.0	0.13043478260869565	-0.25337331334332835	381.0	15439.453125	-0.5712143928035982	-169.0	32.90755433384911	33960.0	202.37804878048783	-6638.0	7182182.0	219182.80029296875	-2228.0	275.0914634146342	-9023.0	67.92682926829269	2640.0	3868.131868131868	2028.0	-4.851674641148326	-0.5263157894736842	2276.0	4778592.0	98.6453415128221	5.444976076555024	220.0	
2111.0	7.565217391304348	1557.0	1.5434782608695652	-3.0	2529.0	-86.0	0.12893553223388304	-0.2578710644677661	365.0	15449.21875	-0.5472263868065966	-172.0	32.90755433384911	33960.0	211.31097560975613	-6931.0	7182502.0	219192.56591796875	-2304.0	268.109756097561	-8794.0	70.2439024390244	2631.0	3854.945054945055	2252.0	-5.38755980861244	-0.8325358851674641	2584.0	4778592.0	98.6453415128221	6.181818181818182	348.0	
2156.0	8.25	1494.0	1.0543478260869565	-3.184782608695652	2546.0	-86.0	0.12893553223388304	-0.2653673163418291	350.0	15458.984375	-0.5247376311844077	-177.0	32.90755433384911	33960.0	221.5548780487805	-7267.0	7182822.0	219202.33154296875	-2054.0	261.4634146341464	-8576.0	62.6219512195122	2638.0	3865.2014652014655	2288.0	-5.473684210526316	-1.3971291866028708	2884.0	4778432.0	98.64696928873384	6.899521531100478	584.0	
2202.0	8.891304347826086	1435.0	0.5543478260869565	-3.619565217391304	2586.0	-82.0	0.12293853073463268	-0.2593703148425787	328.0	15468.75	-0.4917541229385307	-173.0	32.90755433384911	33960.0	231.6768292682927	-7599.0	7183142.0	219212.09716796875	-1945.0	251.64634146341464	-8254.0	59.29878048780488	2626.0	3847.6190476190477	2516.0	-6.019138755980861	-2.0382775119617222	3144.0	4778432.0	98.64696928873384	7.521531100478469	852.0	
2262.0	9.51086956521739	1378.0	-0.09782608695652173	-4.195652173913043	2639.0	-78.0	0.1169415292353823	-0.26686656671664166	321.0	15478.515625	-0.48125937031484256	-178.0	32.90755433384911	33960.0	239.81707317073173	-7866.0	7183462.0	219221.86279296875	-1743.0	240.24390243902442	-7880.0	53.14024390243903	2624.0	3844.6886446886447	2760.0	-6.602870813397129	-2.77511961722488	3488.0	4778432.0	98.64696928873384	8.344497607655502	1160.0	
2323.0	10.0	1333.0	-0.7608695652173912	-3.8152173913043477	2604.0	-78.0	0.1169415292353823	-0.2638680659670165	300.0	15488.28125	-0.4497751124437781	-176.0	32.90755433384911	33960.0	241.37195121951223	-7917.0	7183782.0	219231.62841796875	-1259.0	237.56097560975613	-7792.0	38.38414634146342	2646.0	3876.923076923077	2592.0	-6.200956937799043	-3.69377990430622	3748.0	4778432.0	98.64696928873384	8.966507177033492	1544.0	
2402.0	9.91304347826087	1341.0	-1.6195652173913042	-2.891304347826087	2519.0	-75.0	0.11244377811094453	-0.26686656671664166	294.0	15498.046875	-0.4407796101949025	-178.0	32.90755433384911	33960.0	242.22560975609758	-7945.0	7184102.0	219241.39404296875	-1003.0	243.1707317073171	-7976.0	30.57926829268293	2651.0	3884.2490842490843	2204.0	-5.2727272727272725	-4.6028708133971294	3672.0	4778432.0	98.64696928873384	8.78468899521531	1924.0	
2447.0	9.467391304347826	1382.0	-2.108695652173913	-2.717391304347826	2503.0	-73.0	0.10944527736131934	-0.2698650674662669	268.0	15507.8125	-0.4017991004497751	-180.0	32.90755433384911	33960.0	247.25609756097563	-8110.0	7184422.0	219251.15966796875	-1364.0	241.40243902439028	-7918.0	41.58536585365854	2634.0	3859.3406593406594	2100.0	-5.023923444976076	-5.052631578947368	3444.0	4778656.0	98.6446904027131	8.239234449760765	2112.0	
2477.0	9.5	1379.0	-2.4347826086956523	-2.152173913043478	2451.0	-70.0	0.10494752623688156	-0.2638680659670165	249.0	15517.578125	-0.3733133433283358	-176.0	32.90755433384911	33960.0	250.57926829268294	-8219.0	7184742.0	219260.92529296875	-1642.0	234.14634146341464	-7680.0	50.0609756097561	2648.0	3879.8534798534797	1876.0	-4.488038277511961	-5.492822966507177	3508.0	4778656.0	98.6446904027131	8.392344497607656	2296.0	
2510.0	10.228260869565217	1312.0	-2.793478260869565	-2.2065217391304346	2456.0	-63.0	0.0944527736131934	-0.2623688155922039	239.0	15527.34375	-0.3583208395802099	-175.0	32.90755433384911	33960.0	251.21951219512198	-8240.0	7185062.0	219270.69091796875	-1908.0	218.99390243902442	-7183.0	58.17073170731708	2651.0	3884.2490842490843	1900.0	-4.545454545454545	-5.732057416267942	3668.0	4778656.0	98.6446904027131	8.77511961722488	2396.0	
2542.0	11.456521739130434	1199.0	-3.141304347826087	-2.9130434782608696	2521.0	-61.0	0.0914542728635682	-0.2518740629685157	219.0	15537.109375	-0.328335832083958	-168.0	32.90755433384911	33960.0	252.16463414634148	-8271.0	7185382.0	219280.45654296875	-2384.0	201.76829268292684	-6618.0	72.6829268292683	2647.0	3878.388278388278	2228.0	-5.330143540669856	-6.086124401913875	4224.0	4778656.0	98.6446904027131	10.105263157894736	2544.0	
2584.0	12.26086956521739	1125.0	-3.5978260869565215	-2.8369565217391304	2514.0	-44.0	0.06596701649175413	-0.2593703148425787	206.0	15546.875	-0.3088455772113943	-173.0	32.90755433384911	33960.0	261.76829268292687	-8586.0	7185702.0	219290.22216796875	-2653.0	191.76829268292684	-6290.0	80.88414634146342	2647.0	3878.388278388278	2240.0	-5.358851674641148	-6.679425837320574	4700.0	4778656.0	98.6446904027131	11.24401913875598	2792.0	
2638.0	11.739130434782608	1173.0	-4.184782608695652	-2.5869565217391304	2491.0	-40.0	0.05997001499250375	-0.24737631184407796	194.0	15556.640625	-0.2908545727136432	-165.0	32.90755433384911	33960.0	281.7378048780488	-9241.0	7186022.0	219299.98779296875	-2957.0	181.40243902439025	-5950.0	90.15243902439025	2661.0	3898.901098901099	2188.0	-5.23444976076555	-7.311004784688995	4564.0	4778704.0	98.64420207022724	10.91866028708134	3056.0	
2653.0	10.358695652173912	1300.0	-4.3478260869565215	-2.902173913043478	2520.0	-32.0	0.047976011994003	-0.22938530734632684	170.0	15566.40625	-0.25487256371814093	-153.0	32.90755433384911	33960.0	299.81707317073176	-9834.0	7186342.0	219309.75341796875	-3119.0	169.81707317073173	-5570.0	95.09146341463415	2646.0	3876.923076923077	2228.0	-5.330143540669856	-7.6746411483253585	3948.0	4778704.0	98.64420207022724	9.444976076555024	3208.0	
2703.0	8.815217391304348	1442.0	-4.891304347826087	-2.9456521739130435	2524.0	-24.0	0.035982008995502246	-0.22488755622188905	155.0	15576.171875	-0.23238380809595202	-150.0	32.90755433384911	33960.0	313.14024390243907	-10271.0	7186662.0	219319.51904296875	-2808.0	154.96951219512198	-5083.0	85.60975609756099	2654.0	3888.644688644689	2348.0	-5.617224880382775	-8.105263157894736	3228.0	4778704.0	98.64420207022724	7.722488038277512	3388.0	
2770.0	7.58695652173913	1555.0	-5.619565217391304	-3.0978260869565215	2538.0	-16.0	0.0239880059970015	-0.2098950524737631	137.0	15585.9375	-0.20539730134932532	-140.0	32.90755433384911	33960.0	321.1585365853659	-10534.0	7186982.0	219329.28466796875	-2187.0	143.01829268292684	-4691.0	66.67682926829269	2652.0	3885.714285714286	2308.0	-5.521531100478469	-8.91866028708134	2620.0	4778704.0	98.64420207022724	6.267942583732057	3728.0	
2834.0	6.75	1632.0	-6.315217391304348	-3.4239130434782608	2568.0	-8.0	0.01199400299850075	-0.19940029985007496	130.0	15595.703125	-0.19490254872563717	-133.0	32.90755433384911	33960.0	325.1219512195122	-10664.0	7187302.0	219339.05029296875	-1507.0	135.64024390243904	-4449.0	45.94512195121952	2638.0	3865.2014652014655	2392.0	-5.722488038277512	-9.82775119617225	2224.0	4778704.0	98.64420207022724	5.320574162679426	4108.0	
2897.0	6.228260869565217	1680.0	-7.0	-3.25	2552.0	-5.0	0.0074962518740629685	-0.18590704647676162	117.0	15605.46875	-0.17541229385307347	-124.0	32.90755433384911	33960.0	325.3048780487805	-10670.0	7187622.0	219348.81591796875	-1004.0	130.1829268292683	-4270.0	30.60975609756098	2629.0	3852.0146520146523	2400.0	-5.741626794258373	-10.545454545454545	1984.0	4778816.0	98.64306262807987	4.746411483253588	4408.0	
3042.0	6.195652173913043	1683.0	-8.576086956521738	-3.184782608695652	2546.0	2.0	-0.0029985007496251873	-0.1679160419790105	95.0	15615.234375	-0.1424287856071964	-112.0	32.90755433384911	33960.0	327.8048780487805	-10752.0	7187942.0	219358.58154296875	-107.0	115.57926829268294	-3791.0	3.26219512195122	2644.0	3873.992673992674	2332.0	-5.578947368421052	-12.31578947368421	1944.0	4778816.0	98.64306262807987	4.650717703349282	5148.0	
3270.0	6.554347826086956	1650.0	-11.054347826086957	-4.206521739130435	2640.0	12.0	-0.017991004497751123	-0.14992503748125938	76.0	15625.0	-0.11394302848575712	-100.0	32.90755433384911	33960.0	323.26219512195127	-10603.0	7188262.0	219368.34716796875	961.0	157.8658536585366	-5178.0	-29.29878048780488	2624.0	3844.6886446886447	2532.0	-6.057416267942584	-15.339712918660286	2092.0	4778816.0	98.64306262807987	5.0047846889952154	6412.0	
3517.0	7.076086956521739	1602.0	-13.739130434782608	-4.521739130434782	2669.0	16.0	-0.0239880059970015	-0.12893553223388304	65.0	15634.765625	-0.09745127436281859	-86.0	32.90755433384911	33960.0	328.3536585365854	-10770.0	7188582.0	219378.11279296875	731.0	197.50000000000003	-6478.0	-22.28658536585366	2624.0	3844.6886446886447	2824.0	-6.755980861244019	-18.296650717703347	2308.0	4778816.0	98.64306262807987	5.521531100478469	7648.0	
3645.0	8.065217391304348	1511.0	-15.130434782608695	-3.9130434782608696	2613.0	24.0	-0.035982008995502246	-0.11394302848575712	53.0	15644.53125	-0.07946026986506746	-76.0	32.90755433384911	33960.0	332.13414634146346	-10894.0	7188902.0	219387.87841796875	380.0	207.77439024390245	-6815.0	-11.585365853658537	2644.0	3873.992673992674	2664.0	-6.373205741626794	-19.933014354066984	2820.0	4778816.0	98.64306262807987	6.746411483253588	8332.0	
3641.0	9.41304347826087	1387.0	-15.08695652173913	-3.8260869565217392	2605.0	31.0	-0.046476761619190406	-0.0914542728635682	47.0	15654.296875	-0.0704647676161919	-61.0	32.90755433384911	33960.0	333.0487804878049	-10924.0	7189222.0	219397.64404296875	27.0	211.52439024390245	-6938.0	-0.8231707317073171	2652.0	3885.714285714286	2692.0	-6.440191387559809	-19.617224880382775	3476.0	4778624.0	98.64501595774934	8.31578947368421	8200.0	
3535.0	10.5	1287.0	-13.934782608695652	-3.5978260869565215	2584.0	36.0	-0.05397301349325337	-0.07346326836581708	35.0	15664.0625	-0.05247376311844078	-49.0	32.90755433384911	33960.0	336.06707317073176	-11023.0	7189542.0	219407.40966796875	-750.0	209.4207317073171	-6869.0	22.865853658536587	2636.0	3862.2710622710624	2528.0	-6.047846889952153	-18.239234449760765	3972.0	4778624.0	98.64501595774934	9.502392344497608	7624.0	
3453.0	11.141304347826086	1228.0	-13.043478260869565	-2.9782608695652173	2527.0	49.0	-0.07346326836581708	-0.05397301349325337	16.0	15673.828125	-0.0239880059970015	-36.0	32.90755433384911	33960.0	342.2865853658537	-11227.0	7189862.0	219417.17529296875	-1525.0	195.33536585365854	-6407.0	46.493902439024396	2648.0	3879.8534798534797	2136.0	-5.110047846889952	-17.741626794258373	4132.0	4778624.0	98.64501595774934	9.885167464114833	7416.0	
3421.0	11.130434782608695	1229.0	-12.695652173913043	-2.760869565217391	2507.0	63.0	-0.0944527736131934	-0.017991004497751123	18.0	15683.59375	-0.026986506746626684	-12.0	32.90755433384911	33960.0	344.87804878048786	-11312.0	7190182.0	219426.94091796875	-2247.0	180.7926829268293	-5930.0	68.50609756097562	2630.0	3853.479853479854	2208.0	-5.282296650717703	-17.11004784688995	4232.0	4778624.0	98.64501595774934	10.124401913875598	7152.0	
3354.0	10.66304347826087	1272.0	-11.967391304347826	-2.5543478260869565	2488.0	73.0	-0.10944527736131934	0.005997001499250375	5.0	15693.359375	-0.0074962518740629685	4.0	32.90755433384911	33960.0	345.9146341463415	-11346.0	7190502.0	219436.70654296875	-2999.0	172.46951219512198	-5657.0	91.4329268292683	2643.0	3872.5274725274726	2168.0	-5.186602870813397	-16.61244019138756	4076.0	4778624.0	98.64501595774934	9.751196172248804	6944.0	
3309.0	9.934782608695652	1339.0	-11.478260869565217	-1.826086956521739	2421.0	79.0	-0.1184407796101949	0.034482758620689655	-2.0	15703.125	0.0029985007496251873	23.0	32.90755433384911	33960.0	332.5304878048781	-10907.0	7190822.0	219446.47216796875	-3368.0	158.2317073170732	-5190.0	102.6829268292683	2635.0	3860.805860805861	1864.0	-4.45933014354067	-15.923444976076555	3772.0	4778624.0	98.64501595774934	9.023923444976075	6656.0	
3235.0	9.0	1425.0	-10.67391304347826	-0.9021739130434783	2336.0	96.0	-0.14392803598200898	0.05997001499250375	-8.0	15712.890625	0.01199400299850075	40.0	32.90755433384911	33960.0	307.9878048780488	-10102.0	7191142.0	219456.23779296875	-3707.0	139.63414634146343	-4580.0	113.01829268292684	2636.0	3862.2710622710624	1456.0	-3.4832535885167464	-15.043062200956937	3440.0	4778624.0	98.64501595774934	8.229665071770334	6288.0	
3164.0	8.152173913043478	1503.0	-9.902173913043478	0.05434782608695652	2248.0	97.0	-0.1454272863568216	0.08845577211394302	-14.0	15722.65625	0.020989505247376312	59.0	32.90755433384911	33960.0	279.1768292682927	-9157.0	7191462.0	219466.00341796875	-4077.0	119.90853658536587	-3933.0	124.29878048780489	2622.0	3841.758241758242	1072.0	-2.5645933014354068	-14.114832535885167	3036.0	4778624.0	98.64501595774934	7.263157894736842	5900.0	
3097.0	7.423913043478261	1570.0	-9.17391304347826	1.2282608695652173	2140.0	106.0	-0.15892053973013492	0.11394302848575712	-8.0	15732.421875	0.01199400299850075	76.0	32.90755433384911	33960.0	248.35365853658539	-8146.0	7191782.0	219475.76904296875	-4376.0	94.75609756097562	-3108.0	133.41463414634148	2624.0	3844.6886446886447	520.0	-1.244019138755981	-13.157894736842104	2696.0	4778624.0	98.64501595774934	6.449760765550239	5500.0	
3056.0	6.6521739130434785	1641.0	-8.728260869565217	2.0543478260869565	2064.0	117.0	-0.17541229385307347	0.13493253373313344	-17.0	15742.1875	0.025487256371814093	90.0	32.90755433384911	33960.0	219.4207317073171	-7197.0	7192102.0	219485.53466796875	-4328.0	64.81707317073172	-2126.0	131.95121951219514	2641.0	3869.5970695970695	132.0	-0.3157894736842105	-12.602870813397129	2344.0	4778624.0	98.64501595774934	5.607655502392344	5268.0	
3030.0	5.782608695652174	1721.0	-8.445652173913043	2.4891304347826084	2024.0	122.0	-0.1829085457271364	0.15892053973013492	-18.0	15751.953125	0.026986506746626684	106.0	32.90755433384911	33960.0	191.31097560975613	-6275.0	7192422.0	219495.30029296875	-4201.0	36.707317073170735	-1204.0	128.07926829268294	2640.0	3868.131868131868	-88.0	0.21052631578947367	-12.229665071770334	1960.0	4778576.0	98.64550429037217	4.688995215311005	5112.0	
3027.0	4.83695652173913	1808.0	-8.41304347826087	2.619565217391304	2012.0	119.0	-0.17841079460269865	0.17391304347826086	-17.0	15761.71875	0.025487256371814093	116.0	32.90755433384911	33960.0	159.78658536585368	-5241.0	7192742.0	219505.06591796875	-3880.0	10.76219512195122	-353.0	118.29268292682927	2633.0	3857.875457875458	-180.0	0.43062200956937796	-12.114832535885167	1528.0	4778576.0	98.64550429037217	3.6555023923444976	5064.0	
3042.0	4.141304347826087	1872.0	-8.576086956521738	2.510869565217391	2022.0	124.0	-0.18590704647676162	0.1934032983508246	-19.0	15771.484375	0.02848575712143928	129.0	32.90755433384911	33960.0	128.47560975609758	-4214.0	7193062.0	219514.83154296875	-3146.0	-9.05487804878049	297.0	95.91463414634147	2638.0	3865.2014652014655	-180.0	0.43062200956937796	-12.277511961722487	1140.0	4778576.0	98.64550429037217	2.727272727272727	5132.0	
3077.0	3.8260869565217392	1901.0	-8.956521739130434	2.217391304347826	2049.0	119.0	-0.17841079460269865	0.19790104947526235	-16.0	15781.25	0.0239880059970015	132.0	32.90755433384911	33960.0	99.69512195121952	-3270.0	7193382.0	219524.59716796875	-2134.0	-21.03658536585366	690.0	65.0609756097561	2637.0	3863.736263736264	-84.0	0.20095693779904306	-12.679425837320574	944.0	4778576.0	98.64550429037217	2.2583732057416266	5300.0	
3089.0	3.5652173913043477	1925.0	-9.08695652173913	1.7934782608695652	2088.0	115.0	-0.17241379310344826	0.21889055472263869	-22.0	15791.015625	0.03298350824587706	146.0	32.90755433384911	33960.0	80.57926829268294	-2643.0	7193702.0	219534.36279296875	-961.0	-24.02439024390244	788.0	29.29878048780488	2626.0	3847.6190476190477	100.0	-0.23923444976076555	-12.765550239234448	812.0	4778576.0	98.64550429037217	1.9425837320574162	5336.0	
3092.0	3.608695652173913	1921.0	-9.119565217391305	1.7065217391304348	2096.0	122.0	-0.1829085457271364	0.22188905547226387	-26.0	15800.78125	0.038980509745127435	148.0	32.90755433384911	33960.0	62.6829268292683	-2056.0	7194022.0	219544.12841796875	614.0	-29.115853658536587	955.0	-18.719512195121954	2640.0	3868.131868131868	168.0	-0.4019138755980861	-13.004784688995215	908.0	4778864.0	98.64257429586797	2.172248803827751	5436.0	
3047.0	3.9239130434782608	1892.0	-8.630434782608695	1.5652173913043477	2109.0	122.0	-0.1829085457271364	0.22338830584707645	-27.0	15810.546875	0.04047976011994003	149.0	32.90755433384911	33960.0	37.5	-1230.0	7194342.0	219553.89404296875	2191.0	-26.89024390243903	882.0	-66.79878048780489	2651.0	3884.2490842490843	260.0	-0.6220095693779905	-12.30622009569378	1028.0	4778864.0	98.64257429586797	2.4593301435406696	5144.0	
3055.0	3.869565217391304	1897.0	-8.717391304347826	1.0217391304347825	2159.0	120.0	-0.17991004497751123	0.22488755622188905	-28.0	15820.3125	0.041979010494752625	150.0	32.90755433384911	33960.0	29.84756097560976	-979.0	7194662.0	219563.65966796875	3288.0	-24.420731707317074	801.0	-100.2439024390244	2636.0	3862.2710622710624	456.0	-1.0909090909090908	-12.459330143540669	980.0	4778864.0	98.64257429586797	2.3444976076555024	5208.0	
3054.0	3.9782608695652173	1887.0	-8.706521739130434	0.9021739130434783	2170.0	110.0	-0.1649175412293853	0.22038980509745126	-23.0	15830.078125	0.034482758620689655	147.0	32.90755433384911	33960.0	17.5609756097561	-576.0	7194982.0	219573.42529296875	4406.0	-12.682926829268293	416.0	-134.32926829268294	2657.0	3893.040293040293	504.0	-1.2057416267942582	-12.535885167464114	1016.0	4778864.0	98.64257429586797	2.430622009569378	5240.0	
3015.0	4.369565217391305	1851.0	-8.282608695652174	0.7282608695652174	2186.0	109.0	-0.1634182908545727	0.21139430284857572	-30.0	15839.84375	0.04497751124437781	141.0	32.90755433384911	33960.0	7.286585365853659	-239.0	7195302.0	219583.19091796875	5233.0	-0.7926829268292683	26.0	-159.5426829268293	2625.0	3846.153846153846	540.0	-1.2918660287081338	-12.16267942583732	1136.0	4778864.0	98.64257429586797	2.7177033492822966	5084.0	
2937.0	5.010869565217392	1792.0	-7.434782608695652	0.717391304347826	2187.0	111.0	-0.1664167916041979	0.21889055472263869	-30.0	15849.609375	0.04497751124437781	146.0	32.90755433384911	33960.0	-0.1829268292682927	6.0	7195622.0	219592.95654296875	5880.0	13.201219512195124	-433.0	-179.26829268292684	2642.0	3871.062271062271	580.0	-1.38755980861244	-11.167464114832535	1424.0	4778816.0	98.64306262807987	3.4066985645933014	4668.0	
2865.0	5.423913043478261	1754.0	-6.6521739130434785	0.7826086956521738	2181.0	111.0	-0.1664167916041979	0.19940029985007496	-23.0	15859.375	0.034482758620689655	133.0	32.90755433384911	33960.0	-5.823170731707318	191.0	7195942.0	219602.72216796875	6392.0	24.542682926829272	-805.0	-194.87804878048783	2635.0	3860.805860805861	496.0	-1.186602870813397	-10.17224880382775	1600.0	4778816.0	98.64306262807987	3.827751196172249	4252.0	
2803.0	5.478260869565217	1749.0	-5.978260869565217	0.858695652173913	2174.0	118.0	-0.17691154422788605	0.19490254872563717	-26.0	15869.140625	0.038980509745127435	130.0	32.90755433384911	33960.0	-9.908536585365855	325.0	7196262.0	219612.48779296875	6740.0	34.87804878048781	-1144.0	-205.4878048780488	2626.0	3847.6190476190477	496.0	-1.186602870813397	-9.435406698564593	1696.0	4778816.0	98.64306262807987	4.057416267942584	3944.0	
2749.0	5.630434782608695	1735.0	-5.391304347826087	0.9456521739130435	2166.0	118.0	-0.17691154422788605	0.19490254872563717	-26.0	15878.90625	0.038980509745127435	130.0	32.90755433384911	33960.0	-14.756097560975611	484.0	7196582.0	219622.25341796875	6914.0	45.396341463414636	-1489.0	-210.7926829268293	2643.0	3872.5274725274726	460.0	-1.1004784688995215	-8.77511961722488	1728.0	4778816.0	98.64306262807987	4.133971291866029	3668.0	
2702.0	5.728260869565217	1726.0	-4.880434782608695	1.3369565217391304	2130.0	116.0	-0.17391304347826086	0.17391304347826086	-21.0	15888.671875	0.031484257871064465	116.0	32.90755433384911	33960.0	-19.32926829268293	634.0	7196902.0	219632.01904296875	6929.0	54.115853658536594	-1775.0	-211.25000000000003	2655.0	3890.10989010989	392.0	-0.937799043062201	-8.066985645933014	1796.0	4778816.0	98.64306262807987	4.296650717703349	3372.0	
2633.0	6.0	1701.0	-4.130434782608695	1.4239130434782608	2122.0	116.0	-0.17391304347826086	0.17391304347826086	-21.0	15898.4375	0.031484257871064465	116.0	32.90755433384911	33960.0	-17.103658536585368	561.0	7197222.0	219641.78466796875	6742.0	62.28658536585366	-2043.0	-205.5487804878049	2637.0	3863.736263736264	284.0	-0.6794258373205742	-7.2727272727272725	1916.0	4778656.0	98.6446904027131	4.583732057416268	3040.0	
2617.0	6.326086956521739	1671.0	-3.9565217391304346	1.9021739130434783	2078.0	120.0	-0.17991004497751123	0.16041979010494753	-17.0	15908.203125	0.025487256371814093	107.0	32.90755433384911	33960.0	-16.951219512195124	556.0	7197542.0	219651.55029296875	6527.0	59.93902439024391	-1966.0	-198.9939024390244	2644.0	3873.992673992674	132.0	-0.3157894736842105	-7.043062200956937	2060.0	4778656.0	98.6446904027131	4.92822966507177	2944.0	
2605.0	6.467391304347826	1658.0	-3.8260869565217392	1.9130434782608696	2077.0	116.0	-0.17391304347826086	0.15442278860569714	-17.0	15917.96875	0.025487256371814093	103.0	32.90755433384911	33960.0	-23.475609756097562	770.0	7197862.0	219661.31591796875	6252.0	61.95121951219513	-2032.0	-190.609756097561	2635.0	3860.805860805861	56.0	-0.1339712918660287	-6.794258373205741	2132.0	4778656.0	98.6446904027131	5.100478468899522	2840.0	
2596.0	6.467391304347826	1658.0	-3.7282608695652173	1.7934782608695652	2088.0	121.0	-0.18140929535232383	0.14842578710644677	-21.0	15927.734375	0.031484257871064465	99.0	32.90755433384911	33960.0	-22.621951219512198	742.0	7198182.0	219671.08154296875	5861.0	64.26829268292684	-2108.0	-178.68902439024393	2635.0	3860.805860805861	132.0	-0.3157894736842105	-6.660287081339713	2100.0	4778656.0	98.6446904027131	5.023923444976076	2784.0	
2576.0	6.413043478260869	1663.0	-3.510869565217391	1.9021739130434783	2078.0	121.0	-0.18140929535232383	0.136431784107946	-12.0	15937.5	0.017991004497751123	91.0	32.90755433384911	33960.0	-20.701219512195124	679.0	7198502.0	219680.84716796875	5637.0	65.39634146341464	-2145.0	-171.859756097561	2631.0	3854.945054945055	36.0	-0.08612440191387559	-6.401913875598086	2036.0	4778656.0	98.6446904027131	4.8708133971291865	2676.0	
2554.0	6.195652173913043	1683.0	-3.2717391304347827	2.0978260869565215	2060.0	122.0	-0.1829085457271364	0.13193403298350825	-17.0	15947.265625	0.025487256371814093	88.0	32.90755433384911	33960.0	-20.365853658536587	668.0	7198822.0	219690.61279296875	5555.0	62.01219512195122	-2034.0	-169.359756097561	2632.0	3856.4102564102564	-40.0	0.09569377990430622	-6.114832535885167	1992.0	4778752.0	98.64371373782356	4.765550239234449	2556.0	
2534.0	6.228260869565217	1680.0	-3.0543478260869565	2.282608695652174	2043.0	121.0	-0.18140929535232383	0.12143928035982009	-9.0	15957.03125	0.013493253373313342	81.0	32.90755433384911	33960.0	-19.847560975609756	651.0	7199142.0	219700.37841796875	5511.0	56.18902439024391	-1843.0	-168.01829268292684	2639.0	3866.6666666666665	-80.0	0.19138755980861244	-5.923444976076555	2024.0	4778752.0	98.64371373782356	4.842105263157895	2476.0	
2537.0	6.369565217391304	1667.0	-3.0869565217391304	2.2282608695652173	2048.0	124.0	-0.18590704647676162	0.11544227886056971	-9.0	15966.796875	0.013493253373313342	77.0	32.90755433384911	33960.0	-15.701219512195124	515.0	7199462.0	219710.14404296875	5514.0	50.76219512195122	-1665.0	-168.109756097561	2650.0	3882.7838827838827	-24.0	0.057416267942583726	-5.961722488038277	2064.0	4778752.0	98.64371373782356	4.937799043062201	2492.0	
2571.0	6.489130434782608	1656.0	-3.4565217391304346	1.891304347826087	2079.0	120.0	-0.17991004497751123	0.10494752623688156	-5.0	15976.5625	0.0074962518740629685	70.0	32.90755433384911	33960.0	-13.932926829268293	457.0	7199782.0	219719.90966796875	5580.0	45.670731707317074	-1498.0	-170.1219512195122	2635.0	3860.805860805861	72.0	-0.17224880382775118	-6.2105263157894735	2116.0	4778752.0	98.64371373782356	5.062200956937799	2596.0	
2606.0	6.413043478260869	1663.0	-3.8369565217391304	1.8152173913043477	2086.0	115.0	-0.17241379310344826	0.0914542728635682	-1.0	15986.328125	0.0014992503748125937	61.0	32.90755433384911	33960.0	-16.219512195121954	532.0	7200102.0	219729.67529296875	5705.0	45.54878048780488	-1494.0	-173.9329268292683	2652.0	3885.714285714286	144.0	-0.34449760765550236	-6.765550239234449	2144.0	4778752.0	98.64371373782356	5.1291866028708135	2828.0	
2637.0	6.33695652173913	1670.0	-4.173913043478261	1.684782608695652	2098.0	118.0	-0.17691154422788605	0.09295352323838081	-7.0	15996.09375	0.010494752623688156	62.0	32.90755433384911	33960.0	-17.347560975609756	569.0	7200422.0	219739.44091796875	5831.0	45.213414634146346	-1483.0	-177.77439024390245	2629.0	3852.0146520146523	192.0	-0.4593301435406698	-7.148325358851674	2072.0	4779056.0	98.64062096784232	4.956937799043062	2988.0	
2652.0	6.630434782608695	1643.0	-4.33695652173913	1.8043478260869565	2087.0	114.0	-0.17091454272863568	0.08545727136431784	-1.0	16005.859375	0.0014992503748125937	57.0	32.90755433384911	33960.0	-19.695121951219512	646.0	7200742.0	219749.20654296875	6067.0	40.79268292682927	-1338.0	-184.96951219512198	2638.0	3865.2014652014655	120.0	-0.28708133971291866	-7.38755980861244	2140.0	4779056.0	98.64062096784232	5.119617224880383	3088.0	
2666.0	7.195652173913043	1591.0	-4.489130434782608	1.608695652173913	2105.0	115.0	-0.17241379310344826	0.07496251874062969	-1.0	16015.625	0.0014992503748125937	50.0	32.90755433384911	33960.0	-23.323170731707318	765.0	7201062.0	219758.97216796875	6296.0	33.90243902439025	-1112.0	-191.95121951219514	2634.0	3859.3406593406594	164.0	-0.3923444976076555	-7.492822966507177	2364.0	4779056.0	98.64062096784232	5.655502392344498	3132.0	
2692.0	7.6521739130434785	1549.0	-4.771739130434782	1.4782608695652173	2117.0	114.0	-0.17091454272863568	0.05697151424287856	2.0	16025.390625	-0.0029985007496251873	38.0	32.90755433384911	33960.0	-27.103658536585368	889.0	7201382.0	219768.73779296875	6283.0	29.573170731707318	-970.0	-191.5548780487805	2630.0	3853.479853479854	272.0	-0.6507177033492823	-7.84688995215311	2648.0	4779056.0	98.64062096784232	6.3349282296650715	3280.0	
2718.0	8.065217391304348	1511.0	-5.054347826086956	1.358695652173913	2128.0	114.0	-0.17091454272863568	0.05847076461769115	5.0	16035.15625	-0.0074962518740629685	39.0	32.90755433384911	33960.0	-30.57926829268293	1003.0	7201702.0	219778.50341796875	6191.0	29.603658536585368	-971.0	-188.75000000000003	2637.0	3863.736263736264	328.0	-0.784688995215311	-8.229665071770334	2824.0	4779056.0	98.64062096784232	6.755980861244019	3440.0	
2729.0	8.16304347826087	1502.0	-5.173913043478261	1.4891304347826086	2116.0	110.0	-0.1649175412293853	0.047976011994003	3.0	16044.921875	-0.004497751124437781	32.0	32.90755433384911	33960.0	-34.93902439024391	1146.0	7202022.0	219788.26904296875	6040.0	25.670731707317074	-842.0	-184.14634146341464	2643.0	3872.5274725274726	300.0	-0.7177033492822966	-8.354066985645932	2876.0	4778976.0	98.64143485435986	6.880382775119617	3492.0	
2717.0	8.119565217391305	1506.0	-5.043478260869565	1.5434782608695652	2111.0	105.0	-0.15742128935532235	0.03298350824587706	10.0	16054.6875	-0.014992503748125937	22.0	32.90755433384911	33960.0	-40.670731707317074	1334.0	7202342.0	219798.03466796875	5817.0	18.53658536585366	-608.0	-177.34756097560978	2647.0	3878.388278388278	268.0	-0.6411483253588517	-8.258373205741627	2884.0	4778976.0	98.64143485435986	6.899521531100478	3452.0	
2728.0	8.23913043478261	1495.0	-5.163043478260869	1.4021739130434783	2124.0	99.0	-0.14842578710644677	0.022488755622188904	22.0	16064.453125	-0.03298350824587706	15.0	32.90755433384911	33960.0	-47.01219512195122	1542.0	7202662.0	219807.80029296875	5496.0	10.51829268292683	-345.0	-167.5609756097561	2629.0	3852.0146520146523	348.0	-0.8325358851674641	-8.17224880382775	2932.0	4778976.0	98.64143485435986	7.0143540669856455	3416.0	
2718.0	8.369565217391305	1483.0	-5.054347826086956	1.3043478260869565	2133.0	92.0	-0.13793103448275862	0.017991004497751123	4.0	16074.21875	-0.005997001499250375	12.0	32.90755433384911	33960.0	-54.90853658536586	1801.0	7202982.0	219817.56591796875	5073.0	4.908536585365854	-161.0	-154.66463414634148	2628.0	3850.5494505494507	352.0	-0.8421052631578947	-8.191387559808613	3016.0	4778976.0	98.64143485435986	7.215311004784689	3424.0	
2717.0	8.597826086956522	1462.0	-5.043478260869565	1.326086956521739	2131.0	92.0	-0.13793103448275862	0.01649175412293853	18.0	16083.984375	-0.026986506746626684	11.0	32.90755433384911	33960.0	-62.53048780487806	2051.0	7203302.0	219827.33154296875	4688.0	-1.981707317073171	65.0	-142.9268292682927	2636.0	3862.2710622710624	340.0	-0.8133971291866028	-8.229665071770334	3096.0	4778976.0	98.64143485435986	7.4066985645933014	3440.0	
2718.0	8.782608695652174	1445.0	-5.054347826086956	1.4130434782608696	2123.0	91.0	-0.136431784107946	-0.0074962518740629685	16.0	16093.75	-0.0239880059970015	-5.0	32.90755433384911	33960.0	-68.29268292682927	2240.0	7203622.0	219837.09716796875	4322.0	-9.542682926829269	313.0	-131.76829268292684	2657.0	3893.040293040293	344.0	-0.8229665071770335	-8.267942583732058	3180.0	4778992.0	98.6412720770381	7.607655502392344	3456.0	
2730.0	8.880434782608695	1436.0	-5.184782608695652	1.3369565217391304	2130.0	91.0	-0.136431784107946	-0.0074962518740629685	24.0	16103.515625	-0.035982008995502246	-5.0	32.90755433384911	33960.0	-75.1829268292683	2466.0	7203942.0	219846.86279296875	4078.0	-16.951219512195124	556.0	-124.32926829268294	2623.0	3843.223443223443	324.0	-0.7751196172248803	-8.31578947368421	3248.0	4778992.0	98.6412720770381	7.770334928229665	3476.0	
2722.0	8.891304347826086	1435.0	-5.0978260869565215	1.641304347826087	2102.0	73.0	-0.10944527736131934	-0.019490254872563718	11.0	16113.28125	-0.01649175412293853	-13.0	32.90755433384911	33960.0	-80.97560975609757	2656.0	7204262.0	219856.62841796875	3930.0	-26.646341463414636	874.0	-119.81707317073172	2641.0	3869.5970695970695	280.0	-0.6698564593301435	-8.354066985645932	3260.0	4778992.0	98.6412720770381	7.7990430622009566	3492.0	
2727.0	8.956521739130434	1429.0	-5.1521739130434785	1.7065217391304348	2096.0	76.0	-0.11394302848575712	-0.029985007496251874	20.0	16123.046875	-0.029985007496251874	-20.0	32.90755433384911	33960.0	-87.22560975609757	2861.0	7204582.0	219866.39404296875	3783.0	-38.47560975609756	1262.0	-115.33536585365854	2651.0	3884.2490842490843	236.0	-0.5645933014354066	-8.354066985645932	3280.0	4778992.0	98.6412720770381	7.84688995215311	3492.0	
2725.0	8.967391304347826	1428.0	-5.130434782608695	1.7065217391304348	2096.0	77.0	-0.11544227886056971	-0.037481259370314844	26.0	16132.8125	-0.038980509745127435	-25.0	32.90755433384911	33960.0	-95.15243902439025	3121.0	7204902.0	219876.15966796875	3584.0	-52.25609756097561	1714.0	-109.26829268292684	2627.0	3849.084249084249	216.0	-0.5167464114832536	-8.382775119617225	3272.0	4778992.0	98.6412720770381	7.827751196172248	3504.0	
2729.0	9.16304347826087	1410.0	-5.173913043478261	1.6956521739130435	2097.0	58.0	-0.08695652173913043	-0.046476761619190406	30.0	16142.578125	-0.04497751124437781	-31.0	32.90755433384911	33960.0	-104.23780487804879	3419.0	7205222.0	219885.92529296875	3459.0	-66.92073170731707	2195.0	-105.45731707317074	2653.0	3887.1794871794873	232.0	-0.5550239234449761	-8.411483253588516	3356.0	4779120.0	98.63996985879267	8.028708133971291	3516.0	
2750.0	9.445652173913043	1384.0	-5.4021739130434785	1.4782608695652173	2117.0	57.0	-0.08545727136431784	-0.05697151424287856	36.0	16152.34375	-0.05397301349325337	-38.0	32.90755433384911	33960.0	-112.98780487804879	3706.0	7205542.0	219895.69091796875	3204.0	-81.06707317073172	2659.0	-97.6829268292683	2632.0	3856.4102564102564	296.0	-0.708133971291866	-8.574162679425838	3476.0	4779120.0	98.63996985879267	8.31578947368421	3584.0	
2779.0	9.880434782608695	1344.0	-5.717391304347826	1.0978260869565217	2152.0	57.0	-0.08545727136431784	-0.06596701649175413	27.0	16162.109375	-0.04047976011994003	-44.0	32.90755433384911	33960.0	-122.31707317073172	4012.0	7205862.0	219905.45654296875	2872.0	-90.45731707317074	2967.0	-87.5609756097561	2643.0	3872.5274725274726	452.0	-1.0813397129186602	-8.947368421052632	3692.0	4779120.0	98.63996985879267	8.832535885167463	3740.0	
2807.0	10.217391304347826	1313.0	-6.021739130434782	0.8043478260869565	2179.0	43.0	-0.06446776611694152	-0.07646176911544228	32.0	16171.875	-0.047976011994003	-51.0	32.90755433384911	33960.0	-133.14024390243904	4367.0	7206182.0	219915.22216796875	2693.0	-97.8658536585366	3210.0	-82.10365853658537	2649.0	3881.3186813186812	576.0	-1.3779904306220094	-9.416267942583731	3848.0	4779120.0	98.63996985879267	9.205741626794259	3936.0	
2849.0	10.42391304347826	1294.0	-6.478260869565217	0.6521739130434783	2193.0	41.0	-0.06146926536731634	-0.08395802098950525	47.0	16181.640625	-0.0704647676161919	-56.0	32.90755433384911	33960.0	-141.82926829268294	4652.0	7206502.0	219924.98779296875	2463.0	-106.79878048780489	3503.0	-75.09146341463415	2638.0	3865.2014652014655	676.0	-1.6172248803827751	-9.875598086124402	3948.0	4779120.0	98.63996985879267	9.444976076555024	4128.0	
2882.0	10.630434782608695	1275.0	-6.83695652173913	0.7065217391304348	2188.0	33.0	-0.04947526236881559	-0.08995502248875561	44.0	16191.40625	-0.06596701649175413	-60.0	32.90755433384911	33960.0	-152.07317073170734	4988.0	7206822.0	219934.75341796875	2168.0	-116.6158536585366	3825.0	-66.09756097560977	2661.0	3898.901098901099	720.0	-1.7224880382775118	-10.277511961722487	4064.0	4778880.0	98.64241151848229	9.722488038277511	4296.0	
2903.0	10.902173913043478	1250.0	-7.065217391304348	0.34782608695652173	2221.0	17.0	-0.025487256371814093	-0.10044977511244378	49.0	16201.171875	-0.07346326836581708	-67.0	32.90755433384911	33960.0	-163.109756097561	5350.0	7207142.0	219944.51904296875	1940.0	-128.01829268292684	4199.0	-59.146341463414636	2654.0	3888.644688644689	840.0	-2.0095693779904304	-10.62200956937799	4164.0	4778880.0	98.64241151848229	9.961722488038276	4440.0	
2927.0	11.195652173913043	1223.0	-7.326086956521739	0.3804347826086956	2218.0	17.0	-0.025487256371814093	-0.11244377811094453	55.0	16210.9375	-0.08245877061469264	-75.0	32.90755433384911	33960.0	-172.01219512195124	5642.0	7207462.0	219954.28466796875	1801.0	-141.18902439024393	4631.0	-54.90853658536586	2651.0	3884.2490842490843	832.0	-1.9904306220095693	-10.976076555023923	4292.0	4778880.0	98.64241151848229	10.267942583732056	4588.0	
2956.0	11.532608695652174	1192.0	-7.641304347826087	0.14130434782608695	2240.0	11.0	-0.01649175412293853	-0.12293853073463268	65.0	16220.703125	-0.09745127436281859	-82.0	32.90755433384911	33960.0	-180.5487804878049	5922.0	7207782.0	219964.05029296875	1522.0	-155.4878048780488	5100.0	-46.40243902439025	2642.0	3871.062271062271	884.0	-2.114832535885167	-11.272727272727272	4444.0	4778880.0	98.64241151848229	10.631578947368421	4712.0	
2991.0	11.978260869565217	1151.0	-8.021739130434783	-0.14130434782608695	2266.0	0.0	0.0	-0.1394302848575712	63.0	16230.46875	-0.0944527736131934	-93.0	32.90755433384911	33960.0	-190.39634146341464	6245.0	7208102.0	219973.81591796875	1258.0	-166.5548780487805	5463.0	-38.35365853658537	2631.0	3854.945054945055	1056.0	-2.526315789473684	-11.751196172248804	4668.0	4778880.0	98.64241151848229	11.167464114832535	4912.0	
3022.0	12.445652173913043	1108.0	-8.358695652173912	-0.34782608695652173	2285.0	-10.0	0.014992503748125937	-0.15592203898050974	83.0	16240.234375	-0.12443778110944527	-104.0	32.90755433384911	33960.0	-197.16463414634148	6467.0	7208422.0	219983.58154296875	1119.0	-179.90853658536588	5901.0	-34.11585365853659	2639.0	3866.6666666666665	1124.0	-2.688995215311005	-12.181818181818182	4868.0	4778976.0	98.64143485435986	11.645933014354066	5092.0	
3049.0	12.739130434782608	1081.0	-8.652173913043478	-0.6086956521739131	2309.0	-15.0	0.022488755622188904	-0.14992503748125938	95.0	16250.0	-0.1424287856071964	-100.0	32.90755433384911	33960.0	-199.78658536585368	6553.0	7208742.0	219993.34716796875	870.0	-190.85365853658539	6260.0	-26.52439024390244	2656.0	3891.5750915750914	1276.0	-3.052631578947368	-12.535885167464114	4956.0	4778976.0	98.64143485435986	11.85645933014354	5240.0	
3059.0	12.891304347826086	1067.0	-8.76086956521739	-0.9130434782608695	2337.0	-25.0	0.037481259370314844	-0.17391304347826086	96.0	16259.765625	-0.14392803598200898	-116.0	32.90755433384911	33960.0	-203.62804878048783	6679.0	7209062.0	220003.11279296875	519.0	-201.25000000000003	6601.0	-15.823170731707318	2650.0	3882.7838827838827	1428.0	-3.416267942583732	-12.679425837320574	5052.0	4778976.0	98.64143485435986	12.086124401913874	5300.0	
3070.0	13.021739130434781	1055.0	-8.880434782608695	-1.076086956521739	2352.0	-27.0	0.04047976011994003	-0.18440779610194902	101.0	16269.53125	-0.15142428785607195	-123.0	32.90755433384911	33960.0	-208.71951219512198	6846.0	7209382.0	220012.87841796875	233.0	-210.21341463414637	6895.0	-7.103658536585367	2651.0	3884.2490842490843	1496.0	-3.5789473684210527	-12.880382775119617	5128.0	4778976.0	98.64143485435986	12.267942583732056	5384.0	
3081.0	13.0	1057.0	-9.0	-1.2282608695652173	2366.0	-36.0	0.05397301349325337	-0.1829085457271364	115.0	16279.296875	-0.17241379310344826	-122.0	32.90755433384911	33960.0	-211.31097560975613	6931.0	7209702.0	220022.64404296875	-67.0	-220.45731707317074	7231.0	2.0426829268292686	2654.0	3888.644688644689	1536.0	-3.6746411483253585	-12.909090909090908	5112.0	4778976.0	98.64143485435986	12.229665071770334	5396.0	
3071.0	12.641304347826086	1090.0	-8.891304347826086	-1.7717391304347825	2416.0	-44.0	0.06596701649175413	-0.1934032983508246	125.0	16289.0625	-0.1874062968515742	-129.0	32.90755433384911	33960.0	-215.15243902439028	7057.0	7210022.0	220032.40966796875	-416.0	-226.70731707317074	7436.0	12.682926829268293	2640.0	3868.131868131868	1708.0	-4.086124401913875	-12.880382775119617	4980.0	4779024.0	98.64094652242194	11.913875598086124	5384.0	
3052.0	12.51086956521739	1102.0	-8.684782608695652	-2.3260869565217392	2467.0	-46.0	0.06896551724137931	-0.19790104947526235	140.0	16298.828125	-0.2098950524737631	-132.0	32.90755433384911	33960.0	-222.43902439024393	7296.0	7210342.0	220042.17529296875	-790.0	-229.72560975609758	7535.0	24.085365853658537	2625.0	3846.153846153846	1944.0	-4.650717703349282	-12.64114832535885	4888.0	4779024.0	98.64094652242194	11.69377990430622	5284.0	
3025.0	12.771739130434781	1078.0	-8.391304347826086	-2.652173913043478	2497.0	-52.0	0.07796101949025487	-0.21739130434782608	151.0	16308.59375	-0.22638680659670163	-145.0	32.90755433384911	33960.0	-228.38414634146343	7491.0	7210662.0	220051.94091796875	-1001.0	-231.21951219512198	7584.0	30.51829268292683	2648.0	3879.8534798534797	2112.0	-5.052631578947368	-12.344497607655502	4948.0	4779024.0	98.64094652242194	11.837320574162678	5160.0	
3004.0	12.989130434782608	1058.0	-8.16304347826087	-2.8369565217391304	2514.0	-51.0	0.07646176911544228	-0.22188905547226387	163.0	16318.359375	-0.24437781109445278	-148.0	32.90755433384911	33960.0	-229.5426829268293	7529.0	7210982.0	220061.70654296875	-1004.0	-230.85365853658539	7572.0	30.60975609756098	2647.0	3878.388278388278	2168.0	-5.186602870813397	-12.066985645933014	5048.0	4779024.0	98.64094652242194	12.076555023923445	5044.0	
2975.0	12.793478260869565	1076.0	-7.8478260869565215	-2.9891304347826084	2528.0	-59.0	0.08845577211394302	-0.22338830584707645	180.0	16328.125	-0.2698650674662669	-149.0	32.90755433384911	33960.0	-230.4878048780488	7560.0	7211302.0	220071.47216796875	-903.0	-233.01829268292684	7643.0	27.530487804878053	2636.0	3862.2710622710624	2220.0	-5.311004784688995	-11.69377990430622	4968.0	4779024.0	98.64094652242194	11.885167464114833	4888.0	
2948.0	12.445652173913043	1108.0	-7.554347826086956	-2.880434782608696	2518.0	-59.0	0.08845577211394302	-0.2353823088455772	182.0	16337.890625	-0.272863568215892	-157.0	32.90755433384911	33960.0	-231.55487804878052	7595.0	7211622.0	220081.23779296875	-715.0	-234.02439024390247	7676.0	21.79878048780488	2640.0	3868.131868131868	2232.0	-5.339712918660287	-11.339712918660286	4856.0	4778928.0	98.64192318637998	11.617224880382775	4740.0	
2914.0	12.228260869565217	1128.0	-7.184782608695652	-2.934782608695652	2523.0	-63.0	0.0944527736131934	-0.2353823088455772	206.0	16347.65625	-0.3088455772113943	-157.0	32.90755433384911	33960.0	-233.65853658536588	7664.0	7211942.0	220091.00341796875	-658.0	-238.26219512195124	7815.0	20.0609756097561	2659.0	3895.970695970696	2232.0	-5.339712918660287	-10.909090909090908	4716.0	4778928.0	98.64192318637998	11.282296650717702	4560.0	
2880.0	12.358695652173912	1116.0	-6.815217391304348	-3.282608695652174	2555.0	-67.0	0.10044977511244378	-0.24587706146926536	215.0	16357.421875	-0.32233883058470764	-164.0	32.90755433384911	33960.0	-235.88414634146343	7737.0	7212262.0	220100.76904296875	-657.0	-236.28048780487808	7750.0	20.03048780487805	2645.0	3875.4578754578756	2408.0	-5.760765550239234	-10.507177033492823	4776.0	4778928.0	98.64192318637998	11.425837320574162	4392.0	
2834.0	12.456521739130434	1107.0	-6.315217391304348	-3.0760869565217392	2536.0	-69.0	0.10344827586206896	-0.25487256371814093	243.0	16367.1875	-0.36431784107946025	-170.0	32.90755433384911	33960.0	-235.33536585365854	7719.0	7212582.0	220110.53466796875	-513.0	-238.68902439024393	7829.0	15.640243902439027	2652.0	3885.714285714286	2312.0	-5.5311004784688995	-9.933014354066986	4832.0	4778928.0	98.64192318637998	11.559808612440191	4152.0	
2788.0	12.304347826086957	1121.0	-5.815217391304348	-3.391304347826087	2565.0	-71.0	0.10644677661169415	-0.25487256371814093	244.0	16376.953125	-0.3658170914542728	-170.0	32.90755433384911	33960.0	-232.46951219512198	7625.0	7212902.0	220120.30029296875	-405.0	-241.70731707317074	7928.0	12.347560975609758	2648.0	3879.8534798534797	2452.0	-5.866028708133971	-9.320574162679426	4736.0	4778928.0	98.64192318637998	11.330143540669855	3896.0	
2758.0	12.021739130434783	1147.0	-5.489130434782608	-3.4239130434782608	2568.0	-75.0	0.11244377811094453	-0.2563718140929535	255.0	16386.71875	-0.3823088455772114	-171.0	32.90755433384911	33960.0	-233.32317073170734	7653.0	7213222.0	220130.06591796875	-341.0	-242.71341463414637	7961.0	10.396341463414634	2631.0	3854.945054945055	2444.0	-5.84688995215311	-8.91866028708134	4644.0	4778880.0	98.64241151848229	11.110047846889952	3728.0	
2726.0	11.76086956521739	1171.0	-5.141304347826087	-3.5760869565217392	2582.0	-65.0	0.09745127436281859	-0.25487256371814093	277.0	16396.484375	-0.41529235382308843	-170.0	32.90755433384911	33960.0	-232.16463414634148	7615.0	7213542.0	220139.83154296875	-406.0	-246.859756097561	8097.0	12.378048780487806	2636.0	3862.2710622710624	2516.0	-6.019138755980861	-8.47846889952153	4488.0	4778880.0	98.64241151848229	10.736842105263158	3544.0	
2695.0	11.42391304347826	1202.0	-4.804347826086956	-3.0543478260869565	2534.0	-64.0	0.095952023988006	-0.2623688155922039	292.0	16406.25	-0.43778110944527737	-175.0	32.90755433384911	33960.0	-231.18902439024393	7583.0	7213862.0	220149.59716796875	-451.0	-251.52439024390247	8250.0	13.750000000000002	2656.0	3891.5750915750914	2304.0	-5.511961722488038	-8.095693779904305	4316.0	4778880.0	98.64241151848229	10.325358851674642	3384.0	
2645.0	11.228260869565217	1220.0	-4.260869565217392	-3.402173913043478	2566.0	-70.0	0.10494752623688156	-0.2593703148425787	309.0	16416.015625	-0.46326836581709147	-173.0	32.90755433384911	33960.0	-231.09756097560978	7580.0	7214182.0	220159.36279296875	-484.0	-258.5670731707317	8481.0	14.756097560975611	2646.0	3876.923076923077	2480.0	-5.9330143540669855	-7.435406698564593	4248.0	4778880.0	98.64241151848229	10.16267942583732	3108.0	
2603.0	11.282608695652174	1215.0	-3.8043478260869565	-3.25	2552.0	-71.0	0.10644677661169415	-0.2623688155922039	309.0	16425.78125	-0.46326836581709147	-175.0	32.90755433384911	33960.0	-230.06097560975613	7546.0	7214502.0	220169.12841796875	-382.0	-259.9390243902439	8526.0	11.646341463414636	2643.0	3872.5274725274726	2344.0	-5.607655502392344	-7.177033492822966	4256.0	4778880.0	98.64241151848229	10.181818181818182	3000.0	
2554.0	11.054347826086957	1236.0	-3.2717391304347827	-3.2717391304347827	2554.0	-68.0	0.10194902548725637	-0.2638680659670165	334.0	16435.546875	-0.5007496251874063	-176.0	32.90755433384911	33960.0	-223.50609756097563	7331.0	7214822.0	220178.89404296875	-575.0	-262.2865853658537	8603.0	17.53048780487805	2651.0	3884.2490842490843	2356.0	-5.636363636363636	-6.555023923444976	4208.0	4778848.0	98.64273707326281	10.066985645933014	2740.0	
2505.0	10.978260869565217	1243.0	-2.7391304347826084	-3.608695652173913	2585.0	-60.0	0.08995502248875561	-0.2563718140929535	355.0	16445.3125	-0.5322338830584707	-171.0	32.90755433384911	33960.0	-220.7926829268293	7242.0	7215142.0	220188.65966796875	-762.0	-260.0304878048781	8529.0	23.231707317073173	2639.0	3866.6666666666665	2572.0	-6.15311004784689	-5.923444976076555	4156.0	4778848.0	98.64273707326281	9.942583732057416	2476.0	
2461.0	10.717391304347826	1267.0	-2.260869565217391	-3.119565217391304	2540.0	-57.0	0.08545727136431784	-0.2563718140929535	369.0	16455.078125	-0.553223388305847	-171.0	32.90755433384911	33960.0	-216.9817073170732	7117.0	7215462.0	220198.42529296875	-678.0	-258.6890243902439	8485.0	20.670731707317074	2652.0	3885.714285714286	2336.0	-5.588516746411483	-5.444976076555024	4092.0	4778848.0	98.64273707326281	9.789473684210526	2276.0	
2421.0	10.108695652173912	1323.0	-1.826086956521739	-2.7391304347826084	2505.0	-56.0	0.08395802098950525	-0.24137931034482757	375.0	16464.84375	-0.5622188905547226	-161.0	32.90755433384911	33960.0	-212.89634146341464	6983.0	7215782.0	220208.19091796875	-808.0	-258.1707317073171	8468.0	24.634146341463417	2621.0	3840.2930402930406	2208.0	-5.282296650717703	-4.851674641148326	3852.0	4778848.0	98.64273707326281	9.215311004784688	2028.0	
2382.0	9.5	1379.0	-1.4021739130434783	-2.108695652173913	2447.0	-49.0	0.07346326836581708	-0.25487256371814093	394.0	16474.609375	-0.5907046476761619	-170.0	32.90755433384911	33960.0	-212.50000000000003	6970.0	7216102.0	220217.95654296875	-729.0	-255.51829268292684	8381.0	22.225609756097562	2645.0	3875.4578754578756	1892.0	-4.526315789473684	-4.354066985645932	3524.0	4778848.0	98.64273707326281	8.430622009569378	1820.0	
2334.0	8.641304347826086	1458.0	-0.8804347826086957	-1.8695652173913042	2425.0	-50.0	0.07496251874062969	-0.24287856071964017	408.0	16484.375	-0.6116941529235382	-162.0	32.92743890560814	33964.0	-214.0548780487805	7021.0	7216422.0	220227.72216796875	-695.0	-250.82317073170734	8227.0	21.189024390243905	2630.0	3853.479853479854	1688.0	-4.038277511961723	-3.818181818181818	3192.0	4778848.0	98.64610300750638	7.636363636363636	1596.0	
2302.0	8.08695652173913	1509.0	-0.532608695652174	-2.25	2460.0	-44.0	0.06596701649175413	-0.22938530734632684	411.0	16494.140625	-0.616191904047976	-153.0	32.92743890560814	33964.0	-209.90853658536588	6885.0	7216742.0	220237.48779296875	-615.0	-240.06097560975613	7874.0	18.75	2636.0	3862.2710622710624	1884.0	-4.507177033492823	-3.291866028708134	2860.0	4778848.0	98.64610300750638	6.842105263157895	1376.0	
2270.0	7.717391304347826	1543.0	-0.18478260869565216	-2.119565217391304	2448.0	-35.0	0.05247376311844078	-0.22938530734632684	418.0	16503.90625	-0.6266866566716641	-153.0	32.92743890560814	33964.0	-202.83536585365854	6653.0	7217062.0	220247.25341796875	-100.0	-224.57317073170734	7366.0	3.0487804878048785	2652.0	3885.714285714286	1800.0	-4.30622009569378	-2.9186602870813396	2668.0	4778848.0	98.64610300750638	6.382775119617224	1220.0	
2240.0	7.554347826086956	1558.0	0.14130434782608695	-1.9782608695652173	2435.0	-28.0	0.041979010494752625	-0.22038980509745126	430.0	16513.671875	-0.6446776611694153	-147.0	32.92743890560814	33964.0	-198.1707317073171	6500.0	7217382.0	220257.01904296875	239.0	-213.90243902439028	7016.0	-7.286585365853659	2641.0	3869.5970695970695	1788.0	-4.277511961722488	-2.4401913875598087	2604.0	4778848.0	98.64610300750638	6.229665071770334	1020.0	
2198.0	7.434782608695652	1569.0	0.5978260869565217	-1.6739130434782608	2407.0	-26.0	0.038980509745127435	-0.2098950524737631	448.0	16523.4375	-0.671664167916042	-140.0	32.92743890560814	33964.0	-190.76219512195124	6257.0	7217702.0	220266.78466796875	521.0	-201.46341463414635	6608.0	-15.884146341463417	2653.0	3887.1794871794873	1652.0	-3.952153110047847	-1.9330143540669855	2528.0	4778848.0	98.64610300750638	6.047846889952153	808.0	
2161.0	7.043478260869565	1605.0	1.0	-1.1195652173913042	2356.0	-20.0	0.029985007496251874	-0.21139430284857572	457.0	16533.203125	-0.6851574212893553	-141.0	32.92743890560814	33964.0	-175.97560975609758	5772.0	7218022.0	220276.55029296875	656.0	-189.26829268292684	6208.0	-20.000000000000004	2643.0	3872.5274725274726	1340.0	-3.2057416267942584	-1.4066985645933014	2344.0	4777840.0	98.65635833396377	5.607655502392344	588.0	
2083.0	6.521739130434782	1653.0	1.8478260869565217	-0.7391304347826086	2321.0	-21.0	0.031484257871064465	-0.20389805097451275	461.0	16542.96875	-0.6911544227886057	-136.0	32.92743890560814	33964.0	-165.3658536585366	5424.0	7218342.0	220286.31591796875	510.0	-190.15243902439025	6237.0	-15.54878048780488	2648.0	3879.8534798534797	1252.0	-2.9952153110047846	-0.5263157894736842	2100.0	4777840.0	98.65635833396377	5.023923444976076	220.0	
2017.0	6.1521739130434785	1687.0	2.5652173913043477	-0.5108695652173912	2300.0	-12.0	0.017991004497751123	-0.1934032983508246	476.0	16552.734375	-0.7136431784107946	-129.0	32.92743890560814	33964.0	-156.9817073170732	5149.0	7218662.0	220296.08154296875	429.0	-190.1829268292683	6238.0	-13.079268292682928	2633.0	3857.875457875458	1080.0	-2.5837320574162677	0.4593301435406698	1956.0	4777840.0	98.65635833396377	4.679425837320574	-192.0	
1966.0	6.032608695652174	1698.0	3.119565217391304	-0.22826086956521738	2274.0	-6.0	0.008995502248875561	-0.1889055472263868	482.0	16562.5	-0.7226386806596702	-126.0	32.92743890560814	33964.0	-148.2926829268293	4864.0	7218982.0	220305.84716796875	486.0	-190.15243902439025	6237.0	-14.817073170731708	2657.0	3893.040293040293	1028.0	-2.4593301435406696	1.0717703349282297	1920.0	4777840.0	98.65635833396377	4.5933014354066986	-448.0	
1939.0	5.945652173913043	1706.0	3.4130434782608696	0.18478260869565216	2236.0	1.0	-0.0014992503748125937	-0.1889055472263868	491.0	16572.265625	-0.7361319340329835	-126.0	32.92743890560814	33964.0	-136.9817073170732	4493.0	7219302.0	220315.61279296875	382.0	-189.20731707317074	6206.0	-11.646341463414636	2649.0	3881.3186813186812	752.0	-1.7990430622009568	1.3971291866028708	1868.0	4777840.0	98.65635833396377	4.4688995215311005	-584.0	
1918.0	5.728260869565217	1726.0	3.641304347826087	0.717391304347826	2187.0	-2.0	0.0029985007496251873	-0.17241379310344826	493.0	16582.03125	-0.7391304347826086	-115.0	32.92743890560814	33964.0	-124.60365853658537	4087.0	7219622.0	220325.37841796875	151.0	-187.37804878048783	6146.0	-4.603658536585367	2643.0	3872.5274725274726	604.0	-1.444976076555024	1.492822966507177	1832.0	4778336.0	98.651312057685	4.382775119617225	-624.0	
1907.0	5.510869565217392	1746.0	3.760869565217391	0.32608695652173914	2223.0	10.0	-0.014992503748125937	-0.16041979010494753	497.0	16591.796875	-0.7451274362818591	-107.0	32.92743890560814	33964.0	-117.65243902439026	3859.0	7219942.0	220335.14404296875	23.0	-183.38414634146343	6015.0	-0.701219512195122	2654.0	3888.644688644689	720.0	-1.7224880382775118	1.6842105263157894	1720.0	4778336.0	98.651312057685	4.114832535885167	-704.0	
1886.0	5.206521739130435	1774.0	3.9891304347826084	0.3913043478260869	2217.0	12.0	-0.017991004497751123	-0.1634182908545727	499.0	16601.5625	-0.7481259370314842	-109.0	32.92743890560814	33964.0	-111.92073170731709	3671.0	7220262.0	220344.90966796875	-29.0	-167.71341463414635	5501.0	0.8841463414634148	2645.0	3875.4578754578756	740.0	-1.770334928229665	1.9808612440191387	1624.0	4778336.0	98.651312057685	3.8851674641148324	-828.0	
1866.0	4.956521739130435	1797.0	4.206521739130435	0.8804347826086957	2172.0	25.0	-0.037481259370314844	-0.15592203898050974	506.0	16611.328125	-0.7586206896551724	-104.0	32.92743890560814	33964.0	-103.68902439024392	3401.0	7220582.0	220354.67529296875	-87.0	-150.5487804878049	4938.0	2.6524390243902443	2646.0	3876.923076923077	492.0	-1.1770334928229664	2.1818181818181817	1472.0	4778336.0	98.651312057685	3.5215311004784686	-912.0	
1832.0	4.728260869565217	1818.0	4.576086956521739	1.2391304347826086	2139.0	23.0	-0.034482758620689655	-0.15142428785607195	510.0	16621.09375	-0.7646176911544228	-101.0	32.92743890560814	33964.0	-98.17073170731709	3220.0	7220902.0	220364.44091796875	-398.0	-137.01219512195124	4494.0	12.134146341463415	2649.0	3881.3186813186812	368.0	-0.8803827751196172	2.631578947368421	1352.0	4778336.0	98.651312057685	3.2344497607655502	-1100.0	
1790.0	4.8478260869565215	1807.0	5.032608695652174	1.3695652173913042	2127.0	35.0	-0.05247376311844078	-0.14392803598200898	508.0	16630.859375	-0.7616191904047975	-96.0	32.92743890560814	33964.0	-87.98780487804879	2886.0	7221222.0	220374.20654296875	-247.0	-123.96341463414635	4066.0	7.5304878048780495	2647.0	3878.388278388278	236.0	-0.5645933014354066	3.138755980861244	1348.0	4778512.0	98.64952144563125	3.2248803827751193	-1312.0	
1752.0	4.684782608695652	1822.0	5.445652173913043	1.7717391304347825	2090.0	37.0	-0.05547226386806597	-0.1454272863568216	514.0	16640.625	-0.7706146926536731	-97.0	32.92743890560814	33964.0	-78.29268292682927	2568.0	7221542.0	220383.97216796875	-42.0	-111.52439024390245	3658.0	1.2804878048780488	2649.0	3881.3186813186812	56.0	-0.1339712918660287	3.6459330143540667	1312.0	4778512.0	98.64952144563125	3.138755980861244	-1524.0	
1729.0	4.5978260869565215	1830.0	5.695652173913043	1.8043478260869565	2087.0	43.0	-0.06446776611694152	-0.13793103448275862	510.0	16650.390625	-0.7646176911544228	-92.0	32.92743890560814	33964.0	-68.01829268292684	2231.0	7221862.0	220393.73779296875	-69.0	-103.17073170731709	3384.0	2.103658536585366	2646.0	3876.923076923077	76.0	-0.18181818181818182	4.028708133971292	1256.0	4778512.0	98.64952144563125	3.004784688995215	-1684.0	
1692.0	4.445652173913043	1844.0	6.0978260869565215	1.608695652173913	2105.0	49.0	-0.07346326836581708	-0.136431784107946	519.0	16660.15625	-0.7781109445277361	-91.0	32.92743890560814	33964.0	-61.737804878048784	2025.0	7222182.0	220403.50341796875	-43.0	-93.26219512195122	3059.0	1.3109756097560976	2650.0	3882.7838827838827	132.0	-0.3157894736842105	4.45933014354067	1236.0	4778512.0	98.64952144563125	2.956937799043062	-1864.0	
1678.0	4.489130434782608	1840.0	6.25	1.684782608695652	2098.0	54.0	-0.08095952023988005	-0.13493253373313344	520.0	16669.921875	-0.7796101949025487	-90.0	32.92743890560814	33964.0	-59.72560975609757	1959.0	7222502.0	220413.26904296875	127.0	-80.42682926829269	2638.0	-3.8719512195121957	2645.0	3875.4578754578756	100.0	-0.23923444976076555	4.62200956937799	1240.0	4778512.0	98.64952144563125	2.9665071770334928	-1932.0	
1669.0	4.760869565217392	1815.0	6.3478260869565215	1.7608695652173914	2091.0	50.0	-0.07496251874062969	-0.13043478260869565	510.0	16679.6875	-0.7646176911544228	-87.0	32.92743890560814	33964.0	-51.40243902439025	1686.0	7222822.0	220423.03466796875	-38.0	-70.33536585365854	2307.0	1.1585365853658538	2638.0	3865.2014652014655	60.0	-0.14354066985645933	4.7368421052631575	1372.0	4778544.0	98.64919587992203	3.2822966507177034	-1980.0	
1662.0	4.869565217391305	1805.0	6.423913043478261	1.9021739130434783	2078.0	50.0	-0.07496251874062969	-0.13043478260869565	510.0	16689.453125	-0.7646176911544228	-87.0	32.92743890560814	33964.0	-48.170731707317074	1580.0	7223142.0	220432.80029296875	-9.0	-60.85365853658537	1996.0	0.27439024390243905	2643.0	3872.5274725274726	-12.0	0.028708133971291863	4.851674641148326	1444.0	4778544.0	98.64919587992203	3.4545454545454546	-2028.0	
1659.0	5.130434782608695	1781.0	6.456521739130435	1.6956521739130435	2097.0	57.0	-0.08545727136431784	-0.12593703148425786	522.0	16699.21875	-0.7826086956521738	-84.0	32.92743890560814	33964.0	-47.743902439024396	1566.0	7223462.0	220442.56591796875	38.0	-52.59146341463415	1725.0	-1.1585365853658538	2631.0	3854.945054945055	104.0	-0.24880382775119617	4.880382775119617	1572.0	4778544.0	98.64919587992203	3.7607655502392343	-2040.0	
1646.0	5.478260869565217	1749.0	6.5978260869565215	1.8804347826086956	2080.0	57.0	-0.08545727136431784	-0.12593703148425786	522.0	16708.984375	-0.7826086956521738	-84.0	32.92743890560814	33964.0	-43.59756097560976	1430.0	7223782.0	220452.33154296875	-31.0	-41.707317073170735	1368.0	0.9451219512195123	2636.0	3862.2710622710624	-12.0	0.028708133971291863	5.0047846889952154	1740.0	4778544.0	98.64919587992203	4.162679425837321	-2092.0	
1628.0	5.619565217391304	1736.0	6.793478260869565	1.9456521739130435	2074.0	57.0	-0.08545727136431784	-0.12743628185907047	519.0	16718.75	-0.7781109445277361	-85.0	32.92743890560814	33964.0	-44.176829268292686	1449.0	7224102.0	220462.09716796875	53.0	-30.57926829268293	1003.0	-1.6158536585365855	2642.0	3871.062271062271	-24.0	0.057416267942583726	5.253588516746412	1792.0	4778544.0	98.64919587992203	4.287081339712919	-2196.0	
1602.0	5.782608695652174	1721.0	7.076086956521739	1.9239130434782608	2076.0	62.0	-0.09295352323838081	-0.1199400299850075	528.0	16728.515625	-0.7916041979010494	-80.0	32.92743890560814	33964.0	-42.19512195121952	1384.0	7224422.0	220471.86279296875	-53.0	-21.676829268292686	711.0	1.6158536585365855	2648.0	3879.8534798534797	8.0	-0.019138755980861243	5.4066985645933014	1820.0	4778880.0	98.64577744218074	4.354066985645932	-2260.0	
1573.0	5.815217391304348	1718.0	7.391304347826087	1.9130434782608696	2077.0	63.0	-0.0944527736131934	-0.1184407796101949	521.0	16738.28125	-0.7811094452773613	-79.0	32.92743890560814	33964.0	-40.1829268292683	1318.0	7224742.0	220481.62841796875	40.0	-13.140243902439025	431.0	-1.2195121951219514	2632.0	3856.4102564102564	12.0	-0.028708133971291863	5.818181818181818	1856.0	4778880.0	98.64577744218074	4.440191387559809	-2432.0	
1554.0	5.945652173913043	1706.0	7.5978260869565215	1.891304347826087	2079.0	57.0	-0.08545727136431784	-0.12593703148425786	519.0	16748.046875	-0.7781109445277361	-84.0	32.92743890560814	33964.0	-37.31707317073171	1224.0	7225062.0	220491.39404296875	-130.0	-9.817073170731708	322.0	3.963414634146342	2651.0	3884.2490842490843	56.0	-0.1339712918660287	6.114832535885167	1916.0	4778880.0	98.64577744218074	4.583732057416268	-2556.0	
1532.0	5.880434782608695	1712.0	7.83695652173913	1.858695652173913	2082.0	60.0	-0.08995502248875561	-0.10944527736131934	528.0	16757.8125	-0.7916041979010494	-73.0	32.92743890560814	33964.0	-34.359756097560975	1127.0	7225382.0	220501.15966796875	-165.0	-3.7195121951219514	122.0	5.0304878048780495	2645.0	3875.4578754578756	28.0	-0.06698564593301436	6.325358851674641	1944.0	4778880.0	98.64577744218074	4.650717703349282	-2644.0	
1515.0	5.826086956521739	1717.0	8.021739130434783	1.608695652173913	2105.0	64.0	-0.095952023988006	-0.10794602698650674	533.0	16767.578125	-0.7991004497751124	-72.0	32.92743890560814	33964.0	-32.5	1066.0	7225702.0	220510.92529296875	-225.0	0.853658536585366	-28.0	6.859756097560976	2651.0	3884.2490842490843	152.0	-0.36363636363636365	6.535885167464115	1872.0	4778880.0	98.64577744218074	4.4784688995215305	-2732.0	
1498.0	5.739130434782608	1725.0	8.206521739130434	1.6304347826086956	2103.0	59.0	-0.08845577211394302	-0.10344827586206896	537.0	16777.34375	-0.8050974512743628	-69.0	32.92743890560814	33964.0	-31.951219512195124	1048.0	7226022.0	220520.69091796875	-261.0	6.829268292682928	-224.0	7.957317073170732	2645.0	3875.4578754578756	156.0	-0.37320574162679426	6.7368421052631575	1848.0	4779104.0	98.6434984859241	4.421052631578947	-2816.0	
1484.0	5.760869565217392	1723.0	8.358695652173912	1.6630434782608696	2100.0	61.0	-0.0914542728635682	-0.09895052473763118	535.0	16787.109375	-0.8020989505247376	-66.0	32.92743890560814	33964.0	-30.853658536585368	1012.0	7226342.0	220530.45654296875	-255.0	12.042682926829269	-395.0	7.77439024390244	2646.0	3876.923076923077	112.0	-0.2679425837320574	6.976076555023923	1828.0	4779104.0	98.6434984859241	4.373205741626794	-2916.0	
1460.0	5.989130434782608	1702.0	8.619565217391305	1.434782608695652	2121.0	66.0	-0.09895052473763118	-0.10494752623688156	542.0	16796.875	-0.8125937031484257	-70.0	32.92743890560814	33964.0	-29.02439024390244	952.0	7226662.0	220540.22216796875	-316.0	16.82926829268293	-552.0	9.634146341463415	2643.0	3872.5274725274726	216.0	-0.5167464114832536	7.253588516746412	1920.0	4779104.0	98.6434984859241	4.5933014354066986	-3032.0	
1445.0	6.184782608695652	1684.0	8.782608695652174	1.467391304347826	2118.0	64.0	-0.095952023988006	-0.09895052473763118	538.0	16806.640625	-0.8065967016491754	-66.0	32.92743890560814	33964.0	-27.500000000000004	902.0	7226982.0	220549.98779296875	-276.0	21.55487804878049	-707.0	8.414634146341465	2636.0	3862.2710622710624	188.0	-0.4497607655502392	7.38755980861244	2048.0	4779104.0	98.6434984859241	4.899521531100478	-3088.0	
1434.0	6.304347826086956	1673.0	8.902173913043478	1.4021739130434783	2124.0	59.0	-0.08845577211394302	-0.0914542728635682	532.0	16816.40625	-0.7976011994002998	-61.0	32.92743890560814	33964.0	-24.75609756097561	812.0	7227302.0	220559.75341796875	-366.0	23.50609756097561	-771.0	11.158536585365855	2652.0	3885.714285714286	276.0	-0.6602870813397129	7.588516746411483	2072.0	4779104.0	98.6434984859241	4.956937799043062	-3172.0	
1430.0	6.304347826086956	1673.0	8.945652173913043	1.391304347826087	2125.0	60.0	-0.08995502248875561	-0.09295352323838081	540.0	16826.171875	-0.8095952023988006	-62.0	32.92743890560814	33964.0	-23.01829268292683	755.0	7227622.0	220569.51904296875	-413.0	23.750000000000004	-779.0	12.591463414634147	2650.0	3882.7838827838827	292.0	-0.6985645933014354	7.617224880382775	2080.0	4778864.0	98.645940224839	4.976076555023924	-3184.0	
1436.0	6.326086956521739	1671.0	8.880434782608695	1.2391304347826086	2139.0	59.0	-0.08845577211394302	-0.09295352323838081	538.0	16835.9375	-0.8065967016491754	-62.0	32.92743890560814	33964.0	-19.78658536585366	649.0	7227942.0	220579.28466796875	-447.0	25.762195121951223	-845.0	13.628048780487806	2634.0	3859.3406593406594	316.0	-0.7559808612440191	7.5311004784688995	2096.0	4778864.0	98.645940224839	5.0143540669856455	-3148.0	
1436.0	6.195652173913043	1683.0	8.880434782608695	1.2608695652173914	2137.0	51.0	-0.07646176911544228	-0.0914542728635682	541.0	16845.703125	-0.8110944527736131	-61.0	32.92743890560814	33964.0	-18.597560975609756	610.0	7228262.0	220589.05029296875	-481.0	28.963414634146343	-950.0	14.664634146341465	2639.0	3866.6666666666665	352.0	-0.8421052631578947	7.502392344497608	2068.0	4778864.0	98.645940224839	4.947368421052631	-3136.0	
1444.0	6.25	1678.0	8.793478260869565	0.9456521739130435	2166.0	58.0	-0.08695652173913043	-0.0914542728635682	539.0	16855.46875	-0.808095952023988	-61.0	32.92743890560814	33964.0	-17.012195121951223	558.0	7228582.0	220598.81591796875	-387.0	32.22560975609756	-1057.0	11.79878048780488	2626.0	3847.6190476190477	468.0	-1.1196172248803826	7.492822966507177	2064.0	4778864.0	98.645940224839	4.937799043062201	-3132.0	
1438.0	6.33695652173913	1670.0	8.858695652173912	0.8043478260869565	2179.0	54.0	-0.08095952023988005	-0.08395802098950525	547.0	16865.234375	-0.8200899550224887	-56.0	32.92743890560814	33964.0	-14.786585365853659	485.0	7228902.0	220608.58154296875	-374.0	37.53048780487805	-1231.0	11.402439024390246	2640.0	3868.131868131868	492.0	-1.1770334928229664	7.5311004784688995	2104.0	4778864.0	98.645940224839	5.033492822966507	-3148.0	
1427.0	6.195652173913043	1683.0	8.978260869565217	1.1630434782608696	2146.0	52.0	-0.07796101949025487	-0.08995502248875561	548.0	16875.0	-0.8215892053973013	-60.0	32.92743890560814	33964.0	-14.146341463414636	464.0	7229222.0	220618.34716796875	-276.0	43.04878048780488	-1412.0	8.414634146341465	2655.0	3890.10989010989	380.0	-0.9090909090909091	7.645933014354067	2048.0	4779152.0	98.6430101383877	4.899521531100478	-3196.0	
1405.0	6.184782608695652	1684.0	9.217391304347826	1.1630434782608696	2146.0	55.0	-0.08245877061469264	-0.08395802098950525	548.0	16884.765625	-0.8215892053973013	-56.0	32.92743890560814	33964.0	-12.073170731707318	396.0	7229542.0	220628.11279296875	-448.0	43.07926829268293	-1413.0	13.658536585365855	2648.0	3879.8534798534797	400.0	-0.9569377990430622	7.8181818181818175	2036.0	4779152.0	98.6430101383877	4.8708133971291865	-3268.0	
1403.0	6.25	1678.0	9.23913043478261	1.467391304347826	2118.0	51.0	-0.07646176911544228	-0.07346326836581708	545.0	16894.53125	-0.8170914542728636	-49.0	32.92743890560814	33964.0	-9.05487804878049	297.0	7229862.0	220637.87841796875	-542.0	42.37804878048781	-1390.0	16.52439024390244	2637.0	3863.736263736264	252.0	-0.6028708133971291	7.961722488038277	2048.0	4779152.0	98.6430101383877	4.899521531100478	-3328.0	
1396.0	6.184782608695652	1684.0	9.315217391304348	1.891304347826087	2079.0	51.0	-0.07646176911544228	-0.08245877061469264	550.0	16904.296875	-0.8245877061469266	-55.0	32.92743890560814	33964.0	-4.573170731707317	150.0	7230182.0	220647.64404296875	-623.0	41.21951219512196	-1352.0	18.993902439024392	2653.0	3887.1794871794873	100.0	-0.23923444976076555	8.028708133971291	2072.0	4779152.0	98.6430101383877	4.956937799043062	-3356.0	
1407.0	5.945652173913043	1706.0	9.195652173913043	2.0869565217391304	2061.0	50.0	-0.07496251874062969	-0.08395802098950525	554.0	16914.0625	-0.8305847076461769	-56.0	32.92743890560814	33964.0	0.701219512195122	-23.0	7230502.0	220657.40966796875	-727.0	39.146341463414636	-1284.0	22.164634146341466	2638.0	3865.2014652014655	-28.0	0.06698564593301436	7.9425837320574155	1988.0	4779152.0	98.6430101383877	4.755980861244019	-3320.0	
1422.0	5.804347826086956	1719.0	9.032608695652174	2.2717391304347827	2044.0	45.0	-0.06746626686656672	-0.07346326836581708	545.0	16923.828125	-0.8170914542728636	-49.0	32.92743890560814	33964.0	3.963414634146342	-130.0	7230822.0	220667.17529296875	-799.0	39.81707317073171	-1306.0	24.35975609756098	2654.0	3888.644688644689	-136.0	0.3253588516746411	7.760765550239234	1864.0	4779216.0	98.64235900846703	4.45933014354067	-3244.0	
1443.0	5.6521739130434785	1733.0	8.804347826086957	2.467391304347826	2026.0	45.0	-0.06746626686656672	-0.07796101949025487	554.0	16933.59375	-0.8305847076461769	-52.0	32.92743890560814	33964.0	8.231707317073171	-270.0	7231142.0	220676.94091796875	-892.0	44.63414634146342	-1464.0	27.195121951219516	2648.0	3879.8534798534797	-212.0	0.507177033492823	7.483253588516746	1804.0	4779216.0	98.64235900846703	4.315789473684211	-3128.0	
1466.0	5.6521739130434785	1733.0	8.554347826086957	2.717391304347826	2003.0	43.0	-0.06446776611694152	-0.08545727136431784	550.0	16943.359375	-0.8245877061469266	-57.0	32.92743890560814	33964.0	11.341463414634147	-372.0	7231462.0	220686.70654296875	-999.0	49.451219512195124	-1622.0	30.457317073170735	2643.0	3872.5274725274726	-344.0	0.8229665071770335	7.196172248803827	1796.0	4779216.0	98.64235900846703	4.296650717703349	-3008.0	
1479.0	5.782608695652174	1721.0	8.41304347826087	2.510869565217391	2022.0	46.0	-0.06896551724137931	-0.07196401799100449	545.0	16953.125	-0.8170914542728636	-48.0	32.92743890560814	33964.0	15.945121951219514	-523.0	7231782.0	220696.47216796875	-1174.0	56.463414634146346	-1852.0	35.79268292682927	2642.0	3871.062271062271	-280.0	0.6698564593301435	7.033492822966507	1816.0	4779216.0	98.64235900846703	4.344497607655502	-2940.0	
1507.0	5.717391304347826	1727.0	8.108695652173912	2.4130434782608696	2031.0	44.0	-0.06596701649175413	-0.08545727136431784	554.0	16962.890625	-0.8305847076461769	-57.0	32.92743890560814	33964.0	19.32926829268293	-634.0	7232102.0	220706.23779296875	-1267.0	60.335365853658544	-1979.0	38.62804878048781	2637.0	3863.736263736264	-252.0	0.6028708133971291	6.708133971291866	1844.0	4779216.0	98.64235900846703	4.411483253588517	-2804.0	
1532.0	5.717391304347826	1727.0	7.83695652173913	2.260869565217391	2045.0	44.0	-0.06596701649175413	-0.07796101949025487	559.0	16972.65625	-0.8380809595202399	-52.0	32.92743890560814	33964.0	26.03658536585366	-854.0	7232422.0	220716.00341796875	-1320.0	67.71341463414635	-2221.0	40.243902439024396	2650.0	3882.7838827838827	-108.0	0.2583732057416268	6.401913875598086	1820.0	4779184.0	98.64268457340908	4.354066985645932	-2676.0	
1558.0	5.456521739130435	1751.0	7.554347826086956	2.2391304347826084	2047.0	38.0	-0.05697151424287856	-0.07346326836581708	556.0	16982.421875	-0.833583208395802	-49.0	32.92743890560814	33964.0	31.09756097560976	-1020.0	7232742.0	220725.76904296875	-1395.0	76.67682926829269	-2515.0	42.53048780487805	2625.0	3846.153846153846	-144.0	0.34449760765550236	6.0669856459330145	1704.0	4779184.0	98.64268457340908	4.0765550239234445	-2536.0	
1575.0	5.076086956521739	1786.0	7.369565217391304	2.5760869565217392	2016.0	34.0	-0.050974512743628186	-0.08545727136431784	549.0	16992.1875	-0.8230884557721139	-57.0	32.92743890560814	33964.0	35.457317073170735	-1163.0	7233062.0	220735.53466796875	-1318.0	85.79268292682927	-2814.0	40.1829268292683	2652.0	3885.714285714286	-284.0	0.6794258373205742	5.8086124401913874	1516.0	4779184.0	98.64268457340908	3.626794258373206	-2428.0	
1603.0	4.913043478260869	1801.0	7.065217391304348	2.7282608695652173	2002.0	38.0	-0.05697151424287856	-0.08395802098950525	552.0	17001.953125	-0.8275862068965517	-56.0	32.92743890560814	33964.0	40.304878048780495	-1322.0	7233382.0	220745.30029296875	-1336.0	93.44512195121952	-3065.0	40.73170731707317	2645.0	3875.4578754578756	-372.0	0.8899521531100478	5.473684210526316	1444.0	4779184.0	98.64268457340908	3.4545454545454546	-2288.0	
1635.0	4.880434782608695	1804.0	6.717391304347826	2.8478260869565215	1991.0	25.0	-0.037481259370314844	-0.07946026986506746	557.0	17011.71875	-0.8350824587706147	-53.0	32.92743890560814	33964.0	45.0609756097561	-1478.0	7233702.0	220755.06591796875	-1225.0	102.6219512195122	-3366.0	37.34756097560976	2637.0	3863.736263736264	-428.0	1.0239234449760766	5.177033492822966	1436.0	4779184.0	98.64268457340908	3.4354066985645932	-2164.0	
1650.0	4.826086956521739	1809.0	6.554347826086956	3.0217391304347827	1975.0	23.0	-0.034482758620689655	-0.08095952023988005	553.0	17021.484375	-0.8290854572713643	-54.0	32.92743890560814	33964.0	51.951219512195124	-1704.0	7234022.0	220764.83154296875	-1300.0	111.85975609756099	-3669.0	39.63414634146342	2643.0	3872.5274725274726	-520.0	1.244019138755981	4.842105263157895	1420.0	4779104.0	98.6434984859241	3.3971291866028706	-2024.0	
1682.0	4.782608695652174	1813.0	6.206521739130435	3.1739130434782608	1961.0	20.0	-0.029985007496251874	-0.07796101949025487	554.0	17031.25	-0.8305847076461769	-52.0	32.92743890560814	33964.0	59.48170731707317	-1951.0	7234342.0	220774.59716796875	-1256.0	120.60975609756099	-3956.0	38.29268292682927	2650.0	3882.7838827838827	-552.0	1.3205741626794258	4.669856459330143	1380.0	4779104.0	98.6434984859241	3.3014354066985643	-1952.0	
1712.0	4.771739130434782	1814.0	5.880434782608695	2.8152173913043477	1994.0	19.0	-0.02848575712143928	-0.08245877061469264	555.0	17041.015625	-0.8320839580209894	-55.0	32.92743890560814	33964.0	67.71341463414635	-2221.0	7234662.0	220784.36279296875	-1151.0	127.77439024390245	-4191.0	35.09146341463415	2650.0	3882.7838827838827	-464.0	1.1100478468899522	4.30622009569378	1356.0	4779104.0	98.6434984859241	3.2440191387559807	-1800.0	
1761.0	4.956521739130435	1797.0	5.3478260869565215	2.3260869565217392	2039.0	14.0	-0.020989505247376312	-0.08395802098950525	553.0	17050.78125	-0.8290854572713643	-56.0	32.92743890560814	33964.0	77.10365853658537	-2529.0	7234982.0	220794.12841796875	-1007.0	138.109756097561	-4530.0	30.701219512195124	2639.0	3866.6666666666665	-244.0	0.5837320574162679	3.7607655502392343	1396.0	4779104.0	98.6434984859241	3.339712918660287	-1572.0	
1793.0	5.054347826086956	1788.0	5.0	2.119565217391304	2058.0	4.0	-0.005997001499250375	-0.08545727136431784	548.0	17060.546875	-0.8215892053973013	-57.0	32.92743890560814	33964.0	85.51829268292684	-2805.0	7235302.0	220803.89404296875	-963.0	155.33536585365854	-5095.0	29.35975609756098	2656.0	3891.5750915750914	-84.0	0.20095693779904306	3.2727272727272725	1496.0	4779104.0	98.6434984859241	3.5789473684210527	-1368.0	
1809.0	4.945652173913043	1798.0	4.826086956521739	1.8369565217391304	2084.0	-1.0	0.0014992503748125937	-0.08695652173913043	548.0	17070.3125	-0.8215892053973013	-58.0	32.92743890560814	33964.0	93.59756097560977	-3070.0	7235622.0	220813.65966796875	-984.0	172.8048780487805	-5668.0	30.000000000000004	2649.0	3881.3186813186812	0.0	0.0	2.9952153110047846	1500.0	4779152.0	98.6430101383877	3.588516746411483	-1252.0	
1801.0	5.076086956521739	1786.0	4.913043478260869	1.25	2138.0	-7.0	0.010494752623688156	-0.0944527736131934	542.0	17080.078125	-0.8125937031484257	-63.0	32.92743890560814	33964.0	102.8048780487805	-3372.0	7235942.0	220823.42529296875	-961.0	183.59756097560978	-6022.0	29.29878048780488	2641.0	3869.5970695970695	296.0	-0.708133971291866	2.8995215311004783	1520.0	4779152.0	98.6430101383877	3.6363636363636362	-1212.0	
1820.0	5.358695652173913	1760.0	4.706521739130435	0.7391304347826086	2185.0	-14.0	0.020989505247376312	-0.0914542728635682	546.0	17089.84375	-0.8185907046476761	-61.0	32.92743890560814	33964.0	110.88414634146342	-3637.0	7236262.0	220833.19091796875	-928.0	193.71951219512198	-6354.0	28.292682926829272	2629.0	3852.0146520146523	512.0	-1.2248803827751196	2.784688995215311	1648.0	4779152.0	98.6430101383877	3.942583732057416	-1164.0	
1829.0	5.5978260869565215	1738.0	4.608695652173913	0.42391304347826086	2214.0	-23.0	0.034482758620689655	-0.09745127436281859	536.0	17099.609375	-0.8035982008995503	-65.0	32.92743890560814	33964.0	120.91463414634147	-3966.0	7236582.0	220842.95654296875	-948.0	205.15243902439028	-6729.0	28.902439024390247	2644.0	3873.992673992674	664.0	-1.588516746411483	2.7081339712918657	1724.0	4779152.0	98.6430101383877	4.124401913875598	-1132.0	
1847.0	5.630434782608695	1735.0	4.413043478260869	0.2391304347826087	2231.0	-31.0	0.046476761619190406	-0.08995502248875561	540.0	17109.375	-0.8095952023988006	-60.0	32.92743890560814	33964.0	131.4329268292683	-4311.0	7236902.0	220852.72216796875	-1109.0	212.71341463414637	-6977.0	33.8109756097561	2649.0	3881.3186813186812	756.0	-1.8086124401913874	2.526315789473684	1712.0	4779152.0	98.6430101383877	4.095693779904306	-1056.0	
1861.0	5.510869565217392	1746.0	4.260869565217392	-0.021739130434782608	2255.0	-38.0	0.05697151424287856	-0.0914542728635682	525.0	17119.140625	-0.7871064467766117	-61.0	32.92743890560814	33964.0	141.58536585365854	-4644.0	7237222.0	220862.48779296875	-1283.0	216.89024390243904	-7114.0	39.11585365853659	2634.0	3859.3406593406594	868.0	-2.076555023923445	2.325358851674641	1688.0	4779200.0	98.64252179093349	4.038277511961723	-972.0	
1886.0	5.641304347826087	1734.0	3.9891304347826084	-0.5978260869565217	2308.0	-44.0	0.06596701649175413	-0.10644677661169415	518.0	17128.90625	-0.7766116941529235	-71.0	32.92743890560814	33964.0	152.65243902439025	-5007.0	7237542.0	220872.25341796875	-1409.0	217.46951219512198	-7133.0	42.957317073170735	2642.0	3871.062271062271	1148.0	-2.7464114832535884	2.076555023923445	1688.0	4779200.0	98.64252179093349	4.038277511961723	-868.0	
1920.0	5.739130434782608	1725.0	3.619565217391304	-1.467391304347826	2388.0	-46.0	0.06896551724137931	-0.10494752623688156	509.0	17138.671875	-0.7631184407796102	-70.0	32.92743890560814	33964.0	161.9207317073171	-5311.0	7237862.0	220882.01904296875	-1419.0	216.6768292682927	-7107.0	43.26219512195122	2635.0	3860.805860805861	1556.0	-3.7224880382775116	1.6363636363636362	1784.0	4779200.0	98.64252179093349	4.267942583732057	-684.0	
1958.0	5.913043478260869	1709.0	3.2065217391304346	-1.7717391304347825	2416.0	-46.0	0.06896551724137931	-0.10794602698650674	501.0	17148.4375	-0.7511244377811094	-72.0	32.92743890560814	33964.0	168.35365853658539	-5522.0	7238182.0	220891.78466796875	-1328.0	224.81707317073173	-7374.0	40.487804878048784	2636.0	3862.2710622710624	1632.0	-3.9043062200956937	1.0239234449760766	1880.0	4779200.0	98.64252179093349	4.497607655502392	-428.0	
1979.0	5.956521739130435	1705.0	2.9782608695652173	-2.380434782608696	2472.0	-50.0	0.07496251874062969	-0.11544227886056971	487.0	17158.203125	-0.7301349325337331	-77.0	32.92743890560814	33964.0	175.03048780487808	-5741.0	7238502.0	220901.55029296875	-1278.0	229.26829268292684	-7520.0	38.963414634146346	2639.0	3866.6666666666665	2004.0	-4.794258373205741	0.6602870813397129	1916.0	4779200.0	98.64252179093349	4.583732057416268	-276.0	
2010.0	6.445652173913043	1660.0	2.641304347826087	-2.782608695652174	2509.0	-43.0	0.06446776611694152	-0.12593703148425786	478.0	17167.96875	-0.7166416791604198	-84.0	32.92743890560814	33964.0	179.1158536585366	-5875.0	7238822.0	220911.31591796875	-1270.0	232.13414634146343	-7614.0	38.71951219512196	2636.0	3862.2710622710624	2112.0	-5.052631578947368	0.4019138755980861	2140.0	4779392.0	98.64056840193867	5.119617224880383	-168.0	
2022.0	7.163043478260869	1594.0	2.510869565217391	-2.652173913043478	2497.0	-48.0	0.07196401799100449	-0.13793103448275862	462.0	17177.734375	-0.6926536731634183	-92.0	32.92743890560814	33964.0	181.70731707317074	-5960.0	7239142.0	220921.08154296875	-1107.0	238.1707317073171	-7812.0	33.75	2643.0	3872.5274725274726	2084.0	-4.985645933014354	0.2296650717703349	2316.0	4779392.0	98.64056840193867	5.5406698564593295	-96.0	
2040.0	7.978260869565217	1519.0	2.3152173913043477	-2.75	2506.0	-56.0	0.08395802098950525	-0.15142428785607195	446.0	17187.5	-0.6686656671664167	-101.0	32.92743890560814	33964.0	189.4207317073171	-6213.0	7239462.0	220930.84716796875	-1234.0	239.20731707317074	-7846.0	37.6219512195122	2650.0	3882.7838827838827	2108.0	-5.043062200956937	0.009569377990430622	2680.0	4779392.0	98.64056840193867	6.411483253588517	-4.0	
2043.0	8.5	1471.0	2.282608695652174	-2.6739130434782608	2499.0	-53.0	0.07946026986506746	-0.15742128935532235	432.0	17197.265625	-0.6476761619190404	-105.0	32.92743890560814	33964.0	199.26829268292684	-6536.0	7239782.0	220940.61279296875	-1475.0	235.88414634146343	-7737.0	44.96951219512196	2633.0	3857.875457875458	2120.0	-5.071770334928229	-0.03827751196172249	2980.0	4779392.0	98.64056840193867	7.1291866028708135	16.0	
2057.0	8.978260869565217	1427.0	2.130434782608696	-2.8152173913043477	2512.0	-57.0	0.08545727136431784	-0.17841079460269865	418.0	17207.03125	-0.6266866566716641	-119.0	32.92743890560814	33964.0	208.47560975609758	-6838.0	7240102.0	220950.37841796875	-1829.0	226.6768292682927	-7435.0	55.76219512195122	2642.0	3871.062271062271	2128.0	-5.090909090909091	-0.12440191387559808	3192.0	4779392.0	98.64056840193867	7.636363636363636	52.0	
2067.0	9.358695652173912	1392.0	2.0217391304347827	-3.3152173913043477	2558.0	-57.0	0.08545727136431784	-0.1934032983508246	412.0	17216.796875	-0.6176911544227885	-129.0	32.92743890560814	33964.0	219.08536585365854	-7186.0	7240422.0	220960.14404296875	-2253.0	213.53658536585368	-7004.0	68.68902439024392	2635.0	3860.805860805861	2356.0	-5.636363636363636	-0.2966507177033493	3384.0	4779456.0	98.63991727256595	8.095693779904305	124.0	
2097.0	9.880434782608695	1344.0	1.6956521739130435	-4.489130434782608	2666.0	-53.0	0.07946026986506746	-0.2143928035982009	393.0	17226.5625	-0.5892053973013494	-143.0	32.92743890560814	33964.0	230.4878048780488	-7560.0	7240742.0	220969.90966796875	-2534.0	196.18902439024393	-6435.0	77.25609756097562	2633.0	3857.875457875458	2876.0	-6.880382775119617	-0.631578947368421	3592.0	4779456.0	98.63991727256595	8.593301435406698	264.0	
2141.0	10.434782608695652	1293.0	1.2173913043478262	-4.978260869565217	2711.0	-54.0	0.08095952023988005	-0.23088455772113942	376.0	17236.328125	-0.5637181409295352	-154.0	32.92743890560814	33964.0	241.37195121951223	-7917.0	7241062.0	220979.67529296875	-2413.0	182.28658536585368	-5979.0	73.56707317073172	2640.0	3868.131868131868	3204.0	-7.665071770334928	-1.3492822966507176	3880.0	4779456.0	98.63991727256595	9.282296650717702	564.0	
2231.0	10.771739130434783	1262.0	0.2391304347826087	-5.260869565217392	2737.0	-59.0	0.08845577211394302	-0.2383808095952024	356.0	17246.09375	-0.5337331334332833	-159.0	32.92743890560814	33964.0	251.49390243902442	-8249.0	7241382.0	220989.44091796875	-2049.0	174.20731707317074	-5714.0	62.46951219512196	2630.0	3853.479853479854	3256.0	-7.789473684210526	-2.2966507177033493	4064.0	4779456.0	98.63991727256595	9.722488038277511	960.0	
2289.0	10.630434782608695	1275.0	-0.3913043478260869	-5.434782608695652	2753.0	-56.0	0.08395802098950525	-0.2653673163418291	349.0	17255.859375	-0.5232383808095952	-177.0	32.92743890560814	33964.0	261.76829268292687	-8586.0	7241702.0	220999.20654296875	-1776.0	168.56707317073173	-5529.0	54.146341463414636	2643.0	3872.5274725274726	3364.0	-8.047846889952153	-3.1004784688995213	4000.0	4779456.0	98.63991727256595	9.569377990430622	1296.0	
2355.0	10.141304347826086	1320.0	-1.108695652173913	-4.923913043478261	2706.0	-52.0	0.07796101949025487	-0.2623688155922039	332.0	17265.625	-0.4977511244377811	-175.0	32.92743890560814	33964.0	271.06707317073176	-8891.0	7242022.0	221008.97216796875	-1636.0	168.01829268292684	-5511.0	49.87804878048781	2653.0	3887.1794871794873	3140.0	-7.511961722488038	-3.913875598086124	3752.0	4779440.0	98.64008005489545	8.976076555023923	1636.0	
2398.0	9.5	1379.0	-1.576086956521739	-4.478260869565217	2665.0	-60.0	0.08995502248875561	-0.2773613193403298	319.0	17275.390625	-0.47826086956521735	-185.0	32.92743890560814	33964.0	277.01219512195127	-9086.0	7242342.0	221018.73779296875	-1437.0	168.71951219512198	-5534.0	43.8109756097561	2629.0	3852.0146520146523	2884.0	-6.899521531100478	-4.449760765550239	3460.0	4779440.0	98.64008005489545	8.277511961722487	1860.0	
2447.0	9.380434782608695	1390.0	-2.108695652173913	-3.9239130434782608	2614.0	-66.0	0.09895052473763118	-0.2893553223388306	306.0	17285.15625	-0.4587706146926537	-193.0	32.92743890560814	33964.0	279.4207317073171	-9165.0	7242662.0	221028.50341796875	-1455.0	168.35365853658539	-5522.0	44.35975609756098	2654.0	3888.644688644689	2652.0	-6.344497607655502	-4.956937799043062	3380.0	4779440.0	98.64008005489545	8.086124401913874	2072.0	
2482.0	9.58695652173913	1371.0	-2.4891304347826084	-3.391304347826087	2565.0	-65.0	0.09745127436281859	-0.28785607196401797	294.0	17294.921875	-0.4407796101949025	-192.0	32.92743890560814	33964.0	279.9390243902439	-9182.0	7242982.0	221038.26904296875	-1318.0	160.7926829268293	-5274.0	40.1829268292683	2627.0	3849.084249084249	2424.0	-5.7990430622009566	-5.368421052631579	3536.0	4779440.0	98.64008005489545	8.459330143540669	2244.0	
2505.0	10.597826086956522	1278.0	-2.7391304347826084	-3.141304347826087	2542.0	-70.0	0.10494752623688156	-0.2818590704647676	282.0	17304.6875	-0.42278860569715143	-188.0	32.92743890560814	33964.0	280.2134146341464	-9191.0	7243302.0	221048.03466796875	-1505.0	139.78658536585368	-4585.0	45.88414634146342	2632.0	3856.4102564102564	2368.0	-5.665071770334928	-5.8086124401913874	4064.0	4779440.0	98.64008005489545	9.722488038277511	2428.0	
2523.0	12.75	1080.0	-2.934782608695652	-3.8478260869565215	2607.0	-76.0	0.11394302848575712	-0.2773613193403298	270.0	17314.453125	-0.4047976011994003	-185.0	32.92743890560814	33964.0	287.2865853658537	-9423.0	7243622.0	221057.80029296875	-2064.0	98.62804878048782	-3235.0	62.926829268292686	2640.0	3868.131868131868	2832.0	-6.77511961722488	-6.124401913875598	5096.0	4779104.0	98.6434984859241	12.191387559808613	2560.0	
2585.0	14.597826086956522	910.0	-3.608695652173913	-4.608695652173913	2677.0	-72.0	0.10794602698650674	-0.2788605697151424	259.0	17324.21875	-0.38830584707646176	-186.0	32.92743890560814	33964.0	300.0609756097561	-9842.0	7243942.0	221067.56591796875	-1431.0	58.07926829268293	-1905.0	43.62804878048781	2636.0	3862.2710622710624	3156.0	-7.55023923444976	-6.899521531100478	5848.0	4779104.0	98.6434984859241	13.990430622009569	2884.0	
2761.0	13.782608695652174	985.0	-5.521739130434782	-5.076086956521739	2720.0	-76.0	0.11394302848575712	-0.2623688155922039	245.0	17333.984375	-0.36731634182908546	-175.0	32.92743890560814	33964.0	307.2256097560976	-10077.0	7244262.0	221077.33154296875	-186.0	83.32317073170732	-2733.0	5.670731707317073	2647.0	3878.388278388278	3156.0	-7.55023923444976	-7.913875598086124	5696.0	4779104.0	98.6434984859241	13.626794258373206	3308.0	
2999.0	11.51086956521739	1194.0	-8.108695652173912	-5.173913043478261	2729.0	-69.0	0.10344827586206896	-0.25487256371814093	235.0	17343.75	-0.3523238380809595	-170.0	32.92743890560814	33964.0	309.45121951219517	-10150.0	7244582.0	221087.09716796875	-292.0	157.40853658536588	-5163.0	8.902439024390246	2650.0	3882.7838827838827	3064.0	-7.330143540669856	-11.54066985645933	4652.0	4779104.0	98.6434984859241	11.129186602870814	4824.0	
2982.0	9.67391304347826	1363.0	-7.923913043478261	-4.119565217391305	2632.0	-70.0	0.10494752623688156	-0.2383808095952024	215.0	17353.515625	-0.32233883058470764	-159.0	32.92743890560814	33964.0	304.2987804878049	-9981.0	7244902.0	221096.86279296875	-1039.0	171.09756097560978	-5612.0	31.676829268292686	2634.0	3859.3406593406594	2880.0	-6.889952153110047	-12.095693779904305	3716.0	4779104.0	98.6434984859241	8.889952153110048	5056.0	
2834.0	8.902173913043478	1434.0	-6.315217391304348	-3.043478260869565	2533.0	-71.0	0.10644677661169415	-0.22788605697151423	205.0	17363.28125	-0.3073463268365817	-152.0	32.92743890560814	33964.0	284.969512195122	-9347.0	7245222.0	221106.62841796875	-735.0	166.15853658536588	-5450.0	22.408536585365855	2644.0	3873.992673992674	2388.0	-5.712918660287081	-10.220095693779903	3284.0	4779008.0	98.64447518124346	7.85645933014354	4272.0	
2693.0	8.706521739130434	1452.0	-4.782608695652174	-2.2391304347826084	2459.0	-68.0	0.10194902548725637	-0.2128935532233883	190.0	17373.046875	-0.2848575712143928	-142.0	32.92743890560814	33964.0	273.5365853658537	-8972.0	7245542.0	221116.39404296875	-321.0	146.9207317073171	-4819.0	9.786585365853659	2638.0	3865.2014652014655	2028.0	-4.851674641148326	-8.267942583732058	3172.0	4779008.0	98.64447518124346	7.588516746411483	3456.0	
2650.0	8.543478260869565	1467.0	-4.315217391304348	-1.641304347826087	2404.0	-64.0	0.095952023988006	-0.19790104947526235	178.0	17382.8125	-0.26686656671664166	-132.0	32.92743890560814	33964.0	280.0914634146342	-9187.0	7245862.0	221126.15966796875	-67.0	120.73170731707319	-3960.0	2.0426829268292686	2640.0	3868.131868131868	1792.0	-4.287081339712919	-7.4162679425837315	3060.0	4779008.0	98.64447518124346	7.320574162679425	3100.0	
2731.0	8.315217391304348	1488.0	-5.195652173913043	-1.1739130434782608	2361.0	-59.0	0.08845577211394302	-0.17691154422788605	166.0	17392.578125	-0.24887556221889054	-118.0	32.92743890560814	33964.0	281.5243902439025	-9234.0	7246182.0	221135.92529296875	356.0	94.60365853658537	-3103.0	-10.853658536585368	2631.0	3854.945054945055	1536.0	-3.6746411483253585	-8.459330143540669	2968.0	4779008.0	98.64447518124346	7.100478468899521	3536.0	
2892.0	7.891304347826087	1527.0	-6.945652173913043	-1.141304347826087	2358.0	-48.0	0.07196401799100449	-0.1619190404797601	149.0	17402.34375	-0.22338830584707645	-108.0	32.92743890560814	33964.0	278.9329268292683	-9149.0	7246502.0	221145.69091796875	691.0	87.25609756097562	-2862.0	-21.06707317073171	2630.0	3853.479853479854	1448.0	-3.464114832535885	-10.401913875598085	2780.0	4779008.0	98.64447518124346	6.650717703349282	4348.0	
3011.0	7.75	1540.0	-8.23913043478261	-1.1195652173913042	2356.0	-46.0	0.06896551724137931	-0.15142428785607195	138.0	17412.109375	-0.20689655172413793	-101.0	32.92743890560814	33964.0	273.8109756097561	-8981.0	7246822.0	221155.45654296875	664.0	87.89634146341464	-2883.0	-20.243902439024392	2648.0	3879.8534798534797	1460.0	-3.492822966507177	-12.057416267942584	2700.0	4779120.0	98.64333570340283	6.45933014354067	5040.0	
3079.0	8.076086956521738	1510.0	-8.978260869565217	-1.1195652173913042	2356.0	-43.0	0.06446776611694152	-0.1199400299850075	122.0	17421.875	-0.1829085457271364	-80.0	32.92743890560814	33964.0	266.859756097561	-8753.0	7247142.0	221165.22216796875	546.0	88.71951219512196	-2910.0	-16.646341463414636	2623.0	3843.223443223443	1384.0	-3.311004784688995	-12.880382775119617	2808.0	4779120.0	98.64333570340283	6.717703349282297	5384.0	
3102.0	8.630434782608695	1459.0	-9.228260869565217	-0.9239130434782609	2338.0	-34.0	0.050974512743628186	-0.10944527736131934	116.0	17431.640625	-0.17391304347826086	-73.0	32.92743890560814	33964.0	263.1707317073171	-8632.0	7247462.0	221174.98779296875	375.0	87.19512195121952	-2860.0	-11.432926829268293	2635.0	3860.805860805861	1352.0	-3.2344497607655502	-13.09090909090909	3076.0	4779120.0	98.64333570340283	7.358851674641148	5472.0	
3101.0	9.184782608695652	1408.0	-9.217391304347826	-0.9130434782608695	2337.0	-26.0	0.038980509745127435	-0.0914542728635682	101.0	17441.40625	-0.15142428785607195	-61.0	32.92743890560814	33964.0	264.1768292682927	-8665.0	7247782.0	221184.75341796875	102.0	85.64024390243904	-2809.0	-3.1097560975609757	2645.0	3875.4578754578756	1372.0	-3.2822966507177034	-13.196172248803828	3336.0	4779120.0	98.64333570340283	7.980861244019138	5516.0	
3144.0	9.434782608695652	1385.0	-9.684782608695652	-1.065217391304348	2351.0	-15.0	0.022488755622188904	-0.08095952023988005	91.0	17451.171875	-0.136431784107946	-54.0	32.92743890560814	33964.0	266.4024390243903	-8738.0	7248102.0	221194.51904296875	-349.0	85.1219512195122	-2792.0	10.640243902439025	2628.0	3850.5494505494507	1416.0	-3.38755980861244	-13.531100478468899	3448.0	4779120.0	98.64333570340283	8.248803827751196	5656.0	
3158.0	9.445652173913043	1384.0	-9.83695652173913	-1.1304347826086956	2357.0	-12.0	0.017991004497751123	-0.06896551724137931	89.0	17460.9375	-0.13343328335832083	-46.0	32.92743890560814	33964.0	265.70121951219517	-8715.0	7248422.0	221204.28466796875	-878.0	84.35975609756099	-2767.0	26.76829268292683	2640.0	3868.131868131868	1432.0	-3.4258373205741623	-13.942583732057416	3436.0	4778944.0	98.64512631163903	8.220095693779903	5828.0	
3162.0	9.228260869565217	1404.0	-9.880434782608695	-1.0543478260869565	2350.0	-4.0	0.005997001499250375	-0.05397301349325337	68.0	17470.703125	-0.10194902548725637	-36.0	32.92743890560814	33964.0	261.1585365853659	-8566.0	7248742.0	221214.05029296875	-1461.0	82.6829268292683	-2712.0	44.54268292682927	2637.0	3863.736263736264	1420.0	-3.3971291866028706	-14.028708133971291	3372.0	4778944.0	98.64512631163903	8.066985645933014	5864.0	
3164.0	9.141304347826086	1412.0	-9.902173913043478	-0.8804347826086957	2334.0	6.0	-0.008995502248875561	-0.035982008995502246	71.0	17480.46875	-0.10644677661169415	-24.0	32.92743890560814	33964.0	254.11585365853662	-8335.0	7249062.0	221223.81591796875	-2065.0	79.0548780487805	-2593.0	62.957317073170735	2630.0	3853.479853479854	1380.0	-3.3014354066985643	-13.990430622009569	3336.0	4778944.0	98.64512631163903	7.980861244019138	5848.0	
3119.0	9.076086956521738	1418.0	-9.41304347826087	-0.6086956521739131	2309.0	14.0	-0.020989505247376312	-0.0239880059970015	54.0	17490.234375	-0.08095952023988005	-16.0	32.92743890560814	33964.0	244.51219512195124	-8020.0	7249382.0	221233.58154296875	-2649.0	73.38414634146342	-2407.0	80.76219512195122	2644.0	3873.992673992674	1276.0	-3.052631578947368	-13.665071770334928	3316.0	4778944.0	98.64512631163903	7.9330143540669855	5712.0	
3099.0	9.032608695652174	1422.0	-9.195652173913043	-0.22826086956521738	2274.0	23.0	-0.034482758620689655	-0.014992503748125937	47.0	17500.0	-0.0704647676161919	-10.0	32.92743890560814	33964.0	233.109756097561	-7646.0	7249702.0	221243.34716796875	-3144.0	65.60975609756098	-2152.0	95.85365853658537	2648.0	3879.8534798534797	1156.0	-2.7655502392344498	-13.205741626794257	3308.0	4778944.0	98.64512631163903	7.913875598086124	5520.0	
3064.0	8.771739130434783	1446.0	-8.815217391304348	0.010869565217391304	2252.0	26.0	-0.038980509745127435	0.0014992503748125937	35.0	17509.765625	-0.05247376311844078	1.0	32.92743890560814	33964.0	219.87804878048783	-7212.0	7250022.0	221253.11279296875	-3467.0	55.304878048780495	-1814.0	105.70121951219514	2639.0	3866.6666666666665	988.0	-2.3636363636363638	-12.736842105263158	3248.0	4778928.0	98.64528909426076	7.770334928229665	5324.0	
3045.0	8.42391304347826	1478.0	-8.608695652173912	0.45652173913043476	2211.0	26.0	-0.038980509745127435	0.0014992503748125937	35.0	17519.53125	-0.05247376311844078	1.0	32.92743890560814	33964.0	204.2987804878049	-6701.0	7250342.0	221262.87841796875	-3691.0	43.41463414634147	-1424.0	112.53048780487806	2640.0	3868.131868131868	812.0	-1.9425837320574162	-12.363636363636363	3084.0	4778928.0	98.64528909426076	7.37799043062201	5168.0	
2997.0	8.032608695652174	1514.0	-8.08695652173913	0.8695652173913043	2173.0	39.0	-0.05847076461769115	0.019490254872563718	30.0	17529.296875	-0.04497751124437781	13.0	32.92743890560814	33964.0	185.7317073170732	-6092.0	7250662.0	221272.64404296875	-3822.0	29.05487804878049	-953.0	116.52439024390245	2627.0	3849.084249084249	588.0	-1.4066985645933014	-11.85645933014354	2916.0	4778928.0	98.64528909426076	6.976076555023923	4956.0	
2971.0	7.543478260869565	1559.0	-7.804347826086956	1.2173913043478262	2141.0	39.0	-0.05847076461769115	0.019490254872563718	30.0	17539.0625	-0.04497751124437781	13.0	32.92743890560814	33964.0	165.39634146341464	-5425.0	7250982.0	221282.40966796875	-3688.0	16.371951219512198	-537.0	112.43902439024392	2642.0	3871.062271062271	468.0	-1.1196172248803826	-11.454545454545453	2712.0	4778928.0	98.64528909426076	6.488038277511961	4788.0	
2922.0	6.934782608695652	1615.0	-7.271739130434782	1.641304347826087	2102.0	43.0	-0.06446776611694152	0.035982008995502246	24.0	17548.828125	-0.035982008995502246	24.0	32.92743890560814	33964.0	143.47560975609758	-4706.0	7251302.0	221292.17529296875	-3423.0	2.073170731707317	-68.0	104.35975609756099	2634.0	3859.3406593406594	252.0	-0.6028708133971291	-11.09090909090909	2444.0	4778928.0	98.64528909426076	5.84688995215311	4636.0	
2922.0	6.380434782608695	1666.0	-7.271739130434782	1.858695652173913	2082.0	50.0	-0.07496251874062969	0.04947526236881559	14.0	17558.59375	-0.020989505247376312	33.0	32.92743890560814	33964.0	120.06097560975611	-3938.0	7251622.0	221301.94091796875	-3042.0	-9.115853658536587	299.0	92.7439024390244	2627.0	3849.084249084249	136.0	-0.3253588516746411	-10.803827751196172	2164.0	4779024.0	98.64431239866741	5.177033492822966	4516.0	
2904.0	5.945652173913043	1706.0	-7.076086956521739	2.1739130434782608	2053.0	48.0	-0.07196401799100449	0.06746626686656672	15.0	17568.359375	-0.022488755622188904	45.0	32.92743890560814	33964.0	95.57926829268294	-3135.0	7251942.0	221311.70654296875	-2504.0	-20.57926829268293	675.0	76.34146341463415	2650.0	3882.7838827838827	-24.0	0.057416267942583726	-10.641148325358852	1984.0	4779024.0	98.64431239866741	4.746411483253588	4448.0	
2903.0	5.6521739130434785	1733.0	-7.065217391304348	2.293478260869565	2042.0	46.0	-0.06896551724137931	0.07196401799100449	8.0	17578.125	-0.01199400299850075	48.0	32.92743890560814	33964.0	71.67682926829269	-2351.0	7252262.0	221321.47216796875	-1840.0	-28.14024390243903	923.0	56.09756097560976	2650.0	3882.7838827838827	-48.0	0.11483253588516745	-10.526315789473683	1832.0	4779024.0	98.64431239866741	4.382775119617225	4400.0	
2909.0	5.434782608695652	1753.0	-7.130434782608695	2.108695652173913	2059.0	42.0	-0.06296851574212893	0.08545727136431784	5.0	17587.890625	-0.0074962518740629685	57.0	32.92743890560814	33964.0	49.60365853658537	-1627.0	7252582.0	221331.23779296875	-1119.0	-30.82317073170732	1011.0	34.11585365853659	2636.0	3862.2710622710624	-32.0	0.07655502392344497	-10.497607655502392	1728.0	4779024.0	98.64431239866741	4.133971291866029	4388.0	
2893.0	5.4021739130434785	1756.0	-6.956521739130435	2.108695652173913	2059.0	44.0	-0.06596701649175413	0.0914542728635682	9.0	17597.65625	-0.013493253373313342	61.0	32.92743890560814	33964.0	30.182926829268297	-990.0	7252902.0	221341.00341796875	-395.0	-30.731707317073173	1008.0	12.042682926829269	2650.0	3882.7838827838827	-32.0	0.07655502392344497	-10.430622009569378	1700.0	4779024.0	98.64431239866741	4.0669856459330145	4360.0	
2891.0	5.445652173913043	1752.0	-6.934782608695652	2.0760869565217392	2062.0	42.0	-0.06296851574212893	0.095952023988006	6.0	17607.421875	-0.008995502248875561	64.0	32.92743890560814	33964.0	13.536585365853659	-444.0	7253222.0	221350.76904296875	340.0	-30.27439024390244	993.0	-10.365853658536587	2627.0	3849.084249084249	-20.0	0.04784688995215311	-10.16267942583732	1704.0	4778992.0	98.64463796382866	4.0765550239234445	4248.0	
2867.0	5.554347826086956	1742.0	-6.673913043478261	1.9565217391304348	2073.0	43.0	-0.06446776611694152	0.10194902548725637	-3.0	17617.1875	0.004497751124437781	68.0	32.92743890560814	33964.0	0.7317073170731708	-24.0	7253542.0	221360.53466796875	1043.0	-28.01829268292683	919.0	-31.79878048780488	2632.0	3856.4102564102564	16.0	-0.03827751196172249	-10.028708133971291	1752.0	4778992.0	98.64463796382866	4.1913875598086126	4192.0	
2851.0	5.728260869565217	1726.0	-6.5	1.8369565217391304	2084.0	42.0	-0.06296851574212893	0.095952023988006	1.0	17626.953125	-0.0014992503748125937	64.0	32.92743890560814	33964.0	-9.725609756097562	319.0	7253862.0	221370.30029296875	1592.0	-23.262195121951223	763.0	-48.53658536585366	2640.0	3868.131868131868	40.0	-0.09569377990430622	-9.980861244019138	1800.0	4778992.0	98.64463796382866	4.30622009569378	4172.0	
2862.0	6.0	1701.0	-6.619565217391304	1.5543478260869565	2110.0	38.0	-0.05697151424287856	0.10494752623688156	0.0	17636.71875	0.0	70.0	32.92743890560814	33964.0	-18.689024390243905	613.0	7254182.0	221380.06591796875	1975.0	-13.140243902439025	431.0	-60.213414634146346	2634.0	3859.3406593406594	180.0	-0.43062200956937796	-9.961722488038276	1900.0	4778992.0	98.64463796382866	4.545454545454545	4164.0	
2839.0	6.239130434782608	1679.0	-6.369565217391304	1.5543478260869565	2110.0	31.0	-0.046476761619190406	0.10044977511244378	-8.0	17646.484375	0.01199400299850075	67.0	32.92743890560814	33964.0	-26.76829268292683	878.0	7254502.0	221389.83154296875	2265.0	-2.378048780487805	78.0	-69.0548780487805	2646.0	3876.923076923077	204.0	-0.4880382775119617	-9.952153110047847	2032.0	4778992.0	98.64463796382866	4.861244019138756	4160.0	
2849.0	6.445652173913043	1660.0	-6.478260869565217	1.4891304347826086	2116.0	32.0	-0.047976011994003	0.08845577211394302	-8.0	17656.25	0.01199400299850075	59.0	32.92743890560814	33964.0	-32.25609756097561	1058.0	7254822.0	221399.59716796875	2557.0	9.542682926829269	-313.0	-77.95731707317074	2645.0	3875.4578754578756	216.0	-0.5167464114832536	-9.885167464114833	2104.0	4779072.0	98.64382405099401	5.033492822966507	4132.0	
2851.0	6.695652173913043	1637.0	-6.5	1.641304347826087	2102.0	36.0	-0.05397301349325337	0.09295352323838081	9.0	17666.015625	-0.013493253373313342	62.0	32.92743890560814	33964.0	-37.46951219512196	1229.0	7255142.0	221409.36279296875	2815.0	19.847560975609756	-651.0	-85.82317073170732	2645.0	3875.4578754578756	172.0	-0.41148325358851673	-9.866028708133971	2208.0	4779072.0	98.64382405099401	5.282296650717703	4124.0	
2848.0	6.989130434782608	1610.0	-6.467391304347826	1.75	2092.0	28.0	-0.041979010494752625	0.08545727136431784	3.0	17675.78125	-0.004497751124437781	57.0	32.92743890560814	33964.0	-42.04268292682927	1379.0	7255462.0	221419.12841796875	3092.0	28.323170731707318	-929.0	-94.26829268292684	2637.0	3863.736263736264	136.0	-0.3253588516746411	-9.751196172248804	2324.0	4779072.0	98.64382405099401	5.559808612440191	4076.0	
2827.0	7.1521739130434785	1595.0	-6.239130434782608	1.967391304347826	2072.0	31.0	-0.046476761619190406	0.07646176911544228	6.0	17685.546875	-0.008995502248875561	51.0	32.92743890560814	33964.0	-47.22560975609756	1549.0	7255782.0	221428.89404296875	3274.0	35.97560975609756	-1180.0	-99.81707317073172	2632.0	3856.4102564102564	28.0	-0.06698564593301436	-9.626794258373206	2436.0	4779072.0	98.64382405099401	5.827751196172248	4024.0	
2810.0	7.228260869565217	1588.0	-6.054347826086956	2.152173913043478	2055.0	29.0	-0.043478260869565216	0.07346326836581708	5.0	17695.3125	-0.0074962518740629685	49.0	32.92743890560814	33964.0	-53.8109756097561	1765.0	7256102.0	221438.65966796875	3469.0	40.94512195121952	-1343.0	-105.76219512195122	2639.0	3866.6666666666665	-56.0	0.1339712918660287	-9.339712918660286	2492.0	4779072.0	98.64382405099401	5.961722488038277	3904.0	
2782.0	7.163043478260869	1594.0	-5.75	2.0869565217391304	2061.0	26.0	-0.038980509745127435	0.07496251874062969	7.0	17705.078125	-0.010494752623688156	50.0	32.92743890560814	33964.0	-62.50000000000001	2050.0	7256422.0	221448.42529296875	3769.0	44.11585365853659	-1447.0	-114.90853658536587	2637.0	3863.736263736264	-36.0	0.08612440191387559	-9.224880382775119	2472.0	4779120.0	98.64333570340283	5.913875598086124	3856.0	
2785.0	7.119565217391304	1598.0	-5.782608695652174	2.119565217391304	2058.0	27.0	-0.04047976011994003	0.06896551724137931	8.0	17714.84375	-0.01199400299850075	46.0	32.92743890560814	33964.0	-73.56707317073172	2413.0	7256742.0	221458.19091796875	4040.0	45.54878048780488	-1494.0	-123.17073170731709	2650.0	3882.7838827838827	-24.0	0.057416267942583726	-9.157894736842104	2448.0	4779120.0	98.64333570340283	5.85645933014354	3828.0	
2786.0	7.326086956521739	1579.0	-5.793478260869565	2.043478260869565	2065.0	25.0	-0.037481259370314844	0.06296851574212893	25.0	17724.609375	-0.037481259370314844	42.0	32.92743890560814	33964.0	-87.10365853658537	2857.0	7257062.0	221467.95654296875	4145.0	45.0609756097561	-1478.0	-126.37195121951221	2652.0	3885.714285714286	28.0	-0.06698564593301436	-8.976076555023923	2536.0	4779120.0	98.64333570340283	6.0669856459330145	3752.0	
2772.0	7.771739130434782	1538.0	-5.641304347826087	2.0543478260869565	2064.0	29.0	-0.043478260869565216	0.05547226386806597	23.0	17734.375	-0.034482758620689655	37.0	32.92743890560814	33964.0	-101.5548780487805	3331.0	7257382.0	221477.72216796875	4172.0	44.207317073170735	-1450.0	-127.19512195121952	2650.0	3882.7838827838827	64.0	-0.15311004784688995	-8.92822966507177	2756.0	4779120.0	98.64333570340283	6.5933014354066986	3732.0	
2776.0	8.326086956521738	1487.0	-5.684782608695652	1.8152173913043477	2086.0	26.0	-0.038980509745127435	0.046476761619190406	23.0	17744.140625	-0.034482758620689655	31.0	32.92743890560814	33964.0	-114.81707317073172	3766.0	7257702.0	221487.48779296875	4131.0	42.6829268292683	-1400.0	-125.94512195121952	2633.0	3857.875457875458	116.0	-0.27751196172248804	-8.92822966507177	3024.0	4779120.0	98.64333570340283	7.23444976076555	3732.0	
2786.0	8.902173913043478	1434.0	-5.793478260869565	1.7065217391304348	2096.0	15.0	-0.022488755622188904	0.046476761619190406	30.0	17753.90625	-0.04497751124437781	31.0	32.93738119323389	33966.0	-126.06707317073172	4135.0	7258022.0	221497.25341796875	3995.0	41.4329268292683	-1359.0	-121.79878048780489	2648.0	3879.8534798534797	212.0	-0.507177033492823	-8.956937799043061	3264.0	4779120.0	98.64501864477374	7.8086124401913874	3744.0	
2785.0	9.195652173913043	1407.0	-5.782608695652174	1.3804347826086956	2126.0	17.0	-0.025487256371814093	0.04047976011994003	31.0	17763.671875	-0.046476761619190406	27.0	32.93738119323389	33966.0	-136.95121951219514	4492.0	7258342.0	221507.01904296875	3731.0	40.1219512195122	-1316.0	-113.75000000000001	2616.0	3832.967032967033	328.0	-0.784688995215311	-8.966507177033492	3416.0	4779120.0	98.64501864477374	8.17224880382775	3748.0	
2780.0	9.434782608695652	1385.0	-5.728260869565217	1.3043478260869565	2133.0	21.0	-0.031484257871064465	0.038980509745127435	41.0	17773.4375	-0.06146926536731634	26.0	32.93738119323389	33966.0	-148.84146341463415	4882.0	7258662.0	221516.78466796875	3416.0	37.5609756097561	-1232.0	-104.14634146341464	2631.0	3854.945054945055	352.0	-0.8421052631578947	-9.129186602870814	3516.0	4779120.0	98.64501864477374	8.411483253588516	3816.0	
2788.0	9.608695652173912	1369.0	-5.815217391304348	1.3369565217391304	2130.0	14.0	-0.020989505247376312	0.020989505247376312	47.0	17783.203125	-0.0704647676161919	14.0	32.93738119323389	33966.0	-161.6768292682927	5303.0	7258982.0	221526.55029296875	3122.0	32.987804878048784	-1082.0	-95.1829268292683	2635.0	3860.805860805861	340.0	-0.8133971291866028	-9.215311004784688	3572.0	4779120.0	98.64501864477374	8.545454545454545	3852.0	
2821.0	9.771739130434783	1354.0	-6.173913043478261	1.2391304347826086	2139.0	4.0	-0.005997001499250375	0.004497751124437781	58.0	17792.96875	-0.08695652173913043	3.0	32.93738119323389	33966.0	-173.07926829268294	5677.0	7259302.0	221536.31591796875	2789.0	27.225609756097562	-893.0	-85.03048780487805	2636.0	3862.2710622710624	384.0	-0.9186602870813396	-9.454545454545455	3640.0	4779120.0	98.64501864477374	8.708133971291865	3952.0	
2847.0	10.0	1333.0	-6.456521739130435	1.3478260869565217	2129.0	6.0	-0.008995502248875561	-0.008995502248875561	60.0	17802.734375	-0.08995502248875561	-6.0	32.93738119323389	33966.0	-183.65853658536588	6024.0	7259622.0	221546.08154296875	2460.0	21.189024390243905	-695.0	-75.0	2648.0	3879.8534798534797	432.0	-1.0334928229665072	-9.808612440191387	3744.0	4777952.0	98.65690198527723	8.956937799043061	4100.0	
2864.0	10.119565217391305	1322.0	-6.641304347826087	1.3695652173913042	2127.0	-4.0	0.005997001499250375	-0.0239880059970015	70.0	17812.5	-0.10494752623688156	-16.0	32.93738119323389	33966.0	-193.75000000000003	6355.0	7259942.0	221555.84716796875	2204.0	11.615853658536587	-381.0	-67.19512195121952	2661.0	3898.901098901099	424.0	-1.014354066985646	-10.066985645933014	3820.0	4777952.0	98.65690198527723	9.138755980861244	4208.0	
2882.0	10.206521739130434	1314.0	-6.83695652173913	1.2065217391304348	2142.0	-7.0	0.010494752623688156	-0.037481259370314844	72.0	17822.265625	-0.10794602698650674	-25.0	32.93738119323389	33966.0	-202.31707317073173	6636.0	7260262.0	221565.61279296875	1956.0	0.39634146341463417	-13.0	-59.63414634146342	2648.0	3879.8534798534797	444.0	-1.062200956937799	-10.296650717703349	3824.0	4777952.0	98.65690198527723	9.148325358851674	4304.0	
2895.0	10.489130434782608	1288.0	-6.978260869565217	1.0217391304347825	2159.0	-9.0	0.013493253373313342	-0.046476761619190406	89.0	17832.03125	-0.13343328335832083	-31.0	32.93738119323389	33966.0	-210.85365853658539	6916.0	7260582.0	221575.37841796875	1645.0	-11.52439024390244	378.0	-50.15243902439025	2638.0	3865.2014652014655	508.0	-1.215311004784689	-10.411483253588516	3936.0	4777952.0	98.65690198527723	9.416267942583731	4352.0	
2891.0	10.782608695652174	1261.0	-6.934782608695652	0.8152173913043478	2178.0	-13.0	0.019490254872563718	-0.0704647676161919	76.0	17841.796875	-0.11394302848575712	-47.0	32.93738119323389	33966.0	-218.32317073170734	7161.0	7260902.0	221585.14404296875	1334.0	-23.993902439024392	787.0	-40.670731707317074	2624.0	3844.6886446886447	608.0	-1.4545454545454546	-10.459330143540669	4100.0	4777952.0	98.65690198527723	9.808612440191387	4372.0	
2902.0	11.021739130434783	1239.0	-7.054347826086956	0.6521739130434783	2193.0	-14.0	0.020989505247376312	-0.08995502248875561	82.0	17851.5625	-0.12293853073463268	-60.0	32.93738119323389	33966.0	-222.68292682926833	7304.0	7261222.0	221594.90966796875	1108.0	-36.79878048780488	1207.0	-33.78048780487805	2637.0	3863.736263736264	704.0	-1.6842105263157894	-10.574162679425838	4196.0	4778384.0	98.65250677147412	10.038277511961722	4420.0	
2896.0	11.130434782608695	1229.0	-6.989130434782608	0.31521739130434784	2224.0	-17.0	0.025487256371814093	-0.11394302848575712	91.0	17861.328125	-0.136431784107946	-76.0	32.93738119323389	33966.0	-226.6768292682927	7435.0	7261542.0	221604.67529296875	833.0	-51.40243902439025	1686.0	-25.396341463414636	2637.0	3863.736263736264	832.0	-1.9904306220095693	-10.679425837320574	4256.0	4778384.0	98.65250677147412	10.181818181818182	4464.0	
2924.0	11.282608695652174	1215.0	-7.293478260869565	0.03260869565217391	2250.0	-16.0	0.0239880059970015	-0.12293853073463268	96.0	17871.09375	-0.14392803598200898	-82.0	32.93738119323389	33966.0	-231.40243902439028	7590.0	7261862.0	221614.44091796875	504.0	-65.1829268292683	2138.0	-15.365853658536587	2620.0	3838.827838827839	976.0	-2.3349282296650715	-10.899521531100477	4324.0	4778384.0	98.65250677147412	10.344497607655502	4556.0	
2928.0	11.597826086956522	1186.0	-7.33695652173913	-0.13043478260869565	2265.0	-9.0	0.013493253373313342	-0.13043478260869565	98.0	17880.859375	-0.14692653673163417	-87.0	32.93738119323389	33966.0	-236.43292682926833	7755.0	7262182.0	221624.20654296875	18.0	-77.01219512195122	2526.0	-0.5487804878048781	2638.0	3865.2014652014655	1056.0	-2.526315789473684	-11.052631578947368	4456.0	4778384.0	98.65250677147412	10.660287081339712	4620.0	
2933.0	11.880434782608695	1160.0	-7.391304347826087	-0.2391304347826087	2275.0	-15.0	0.022488755622188904	-0.15892053973013492	112.0	17890.625	-0.1679160419790105	-106.0	32.93738119323389	33966.0	-239.14634146341464	7844.0	7262502.0	221633.97216796875	-486.0	-90.0609756097561	2954.0	14.817073170731708	2654.0	3888.644688644689	1160.0	-2.77511961722488	-11.033492822966506	4604.0	4778384.0	98.65250677147412	11.014354066985646	4612.0	
2934.0	12.0	1149.0	-7.4021739130434785	-0.5217391304347826	2301.0	-15.0	0.022488755622188904	-0.1679160419790105	117.0	17900.390625	-0.17541229385307347	-112.0	32.93738119323389	33966.0	-241.06707317073173	7907.0	7262822.0	221643.73779296875	-954.0	-101.85975609756099	3341.0	29.08536585365854	2631.0	3854.945054945055	1232.0	-2.9473684210526314	-10.976076555023923	4636.0	4778480.0	98.65153005819982	11.09090909090909	4588.0	
2930.0	11.989130434782608	1150.0	-7.358695652173913	-0.7065217391304348	2318.0	-19.0	0.02848575712143928	-0.17091454272863568	123.0	17910.15625	-0.18440779610194902	-114.0	32.93738119323389	33966.0	-243.78048780487808	7996.0	7263142.0	221653.50341796875	-1416.0	-114.0548780487805	3741.0	43.170731707317074	2645.0	3875.4578754578756	1352.0	-3.2344497607655502	-10.880382775119617	4608.0	4778480.0	98.65153005819982	11.023923444976075	4548.0	
2921.0	11.793478260869565	1168.0	-7.260869565217391	-0.9021739130434783	2336.0	-23.0	0.034482758620689655	-0.1829085457271364	132.0	17919.921875	-0.19790104947526235	-122.0	32.93738119323389	33966.0	-248.68902439024393	8157.0	7263462.0	221663.26904296875	-1738.0	-124.0548780487805	4069.0	52.987804878048784	2630.0	3853.479853479854	1404.0	-3.3588516746411483	-10.78468899521531	4536.0	4778480.0	98.65153005819982	10.851674641148325	4508.0	
2899.0	11.478260869565217	1197.0	-7.021739130434782	-1.141304347826087	2358.0	-18.0	0.026986506746626684	-0.19640179910044978	144.0	17929.6875	-0.21589205397301348	-131.0	32.93738119323389	33966.0	-251.34146341463418	8244.0	7263782.0	221673.03466796875	-1864.0	-134.2987804878049	4405.0	56.82926829268293	2633.0	3857.875457875458	1440.0	-3.4449760765550237	-10.727272727272727	4476.0	4778480.0	98.65153005819982	10.708133971291865	4484.0	
2877.0	11.054347826086957	1236.0	-6.782608695652174	-1.4239130434782608	2384.0	-20.0	0.029985007496251874	-0.20089955022488756	151.0	17939.453125	-0.22638680659670163	-134.0	32.93738119323389	33966.0	-254.63414634146343	8352.0	7264102.0	221682.80029296875	-1903.0	-144.93902439024393	4754.0	58.018292682926834	2634.0	3859.3406593406594	1568.0	-3.751196172248804	-10.526315789473683	4220.0	4778480.0	98.65153005819982	10.095693779904305	4400.0	
2864.0	10.793478260869565	1260.0	-6.641304347826087	-1.641304347826087	2404.0	-19.0	0.02848575712143928	-0.21589205397301348	167.0	17949.21875	-0.25037481259370314	-144.0	32.93738119323389	33966.0	-261.1890243902439	8567.0	7264422.0	221692.56591796875	-1776.0	-154.66463414634148	5073.0	54.146341463414636	2636.0	3862.2710622710624	1684.0	-4.028708133971292	-10.258373205741627	4088.0	4778704.0	98.64925106183847	9.779904306220095	4288.0	
2818.0	10.804347826086957	1259.0	-6.141304347826087	-1.9130434782608696	2429.0	-22.0	0.03298350824587706	-0.22038980509745126	180.0	17958.984375	-0.2698650674662669	-147.0	32.93738119323389	33966.0	-266.0975609756098	8728.0	7264742.0	221702.33154296875	-1725.0	-162.83536585365854	5341.0	52.59146341463415	2650.0	3882.7838827838827	1800.0	-4.30622009569378	-9.961722488038276	4084.0	4778704.0	98.64925106183847	9.770334928229664	4164.0	
2806.0	10.826086956521738	1257.0	-6.010869565217392	-2.217391304347826	2457.0	-28.0	0.041979010494752625	-0.2338830584707646	196.0	17968.75	-0.29385307346326833	-156.0	32.93738119323389	33966.0	-268.44512195121956	8805.0	7265062.0	221712.09716796875	-1554.0	-166.28048780487808	5454.0	47.37804878048781	2662.0	3900.3663003663005	2000.0	-4.784688995215311	-9.569377990430622	4096.0	4778704.0	98.64925106183847	9.799043062200957	4000.0	
2785.0	10.782608695652174	1261.0	-5.782608695652174	-2.532608695652174	2486.0	-19.0	0.02848575712143928	-0.23088455772113942	205.0	17978.515625	-0.3073463268365817	-154.0	32.93738119323389	33966.0	-270.7317073170732	8880.0	7265382.0	221721.86279296875	-1404.0	-166.6158536585366	5465.0	42.804878048780495	2639.0	3866.6666666666665	2060.0	-4.92822966507177	-9.311004784688995	4096.0	4778704.0	98.64925106183847	9.799043062200957	3892.0	
2774.0	10.739130434782608	1265.0	-5.663043478260869	-2.4347826086956523	2477.0	-25.0	0.037481259370314844	-0.24287856071964017	224.0	17988.28125	-0.335832083958021	-162.0	32.93738119323389	33966.0	-272.5914634146342	8941.0	7265702.0	221731.62841796875	-1239.0	-168.47560975609758	5526.0	37.774390243902445	2640.0	3868.131868131868	2056.0	-4.918660287081339	-9.052631578947368	4056.0	4778704.0	98.64925106183847	9.703349282296651	3784.0	
2740.0	10.51086956521739	1286.0	-5.293478260869565	-2.369565217391304	2471.0	-21.0	0.031484257871064465	-0.24437781109445278	247.0	17998.046875	-0.3703148425787106	-163.0	32.93738119323389	33966.0	-272.6219512195122	8942.0	7266022.0	221741.39404296875	-1074.0	-169.87804878048783	5572.0	32.743902439024396	2635.0	3860.805860805861	2004.0	-4.794258373205741	-8.736842105263158	3948.0	4778640.0	98.64990220347333	9.444976076555024	3652.0	
2711.0	10.391304347826086	1297.0	-4.978260869565217	-2.3369565217391304	2468.0	-20.0	0.029985007496251874	-0.25037481259370314	255.0	18007.8125	-0.3823088455772114	-167.0	32.93738119323389	33966.0	-272.4390243902439	8936.0	7266342.0	221751.15966796875	-878.0	-171.00609756097563	5609.0	26.76829268292683	2634.0	3859.3406593406594	1976.0	-4.7272727272727275	-8.296650717703349	3868.0	4778640.0	98.64990220347333	9.253588516746412	3468.0	
2660.0	10.467391304347826	1290.0	-4.423913043478261	-2.1956521739130435	2455.0	-18.0	0.026986506746626684	-0.2518740629685157	274.0	18017.578125	-0.41079460269865065	-168.0	32.93738119323389	33966.0	-272.6219512195122	8942.0	7266662.0	221760.92529296875	-505.0	-170.76219512195124	5601.0	15.396341463414636	2634.0	3859.3406593406594	1892.0	-4.526315789473684	-7.789473684210526	3908.0	4778640.0	98.64990220347333	9.349282296650717	3256.0	
2628.0	10.42391304347826	1294.0	-4.076086956521739	-1.5652173913043477	2397.0	-18.0	0.026986506746626684	-0.2593703148425787	284.0	18027.34375	-0.4257871064467766	-173.0	32.93738119323389	33966.0	-269.0853658536586	8826.0	7266982.0	221770.69091796875	-11.0	-176.03658536585368	5774.0	0.3353658536585366	2625.0	3846.153846153846	1628.0	-3.894736842105263	-7.2727272727272725	3900.0	4778640.0	98.64990220347333	9.330143540669857	3040.0	
2573.0	10.228260869565217	1312.0	-3.4782608695652173	-1.5543478260869565	2396.0	-22.0	0.03298350824587706	-0.2563718140929535	303.0	18037.109375	-0.4542728635682159	-171.0	32.93738119323389	33966.0	-261.70731707317077	8584.0	7267302.0	221780.45654296875	335.0	-183.47560975609758	6018.0	-10.213414634146343	2640.0	3868.131868131868	1660.0	-3.9712918660287078	-6.641148325358851	3796.0	4778640.0	98.64990220347333	9.081339712918659	2776.0	
2549.0	10.054347826086957	1328.0	-3.217391304347826	-1.3695652173913042	2379.0	-23.0	0.034482758620689655	-0.25487256371814093	313.0	18046.875	-0.46926536731634183	-170.0	32.93738119323389	33966.0	-256.5243902439025	8414.0	7267622.0	221790.22216796875	577.0	-187.9878048780488	6166.0	-17.59146341463415	2654.0	3888.644688644689	1604.0	-3.8373205741626792	-6.229665071770334	3744.0	4778912.0	98.64713485253435	8.956937799043061	2604.0	
2522.0	9.92391304347826	1340.0	-2.9239130434782608	-1.315217391304348	2374.0	-22.0	0.03298350824587706	-0.2593703148425787	325.0	18056.640625	-0.4872563718140929	-173.0	32.93738119323389	33966.0	-253.2926829268293	8308.0	7267942.0	221799.98779296875	878.0	-193.44512195121953	6345.0	-26.76829268292683	2635.0	3860.805860805861	1484.0	-3.5502392344497604	-5.85645933014354	3672.0	4778912.0	98.64713485253435	8.78468899521531	2448.0	
2485.0	9.902173913043478	1342.0	-2.5217391304347827	-1.3695652173913042	2379.0	-23.0	0.034482758620689655	-0.2518740629685157	342.0	18066.40625	-0.512743628185907	-168.0	32.93738119323389	33966.0	-247.34756097560978	8113.0	7268262.0	221809.75341796875	982.0	-198.81097560975613	6521.0	-29.939024390243905	2643.0	3872.5274725274726	1572.0	-3.7607655502392343	-5.444976076555024	3660.0	4778912.0	98.64713485253435	8.75598086124402	2276.0	
2449.0	10.130434782608695	1321.0	-2.130434782608696	-1.7391304347826086	2413.0	-15.0	0.022488755622188904	-0.25487256371814093	360.0	18076.171875	-0.5397301349325337	-170.0	32.93738119323389	33966.0	-243.2317073170732	7978.0	7268582.0	221819.51904296875	1031.0	-201.7378048780488	6617.0	-31.432926829268297	2645.0	3875.4578754578756	1660.0	-3.9712918660287078	-5.196172248803827	3716.0	4778912.0	98.64713485253435	8.889952153110048	2172.0	
2415.0	10.42391304347826	1294.0	-1.7608695652173914	-2.010869565217391	2438.0	-17.0	0.025487256371814093	-0.239880059970015	373.0	18085.9375	-0.5592203898050975	-160.0	32.93738119323389	33966.0	-238.96341463414637	7838.0	7268902.0	221829.28466796875	1234.0	-201.12804878048783	6597.0	-37.6219512195122	2651.0	3884.2490842490843	1796.0	-4.296650717703349	-4.851674641148326	3884.0	4778912.0	98.64713485253435	9.291866028708133	2028.0	
2394.0	10.282608695652174	1307.0	-1.5326086956521738	-1.826086956521739	2421.0	-19.0	0.02848575712143928	-0.24437781109445278	388.0	18095.703125	-0.5817091454272864	-163.0	32.93738119323389	33966.0	-230.45731707317074	7559.0	7269222.0	221839.05029296875	1422.0	-201.18902439024393	6599.0	-43.35365853658537	2646.0	3876.923076923077	1760.0	-4.2105263157894735	-4.5933014354066986	3900.0	4779088.0	98.64534421509798	9.330143540669857	1920.0	
2369.0	9.91304347826087	1341.0	-1.2608695652173914	-1.8043478260869565	2419.0	-18.0	0.026986506746626684	-0.24287856071964017	393.0	18105.46875	-0.5892053973013494	-162.0	32.93738119323389	33966.0	-221.18902439024393	7255.0	7269542.0	221848.81591796875	1338.0	-200.1829268292683	6566.0	-40.79268292682927	2632.0	3856.4102564102564	1732.0	-4.143540669856459	-4.15311004784689	3720.0	4779088.0	98.64534421509798	8.899521531100477	1736.0	
2328.0	9.532608695652174	1376.0	-0.8152173913043478	-1.684782608695652	2408.0	-14.0	0.020989505247376312	-0.2368815592203898	407.0	18115.234375	-0.6101949025487257	-158.0	32.93738119323389	33966.0	-216.64634146341464	7106.0	7269862.0	221858.58154296875	1378.0	-198.0487804878049	6496.0	-42.01219512195122	2647.0	3878.388278388278	1652.0	-3.952153110047847	-3.6842105263157894	3500.0	4779088.0	98.64534421509798	8.373205741626794	1540.0	
2277.0	9.434782608695652	1385.0	-0.2608695652173913	-1.8152173913043477	2420.0	-14.0	0.020989505247376312	-0.2353823088455772	413.0	18125.0	-0.6191904047976011	-157.0	32.93738119323389	33966.0	-214.60365853658539	7039.0	7270182.0	221868.34716796875	1631.0	-199.69512195121953	6550.0	-49.72560975609757	2625.0	3846.153846153846	1716.0	-4.105263157894736	-3.0430622009569377	3460.0	4779088.0	98.64534421509798	8.277511961722487	1272.0	
2228.0	9.76086956521739	1355.0	0.2717391304347826	-1.684782608695652	2408.0	-9.0	0.013493253373313342	-0.22188905547226387	427.0	18134.765625	-0.6401799100449775	-148.0	32.93738119323389	33966.0	-214.1158536585366	7023.0	7270502.0	221878.11279296875	2100.0	-203.20121951219514	6665.0	-64.02439024390245	2644.0	3873.992673992674	1692.0	-4.047846889952153	-2.3827751196172247	3632.0	4779088.0	98.64534421509798	8.688995215311005	996.0	
2198.0	10.032608695652174	1330.0	0.5978260869565217	-1.7934782608695652	2418.0	-8.0	0.01199400299850075	-0.21739130434782608	436.0	18144.53125	-0.6536731634182908	-145.0	32.93738119323389	33966.0	-206.76829268292684	6782.0	7270822.0	221887.87841796875	2263.0	-207.68292682926833	6812.0	-68.9939024390244	2643.0	3872.5274725274726	1672.0	-4.0	-1.9234449760765548	3752.0	4779328.0	98.64290243855662	8.976076555023923	804.0	
2172.0	9.76086956521739	1355.0	0.8804347826086957	-2.0	2437.0	-11.0	0.01649175412293853	-0.2098950524737631	450.0	18154.296875	-0.6746626686656672	-140.0	32.93738119323389	33966.0	-191.76829268292684	6290.0	7271142.0	221897.64404296875	2212.0	-208.32317073170734	6833.0	-67.43902439024392	2633.0	3857.875457875458	1796.0	-4.296650717703349	-1.6172248803827751	3596.0	4779328.0	98.64290243855662	8.602870813397129	676.0	
2156.0	9.402173913043478	1388.0	1.0543478260869565	-1.9021739130434783	2428.0	-7.0	0.010494752623688156	-0.19940029985007496	451.0	18164.0625	-0.6761619190404797	-133.0	32.93738119323389	33966.0	-182.95731707317074	6001.0	7271462.0	221907.40966796875	2313.0	-202.46951219512198	6641.0	-70.51829268292684	2642.0	3871.062271062271	1732.0	-4.143540669856459	-1.3779904306220094	3456.0	4779328.0	98.64290243855662	8.267942583732058	576.0	
2130.0	8.956521739130434	1429.0	1.3369565217391304	-1.326086956521739	2375.0	-2.0	0.0029985007496251873	-0.20239880059970014	461.0	18173.828125	-0.6911544227886057	-135.0	32.93738119323389	33966.0	-177.8658536585366	5834.0	7271782.0	221917.17529296875	2493.0	-197.10365853658539	6465.0	-76.00609756097562	2630.0	3853.479853479854	1440.0	-3.4449760765550237	-1.1100478468899522	3236.0	4779328.0	98.64290243855662	7.741626794258373	464.0	
2103.0	8.51086956521739	1470.0	1.6304347826086956	-1.108695652173913	2355.0	1.0	-0.0014992503748125937	-0.19490254872563717	474.0	18183.59375	-0.7106446776611693	-130.0	32.93738119323389	33966.0	-173.109756097561	5678.0	7272102.0	221926.94091796875	2475.0	-193.41463414634148	6344.0	-75.45731707317074	2624.0	3844.6886446886447	1356.0	-3.2440191387559807	-0.7272727272727273	3056.0	4779328.0	98.64290243855662	7.311004784688995	304.0	
2066.0	8.195652173913043	1499.0	2.032608695652174	-1.1195652173913042	2356.0	-1.0	0.0014992503748125937	-0.17391304347826086	473.0	18193.359375	-0.7091454272863568	-116.0	32.93738119323389	33966.0	-164.72560975609758	5403.0	7272422.0	221936.70654296875	2563.0	-185.76219512195124	6093.0	-78.14024390243902	2632.0	3856.4102564102564	1356.0	-3.2440191387559807	-0.2200956937799043	2880.0	4779328.0	98.64290243855662	6.889952153110047	92.0	
2031.0	8.065217391304348	1511.0	2.4130434782608696	-1.0217391304347825	2347.0	4.0	-0.005997001499250375	-0.17841079460269865	488.0	18203.125	-0.7316341829085456	-119.0	32.93738119323389	33966.0	-157.95731707317074	5181.0	7272742.0	221946.47216796875	2804.0	-175.21341463414635	5747.0	-85.48780487804879	2652.0	3885.714285714286	1296.0	-3.1004784688995213	0.2583732057416268	2804.0	4779328.0	98.64290243855662	6.708133971291866	-108.0	
2001.0	7.913043478260869	1525.0	2.7391304347826084	-1.108695652173913	2355.0	10.0	-0.014992503748125937	-0.17691154422788605	493.0	18212.890625	-0.7391304347826086	-118.0	32.93738119323389	33966.0	-151.58536585365854	4972.0	7273062.0	221956.23779296875	3122.0	-167.9878048780488	5510.0	-95.1829268292683	2635.0	3860.805860805861	1344.0	-3.215311004784689	0.5454545454545454	2756.0	4779328.0	98.64290243855662	6.5933014354066986	-228.0	
1973.0	7.793478260869565	1536.0	3.043478260869565	-0.5434782608695652	2303.0	8.0	-0.01199400299850075	-0.1664167916041979	491.0	18222.65625	-0.7361319340329835	-111.0	32.93738119323389	33966.0	-143.07926829268294	4693.0	7273382.0	221966.00341796875	3351.0	-163.68902439024393	5369.0	-102.16463414634147	2654.0	3888.644688644689	1084.0	-2.5933014354066986	0.9569377990430622	2708.0	4779328.0	98.64290243855662	6.4784688995215305	-400.0	
1957.0	7.4021739130434785	1572.0	3.217391304347826	0.06521739130434782	2247.0	6.0	-0.008995502248875561	-0.15592203898050974	496.0	18232.421875	-0.7436281859070465	-104.0	32.93738119323389	33966.0	-134.60365853658539	4415.0	7273702.0	221975.76904296875	3663.0	-162.28658536585368	5323.0	-111.67682926829269	2632.0	3856.4102564102564	888.0	-2.124401913875598	1.0526315789473684	2632.0	4779328.0	98.64290243855662	6.296650717703349	-440.0	
1926.0	7.08695652173913	1601.0	3.5543478260869565	0.2826086956521739	2227.0	10.0	-0.014992503748125937	-0.1454272863568216	501.0	18242.1875	-0.7511244377811094	-97.0	32.93738119323389	33966.0	-124.48170731707319	4083.0	7274022.0	221985.53466796875	3700.0	-160.4268292682927	5262.0	-112.8048780487805	2639.0	3866.6666666666665	756.0	-1.8086124401913874	1.4354066985645932	2412.0	4779200.0	98.64420471912297	5.770334928229665	-600.0	
1892.0	7.173913043478261	1593.0	3.9239130434782608	0.4782608695652174	2209.0	8.0	-0.01199400299850075	-0.1424287856071964	510.0	18251.953125	-0.7646176911544228	-95.0	32.93738119323389	33966.0	-115.39634146341464	3785.0	7274342.0	221995.30029296875	3728.0	-154.1768292682927	5057.0	-113.65853658536587	2633.0	3857.875457875458	712.0	-1.7033492822966507	1.8181818181818181	2372.0	4779200.0	98.64420471912297	5.6746411483253585	-760.0	
1874.0	7.619565217391304	1552.0	4.119565217391305	0.4891304347826087	2208.0	9.0	-0.013493253373313342	-0.1454272863568216	513.0	18261.71875	-0.7691154422788605	-97.0	32.93738119323389	33966.0	-107.53048780487806	3527.0	7274662.0	222005.06591796875	3767.0	-148.71951219512198	4878.0	-114.84756097560977	2632.0	3856.4102564102564	624.0	-1.492822966507177	2.0574162679425836	2580.0	4779200.0	98.64420471912297	6.172248803827751	-860.0	
1829.0	8.33695652173913	1486.0	4.608695652173913	0.7391304347826086	2185.0	10.0	-0.014992503748125937	-0.13793103448275862	514.0	18271.484375	-0.7706146926536731	-92.0	32.93738119323389	33966.0	-98.84146341463415	3242.0	7274982.0	222014.83154296875	3458.0	-148.75	4879.0	-105.42682926829269	2655.0	3890.10989010989	580.0	-1.38755980861244	2.4976076555023923	2940.0	4779200.0	98.64420471912297	7.033492822966507	-1044.0	
1776.0	8.434782608695652	1477.0	5.184782608695652	1.2065217391304348	2142.0	14.0	-0.020989505247376312	-0.13343328335832083	515.0	18281.25	-0.7721139430284857	-89.0	32.93738119323389	33966.0	-87.16463414634147	2859.0	7275302.0	222024.59716796875	2907.0	-150.0	4920.0	-88.62804878048782	2657.0	3893.040293040293	484.0	-1.1578947368421053	3.253588516746411	3056.0	4779200.0	98.64420471912297	7.311004784688995	-1360.0	
1716.0	7.5978260869565215	1554.0	5.83695652173913	1.4021739130434783	2124.0	16.0	-0.0239880059970015	-0.12743628185907047	519.0	18291.015625	-0.7781109445277361	-85.0	32.93738119323389	33966.0	-77.6829268292683	2548.0	7275622.0	222034.36279296875	2436.0	-146.6768292682927	4811.0	-74.26829268292684	2638.0	3865.2014652014655	284.0	-0.6794258373205742	4.0669856459330145	2720.0	4779600.0	98.64013509429397	6.507177033492822	-1700.0	
1667.0	6.554347826086956	1650.0	6.369565217391304	1.9891304347826086	2070.0	20.0	-0.029985007496251874	-0.12293853073463268	523.0	18300.78125	-0.7841079460269865	-82.0	32.93738119323389	33966.0	-71.34146341463415	2340.0	7275942.0	222044.12841796875	1964.0	-142.22560975609758	4665.0	-59.87804878048781	2643.0	3872.5274725274726	32.0	-0.07655502392344497	4.755980861244019	2208.0	4779600.0	98.64013509429397	5.282296650717703	-1988.0	
1628.0	5.945652173913043	1706.0	6.793478260869565	2.3152173913043477	2040.0	21.0	-0.031484257871064465	-0.12143928035982009	524.0	18310.546875	-0.7856071964017991	-81.0	32.93738119323389	33966.0	-65.27439024390245	2141.0	7276262.0	222053.89404296875	1731.0	-141.52439024390245	4642.0	-52.774390243902445	2626.0	3847.6190476190477	-160.0	0.3827751196172249	5.205741626794258	1932.0	4779600.0	98.64013509429397	4.62200956937799	-2176.0	
1604.0	5.8478260869565215	1715.0	7.054347826086956	2.3369565217391304	2038.0	28.0	-0.041979010494752625	-0.12143928035982009	535.0	18320.3125	-0.8020989505247376	-81.0	32.93738119323389	33966.0	-57.957317073170735	1901.0	7276582.0	222063.65966796875	1489.0	-141.4939024390244	4641.0	-45.396341463414636	2640.0	3868.131868131868	-164.0	0.3923444976076555	5.454545454545454	1892.0	4779600.0	98.64013509429397	4.526315789473684	-2280.0	
1593.0	5.815217391304348	1718.0	7.173913043478261	2.293478260869565	2042.0	32.0	-0.047976011994003	-0.1199400299850075	534.0	18330.078125	-0.800599700149925	-80.0	32.93738119323389	33966.0	-50.335365853658544	1651.0	7276902.0	222073.42529296875	1511.0	-136.9817073170732	4493.0	-46.06707317073171	2655.0	3890.10989010989	-112.0	0.2679425837320574	5.636363636363636	1852.0	4779600.0	98.64013509429397	4.430622009569378	-2356.0	
1603.0	5.608695652173913	1737.0	7.065217391304348	2.152173913043478	2055.0	32.0	-0.047976011994003	-0.1199400299850075	534.0	18339.84375	-0.800599700149925	-80.0	32.93738119323389	33966.0	-41.85975609756098	1373.0	7277222.0	222083.19091796875	1590.0	-131.4939024390244	4313.0	-48.47560975609757	2627.0	3849.084249084249	-136.0	0.3253588516746411	5.473684210526316	1752.0	4779552.0	98.64062344897204	4.1913875598086126	-2288.0	
1613.0	5.282608695652174	1767.0	6.956521739130435	2.3043478260869565	2041.0	38.0	-0.05697151424287856	-0.1169415292353823	533.0	18349.609375	-0.7991004497751124	-78.0	32.93738119323389	33966.0	-35.396341463414636	1161.0	7277542.0	222092.95654296875	1720.0	-120.09146341463416	3939.0	-52.43902439024391	2644.0	3873.992673992674	-208.0	0.49760765550239233	5.291866028708133	1616.0	4779552.0	98.64062344897204	3.866028708133971	-2212.0	
1628.0	5.1521739130434785	1779.0	6.793478260869565	2.0217391304347827	2067.0	38.0	-0.05697151424287856	-0.1169415292353823	533.0	18359.375	-0.7991004497751124	-78.0	32.93738119323389	33966.0	-32.01219512195122	1050.0	7277862.0	222102.72216796875	1954.0	-103.62804878048782	3399.0	-59.57317073170732	2654.0	3888.644688644689	-8.0	0.019138755980861243	5.167464114832535	1564.0	4779552.0	98.64062344897204	3.741626794258373	-2160.0	
1630.0	5.369565217391304	1759.0	6.771739130434782	1.5652173913043477	2109.0	37.0	-0.05547226386806597	-0.11094452773613193	522.0	18369.140625	-0.7826086956521738	-74.0	32.93738119323389	33966.0	-31.52439024390244	1034.0	7278182.0	222112.48779296875	2044.0	-82.31707317073172	2700.0	-62.31707317073171	2630.0	3853.479853479854	100.0	-0.23923444976076555	5.253588516746412	1680.0	4779552.0	98.64062344897204	4.019138755980861	-2196.0	
1601.0	5.532608695652174	1744.0	7.08695652173913	1.7391304347826086	2093.0	39.0	-0.05847076461769115	-0.10944527736131934	528.0	18378.90625	-0.7916041979010494	-73.0	32.93738119323389	33966.0	-34.54268292682927	1133.0	7278502.0	222122.25341796875	2218.0	-55.335365853658544	1815.0	-67.6219512195122	2654.0	3888.644688644689	48.0	-0.11483253588516745	5.4162679425837315	1736.0	4779552.0	98.64062344897204	4.15311004784689	-2264.0	
1559.0	5.771739130434782	1722.0	7.543478260869565	1.8043478260869565	2087.0	44.0	-0.06596701649175413	-0.09895052473763118	521.0	18388.671875	-0.7811094452773613	-66.0	32.93738119323389	33966.0	-31.3109756097561	1027.0	7278822.0	222132.01904296875	1991.0	-39.35975609756098	1291.0	-60.70121951219513	2626.0	3847.6190476190477	84.0	-0.20095693779904306	5.952153110047846	1844.0	4779440.0	98.64176294354058	4.411483253588517	-2488.0	
1508.0	5.782608695652174	1721.0	8.097826086956522	2.0543478260869565	2064.0	42.0	-0.06296851574212893	-0.11544227886056971	534.0	18398.4375	-0.800599700149925	-77.0	32.93738119323389	33966.0	-29.634146341463417	972.0	7279142.0	222141.78466796875	1957.0	-34.78658536585366	1141.0	-59.66463414634147	2636.0	3862.2710622710624	-64.0	0.15311004784688995	6.545454545454545	1856.0	4779440.0	98.64176294354058	4.440191387559809	-2736.0	
1482.0	5.956521739130435	1705.0	8.380434782608695	1.9456521739130435	2074.0	36.0	-0.05397301349325337	-0.10644677661169415	532.0	18408.203125	-0.7976011994002998	-71.0	32.93738119323389	33966.0	-27.31707317073171	896.0	7279462.0	222151.55029296875	1872.0	-39.451219512195124	1294.0	-57.07317073170732	2630.0	3853.479853479854	-4.0	0.009569377990430622	6.909090909090909	1876.0	4779440.0	98.64176294354058	4.488038277511961	-2888.0	
1468.0	5.9021739130434785	1710.0	8.532608695652174	1.6304347826086956	2103.0	41.0	-0.06146926536731634	-0.10494752623688156	530.0	18417.96875	-0.7946026986506747	-70.0	32.93738119323389	33966.0	-22.25609756097561	730.0	7279782.0	222161.31591796875	1776.0	-41.493902439024396	1361.0	-54.146341463414636	2635.0	3860.805860805861	124.0	-0.2966507177033493	7.167464114832535	1936.0	4779440.0	98.64176294354058	4.631578947368421	-2996.0	
1461.0	6.0	1701.0	8.608695652173912	1.4239130434782608	2122.0	38.0	-0.05697151424287856	-0.10944527736131934	532.0	18427.734375	-0.7976011994002998	-73.0	32.93738119323389	33966.0	-17.28658536585366	567.0	7280102.0	222171.08154296875	1614.0	-39.51219512195122	1296.0	-49.207317073170735	2646.0	3876.923076923077	264.0	-0.631578947368421	7.196172248803827	1952.0	4779440.0	98.64176294354058	4.669856459330143	-3008.0	
1470.0	5.5978260869565215	1738.0	8.51086956521739	1.7934782608695652	2088.0	33.0	-0.04947526236881559	-0.10944527736131934	529.0	18437.5	-0.793103448275862	-73.0	32.93738119323389	33966.0	-13.78048780487805	452.0	7280422.0	222180.84716796875	1624.0	-34.390243902439025	1128.0	-49.51219512195122	2661.0	3898.901098901099	140.0	-0.33492822966507174	7.119617224880383	1800.0	4779568.0	98.64046066407022	4.30622009569378	-2976.0	
1472.0	5.173913043478261	1777.0	8.48913043478261	1.6195652173913042	2104.0	38.0	-0.05697151424287856	-0.10494752623688156	531.0	18447.265625	-0.7961019490254873	-70.0	32.93738119323389	33966.0	-10.30487804878049	338.0	7280742.0	222190.61279296875	1672.0	-33.41463414634147	1096.0	-50.97560975609757	2640.0	3868.131868131868	152.0	-0.36363636363636365	7.157894736842105	1596.0	4779568.0	98.64046066407022	3.818181818181818	-2992.0	
1479.0	5.010869565217392	1792.0	8.41304347826087	1.4782608695652173	2117.0	36.0	-0.05397301349325337	-0.10344827586206896	527.0	18457.03125	-0.7901049475262368	-69.0	32.93738119323389	33966.0	-7.01219512195122	230.0	7281062.0	222200.37841796875	1734.0	-30.762195121951223	1009.0	-52.865853658536594	2643.0	3872.5274725274726	200.0	-0.4784688995215311	7.090909090909091	1516.0	4779568.0	98.64046066407022	3.626794258373206	-2964.0	
1487.0	5.130434782608695	1781.0	8.326086956521738	1.2282608695652173	2140.0	34.0	-0.050974512743628186	-0.095952023988006	530.0	18466.796875	-0.7946026986506747	-64.0	32.93738119323389	33966.0	-4.725609756097562	155.0	7281382.0	222210.14404296875	1670.0	-26.981707317073173	885.0	-50.91463414634147	2630.0	3853.479853479854	332.0	-0.7942583732057416	6.966507177033493	1588.0	4779568.0	98.64046066407022	3.799043062200957	-2912.0	
1496.0	5.445652173913043	1752.0	8.228260869565217	1.0869565217391304	2153.0	33.0	-0.04947526236881559	-0.10794602698650674	527.0	18476.5625	-0.7901049475262368	-72.0	32.93738119323389	33966.0	-0.9146341463414634	30.0	7281702.0	222219.90966796875	1538.0	-20.335365853658537	667.0	-46.89024390243903	2639.0	3866.6666666666665	376.0	-0.8995215311004784	6.861244019138756	1688.0	4779568.0	98.64046066407022	4.038277511961723	-2868.0	
1496.0	5.478260869565217	1749.0	8.228260869565217	0.9130434782608695	2169.0	33.0	-0.04947526236881559	-0.10794602698650674	526.0	18486.328125	-0.7886056971514243	-72.0	32.93738119323389	33966.0	3.3841463414634148	-111.0	7282022.0	222229.67529296875	1465.0	-15.27439024390244	501.0	-44.66463414634147	2626.0	3847.6190476190477	424.0	-1.014354066985646	6.842105263157895	1668.0	4779680.0	98.63932117001315	3.990430622009569	-2860.0	
1498.0	5.173913043478261	1777.0	8.206521739130434	0.8913043478260869	2171.0	32.0	-0.047976011994003	-0.10344827586206896	529.0	18496.09375	-0.793103448275862	-69.0	32.93738119323389	33966.0	5.487804878048781	-180.0	7282342.0	222239.44091796875	1322.0	-10.396341463414634	341.0	-40.304878048780495	2625.0	3846.153846153846	432.0	-1.0334928229665072	6.813397129186603	1572.0	4779680.0	98.63932117001315	3.7607655502392343	-2848.0	
1490.0	4.945652173913043	1798.0	8.293478260869565	1.1739130434782608	2145.0	32.0	-0.047976011994003	-0.11094452773613193	534.0	18505.859375	-0.800599700149925	-74.0	32.93738119323389	33966.0	7.743902439024391	-254.0	7282662.0	222249.20654296875	1230.0	-8.079268292682928	265.0	-37.5	2655.0	3890.10989010989	368.0	-0.8803827751196172	6.909090909090909	1496.0	4779680.0	98.63932117001315	3.5789473684210527	-2888.0	
1484.0	4.978260869565217	1795.0	8.358695652173912	1.1195652173913042	2150.0	29.0	-0.043478260869565216	-0.10944527736131934	526.0	18515.625	-0.7886056971514243	-73.0	32.93738119323389	33966.0	7.408536585365854	-243.0	7282982.0	222258.97216796875	1232.0	-5.365853658536586	176.0	-37.5609756097561	2643.0	3872.5274725274726	404.0	-0.9665071770334928	6.9952153110047846	1484.0	4779680.0	98.63932117001315	3.5502392344497604	-2924.0	
1478.0	5.0978260869565215	1784.0	8.42391304347826	0.9130434782608695	2169.0	28.0	-0.041979010494752625	-0.11094452773613193	532.0	18525.390625	-0.7976011994002998	-74.0	32.93738119323389	33966.0	8.810975609756099	-289.0	7283302.0	222268.73779296875	1224.0	-3.2926829268292686	108.0	-37.31707317073171	2633.0	3857.875457875458	468.0	-1.1196172248803826	7.1291866028708135	1540.0	4779680.0	98.63932117001315	3.6842105263157894	-2980.0	
1470.0	5.141304347826087	1780.0	8.51086956521739	1.065217391304348	2155.0	28.0	-0.041979010494752625	-0.11394302848575712	526.0	18535.15625	-0.7886056971514243	-76.0	32.93738119323389	33966.0	10.487804878048781	-344.0	7283622.0	222278.50341796875	1196.0	0.3658536585365854	-12.0	-36.463414634146346	2654.0	3888.644688644689	456.0	-1.0909090909090908	7.148325358851674	1564.0	4779552.0	98.64062344897204	3.741626794258373	-2988.0	
1471.0	5.0978260869565215	1784.0	8.5	0.9456521739130435	2166.0	27.0	-0.04047976011994003	-0.11244377811094453	527.0	18544.921875	-0.7901049475262368	-75.0	32.93738119323389	33966.0	12.560975609756099	-412.0	7283942.0	222288.26904296875	1151.0	2.8963414634146343	-95.0	-35.09146341463415	2633.0	3857.875457875458	436.0	-1.0430622009569377	7.167464114832535	1552.0	4779552.0	98.64062344897204	3.712918660287081	-2996.0	
1479.0	5.0978260869565215	1784.0	8.41304347826087	0.9347826086956521	2167.0	21.0	-0.031484257871064465	-0.1184407796101949	522.0	18554.6875	-0.7826086956521738	-79.0	32.93738119323389	33966.0	15.670731707317074	-514.0	7284262.0	222298.03466796875	1100.0	6.676829268292684	-219.0	-33.53658536585366	2638.0	3865.2014652014655	464.0	-1.1100478468899522	7.090909090909091	1544.0	4779552.0	98.64062344897204	3.69377990430622	-2964.0	
1486.0	5.0978260869565215	1784.0	8.33695652173913	0.8152173913043478	2178.0	19.0	-0.02848575712143928	-0.12443778110944527	525.0	18564.453125	-0.7871064467766117	-83.0	32.93738119323389	33966.0	17.713414634146343	-581.0	7284582.0	222307.80029296875	1076.0	13.353658536585368	-438.0	-32.80487804878049	2636.0	3862.2710622710624	452.0	-1.0813397129186602	6.985645933014354	1520.0	4779552.0	98.64062344897204	3.6363636363636362	-2920.0	
1493.0	4.913043478260869	1801.0	8.26086956521739	0.7934782608695652	2180.0	21.0	-0.031484257871064465	-0.13043478260869565	527.0	18574.21875	-0.7901049475262368	-87.0	32.93738119323389	33966.0	20.03048780487805	-657.0	7284902.0	222317.56591796875	986.0	20.243902439024392	-664.0	-30.0609756097561	2629.0	3852.0146520146523	488.0	-1.1674641148325358	6.851674641148325	1508.0	4779552.0	98.64062344897204	3.6076555023923444	-2864.0	
1489.0	4.858695652173913	1806.0	8.304347826086957	0.8804347826086957	2172.0	23.0	-0.034482758620689655	-0.11544227886056971	526.0	18583.984375	-0.7886056971514243	-77.0	32.93738119323389	33966.0	22.225609756097562	-729.0	7285222.0	222327.33154296875	973.0	29.451219512195124	-966.0	-29.664634146341466	2644.0	3873.992673992674	472.0	-1.1291866028708133	6.861244019138756	1440.0	4779408.0	98.64208851349949	3.4449760765550237	-2868.0	
1495.0	4.706521739130435	1820.0	8.23913043478261	1.1630434782608696	2146.0	17.0	-0.025487256371814093	-0.11244377811094453	529.0	18593.75	-0.793103448275862	-75.0	32.93738119323389	33966.0	24.573170731707318	-806.0	7285542.0	222337.09716796875	926.0	35.701219512195124	-1171.0	-28.231707317073173	2647.0	3878.388278388278	428.0	-1.0239234449760766	6.8708133971291865	1384.0	4779408.0	98.64208851349949	3.311004784688995	-2872.0	
1500.0	4.75	1816.0	8.184782608695652	1.2826086956521738	2135.0	13.0	-0.019490254872563718	-0.12443778110944527	520.0	18603.515625	-0.7796101949025487	-83.0	32.93738119323389	33966.0	26.951219512195124	-884.0	7285862.0	222346.86279296875	829.0	39.72560975609756	-1303.0	-25.27439024390244	2634.0	3859.3406593406594	324.0	-0.7751196172248803	6.784688995215311	1384.0	4779408.0	98.64208851349949	3.311004784688995	-2836.0	
1515.0	4.75	1816.0	8.021739130434783	1.6739130434782608	2099.0	9.0	-0.013493253373313342	-0.1199400299850075	529.0	18613.28125	-0.793103448275862	-80.0	32.93738119323389	33966.0	30.945121951219516	-1015.0	7286182.0	222356.62841796875	697.0	43.04878048780488	-1412.0	-21.250000000000004	2640.0	3868.131868131868	160.0	-0.3827751196172249	6.63157894736842	1388.0	4779408.0	98.64208851349949	3.3205741626794256	-2772.0	
1544.0	4.760869565217392	1815.0	7.706521739130435	2.032608695652174	2066.0	5.0	-0.0074962518740629685	-0.12293853073463268	524.0	18623.046875	-0.7856071964017991	-82.0	32.93738119323389	33966.0	36.890243902439025	-1210.0	7286502.0	222366.39404296875	457.0	45.03048780487805	-1477.0	-13.932926829268293	2629.0	3852.0146520146523	-16.0	0.03827751196172249	6.258373205741626	1388.0	4779408.0	98.64208851349949	3.3205741626794256	-2616.0	
1583.0	4.728260869565217	1818.0	7.282608695652174	2.25	2046.0	6.0	-0.008995502248875561	-0.12743628185907047	517.0	18632.8125	-0.775112443778111	-85.0	32.93738119323389	33966.0	43.50609756097561	-1427.0	7286822.0	222376.15966796875	314.0	48.78048780487806	-1600.0	-9.573170731707318	2635.0	3860.805860805861	-160.0	0.3827751196172249	5.779904306220096	1360.0	4779584.0	98.64029787917752	3.253588516746411	-2416.0	
1632.0	4.83695652173913	1808.0	6.75	1.7065217391304348	2096.0	-4.0	0.005997001499250375	-0.13343328335832083	520.0	18642.578125	-0.7796101949025487	-89.0	32.93738119323389	33966.0	50.15243902439025	-1645.0	7287142.0	222385.92529296875	243.0	50.88414634146342	-1669.0	-7.408536585365854	2625.0	3846.153846153846	88.0	-0.21052631578947367	5.1291866028708135	1348.0	4779584.0	98.64029787917752	3.2248803827751193	-2144.0	
1700.0	4.989130434782608	1794.0	6.010869565217392	1.2391304347826086	2139.0	-2.0	0.0029985007496251873	-0.13343328335832083	510.0	18652.34375	-0.7646176911544228	-89.0	32.93738119323389	33966.0	55.79268292682927	-1830.0	7287462.0	222395.69091796875	189.0	61.85975609756098	-2029.0	-5.76219512195122	2617.0	3834.4322344322345	264.0	-0.631578947368421	4.3349282296650715	1488.0	4779584.0	98.64029787917752	3.5598086124401913	-1812.0	
1741.0	5.065217391304348	1787.0	5.565217391304348	1.0978260869565217	2152.0	-4.0	0.005997001499250375	-0.1394302848575712	518.0	18662.109375	-0.7766116941529235	-93.0	32.93738119323389	33966.0	62.40853658536586	-2047.0	7287782.0	222405.45654296875	130.0	82.98780487804879	-2722.0	-3.963414634146342	2638.0	3865.2014652014655	340.0	-0.8133971291866028	3.7607655502392343	1508.0	4779584.0	98.64029787917752	3.6076555023923444	-1572.0	
1764.0	4.880434782608695	1804.0	5.315217391304348	1.2173913043478262	2141.0	-6.0	0.008995502248875561	-0.1424287856071964	513.0	18671.875	-0.7691154422788605	-95.0	32.93738119323389	33966.0	69.45121951219512	-2278.0	7288102.0	222415.22216796875	-44.0	104.90853658536587	-3441.0	1.3414634146341464	2652.0	3885.714285714286	344.0	-0.8229665071770335	3.5502392344497604	1392.0	4779584.0	98.64029787917752	3.3301435406698565	-1484.0	
1759.0	4.717391304347826	1819.0	5.369565217391304	1.141304347826087	2148.0	-10.0	0.014992503748125937	-0.1394302848575712	510.0	18681.640625	-0.7646176911544228	-93.0	32.93738119323389	33966.0	76.58536585365854	-2512.0	7288422.0	222424.98779296875	-143.0	120.91463414634147	-3966.0	4.359756097560976	2633.0	3857.875457875458	308.0	-0.7368421052631579	3.5598086124401913	1356.0	4779392.0	98.64225129849264	3.2440191387559807	-1488.0	
1759.0	4.880434782608695	1804.0	5.369565217391304	1.1521739130434783	2147.0	-19.0	0.02848575712143928	-0.14392803598200898	509.0	18691.40625	-0.7631184407796102	-96.0	32.93738119323389	33966.0	84.51219512195122	-2772.0	7288742.0	222434.75341796875	-246.0	128.32317073170734	-4209.0	7.500000000000001	2647.0	3878.388278388278	364.0	-0.8708133971291866	3.6363636363636362	1356.0	4779392.0	98.64225129849264	3.2440191387559807	-1520.0	
1766.0	5.054347826086956	1788.0	5.293478260869565	0.8152173913043478	2178.0	-10.0	0.014992503748125937	-0.15442278860569714	502.0	18701.171875	-0.7526236881559221	-103.0	32.93738119323389	33966.0	93.65853658536587	-3072.0	7289062.0	222444.51904296875	-366.0	133.2317073170732	-4370.0	11.158536585365855	2647.0	3878.388278388278	456.0	-1.0909090909090908	3.5789473684210527	1468.0	4779392.0	98.64225129849264	3.511961722488038	-1496.0	
1789.0	5.293478260869565	1766.0	5.043478260869565	0.2826086956521739	2227.0	-24.0	0.035982008995502246	-0.15292353823088456	502.0	18710.9375	-0.7526236881559221	-102.0	32.93738119323389	33966.0	105.00000000000001	-3444.0	7289382.0	222454.28466796875	-510.0	138.1707317073171	-4532.0	15.54878048780488	2642.0	3871.062271062271	720.0	-1.7224880382775118	3.3492822966507174	1568.0	4779392.0	98.64225129849264	3.751196172248804	-1400.0	
1823.0	5.380434782608695	1758.0	4.673913043478261	0.10869565217391304	2243.0	-27.0	0.04047976011994003	-0.1619190404797601	498.0	18720.703125	-0.7466266866566716	-108.0	32.93738119323389	33966.0	116.98170731707319	-3837.0	7289702.0	222464.05029296875	-650.0	147.6829268292683	-4844.0	19.81707317073171	2641.0	3869.5970695970695	812.0	-1.9425837320574162	2.889952153110048	1608.0	4779392.0	98.64225129849264	3.8468899521531097	-1208.0	
1851.0	5.271739130434782	1768.0	4.369565217391305	-0.10869565217391304	2263.0	-32.0	0.047976011994003	-0.1664167916041979	492.0	18730.46875	-0.7376311844077961	-111.0	32.93738119323389	33966.0	129.359756097561	-4243.0	7290022.0	222473.81591796875	-895.0	159.1158536585366	-5219.0	27.28658536585366	2636.0	3862.2710622710624	852.0	-2.0382775119617222	2.4688995215311005	1580.0	4779584.0	98.64029787917752	3.7799043062200957	-1032.0	
1871.0	5.478260869565217	1749.0	4.1521739130434785	-0.9782608695652174	2343.0	-41.0	0.06146926536731634	-0.17691154422788605	488.0	18740.234375	-0.7316341829085456	-118.0	32.93738119323389	33966.0	141.09756097560978	-4628.0	7290342.0	222483.58154296875	-1097.0	164.51219512195124	-5396.0	33.44512195121951	2635.0	3860.805860805861	1252.0	-2.9952153110047846	2.2392344497607652	1632.0	4779584.0	98.64029787917752	3.9043062200956937	-936.0	
1891.0	5.945652173913043	1706.0	3.934782608695652	-1.326086956521739	2375.0	-40.0	0.05997001499250375	-0.17241379310344826	472.0	18750.0	-0.7076461769115442	-115.0	32.93738119323389	33966.0	150.94512195121953	-4951.0	7290662.0	222493.34716796875	-1290.0	172.37804878048783	-5654.0	39.32926829268293	2649.0	3881.3186813186812	1560.0	-3.7320574162679425	1.9617224880382775	1868.0	4779584.0	98.64029787917752	4.4688995215311005	-820.0	
1914.0	6.282608695652174	1675.0	3.684782608695652	-1.3695652173913042	2379.0	-41.0	0.06146926536731634	-0.18440779610194902	474.0	18759.765625	-0.7106446776611693	-123.0	32.93738119323389	33966.0	160.39634146341464	-5261.0	7290982.0	222503.11279296875	-1328.0	187.07317073170734	-6136.0	40.487804878048784	2639.0	3866.6666666666665	1468.0	-3.511961722488038	1.6555023923444976	2016.0	4779584.0	98.64029787917752	4.822966507177033	-692.0	
1922.0	6.304347826086956	1673.0	3.5978260869565215	-1.0434782608695652	2349.0	-52.0	0.07796101949025487	-0.1874062968515742	465.0	18769.53125	-0.697151424287856	-125.0	32.93738119323389	33966.0	174.0548780487805	-5709.0	7291302.0	222512.87841796875	-1655.0	196.09756097560978	-6432.0	50.457317073170735	2639.0	3866.6666666666665	1360.0	-3.253588516746411	1.5023923444976075	2044.0	4779584.0	98.64029787917752	4.889952153110047	-628.0	
1917.0	6.467391304347826	1658.0	3.652173913043478	-1.5434782608695652	2395.0	-49.0	0.07346326836581708	-0.19940029985007496	454.0	18779.296875	-0.6806596701649176	-133.0	32.93738119323389	33966.0	187.22560975609758	-6141.0	7291622.0	222522.64404296875	-1949.0	190.64024390243904	-6253.0	59.42073170731708	2635.0	3860.805860805861	1608.0	-3.8468899521531097	1.5980861244019138	2096.0	4779600.0	98.64013509429397	5.0143540669856455	-668.0	
1912.0	6.913043478260869	1617.0	3.7065217391304346	-1.858695652173913	2424.0	-56.0	0.08395802098950525	-0.21139430284857572	447.0	18789.0625	-0.6701649175412293	-141.0	32.93738119323389	33966.0	197.53048780487808	-6479.0	7291942.0	222532.40966796875	-2077.0	182.34756097560978	-5981.0	63.32317073170732	2643.0	3872.5274725274726	1764.0	-4.220095693779904	1.5215311004784688	2320.0	4779600.0	98.64013509429397	5.55023923444976	-636.0	
1955.0	7.413043478260869	1571.0	3.2391304347826084	-1.9782608695652173	2435.0	-53.0	0.07946026986506746	-0.21139430284857572	433.0	18798.828125	-0.649175412293853	-141.0	32.93738119323389	33966.0	209.32926829268294	-6866.0	7292262.0	222542.17529296875	-1830.0	177.6219512195122	-5826.0	55.79268292682927	2638.0	3865.2014652014655	1724.0	-4.124401913875598	1.0909090909090908	2480.0	4779600.0	98.64013509429397	5.9330143540669855	-456.0	
1990.0	7.456521739130435	1567.0	2.858695652173913	-2.619565217391304	2494.0	-55.0	0.08245877061469264	-0.22188905547226387	422.0	18808.59375	-0.6326836581709145	-148.0	32.93738119323389	33966.0	222.10365853658539	-7285.0	7292582.0	222551.94091796875	-1580.0	166.76829268292684	-5470.0	48.170731707317074	2620.0	3838.827838827839	2080.0	-4.976076555023924	0.6602870813397129	2536.0	4779600.0	98.64013509429397	6.0669856459330145	-276.0	
2028.0	7.543478260869565	1559.0	2.4456521739130435	-2.6739130434782608	2499.0	-54.0	0.08095952023988005	-0.22038980509745126	413.0	18818.359375	-0.6191904047976011	-147.0	32.93738119323389	33966.0	232.50000000000003	-7626.0	7292902.0	222561.70654296875	-1308.0	159.14634146341464	-5220.0	39.87804878048781	2641.0	3869.5970695970695	2092.0	-5.0047846889952154	0.12440191387559808	2588.0	4779600.0	98.64013509429397	6.1913875598086126	-52.0	
2072.0	7.695652173913043	1545.0	1.967391304347826	-2.630434782608696	2495.0	-60.0	0.08995502248875561	-0.2338830584707646	394.0	18828.125	-0.5907046476761619	-156.0	32.93738119323389	33966.0	240.70121951219514	-7895.0	7293222.0	222571.47216796875	-843.0	157.13414634146343	-5154.0	25.701219512195124	2649.0	3881.3186813186812	2136.0	-5.110047846889952	-0.4401913875598086	2660.0	4779504.0	98.64111180373233	6.363636363636363	184.0	
2104.0	7.869565217391304	1529.0	1.6195652173913042	-3.1739130434782608	2545.0	-63.0	0.0944527736131934	-0.24137931034482757	386.0	18837.890625	-0.5787106446776612	-161.0	32.93738119323389	33966.0	247.13414634146343	-8106.0	7293542.0	222581.23779296875	-447.0	154.2378048780488	-5059.0	13.628048780487806	2629.0	3852.0146520146523	2220.0	-5.311004784688995	-0.6794258373205742	2716.0	4779504.0	98.64111180373233	6.497607655502392	284.0	
2142.0	8.152173913043478	1503.0	1.2065217391304348	-3.3260869565217392	2559.0	-64.0	0.095952023988006	-0.24287856071964017	363.0	18847.65625	-0.5442278860569715	-162.0	32.93738119323389	33966.0	250.36585365853662	-8212.0	7293862.0	222591.00341796875	-113.0	152.9268292682927	-5016.0	3.4451219512195124	2625.0	3846.153846153846	2372.0	-5.6746411483253585	-1.1100478468899522	2824.0	4779504.0	98.64111180373233	6.755980861244019	464.0	
2183.0	8.467391304347826	1474.0	0.7608695652173912	-3.2065217391304346	2548.0	-67.0	0.10044977511244378	-0.2518740629685157	362.0	18857.421875	-0.5427286356821589	-168.0	32.93738119323389	33966.0	254.1768292682927	-8337.0	7294182.0	222600.76904296875	75.0	154.87804878048783	-5080.0	-2.2865853658536586	2631.0	3854.945054945055	2308.0	-5.521531100478469	-1.6172248803827751	2988.0	4779504.0	98.64111180373233	7.148325358851674	676.0	
2216.0	8.869565217391305	1437.0	0.40217391304347827	-3.1630434782608696	2544.0	-67.0	0.10044977511244378	-0.25337331334332835	339.0	18867.1875	-0.5082458770614693	-169.0	32.93738119323389	33966.0	259.6036585365854	-8515.0	7294502.0	222610.53466796875	171.0	154.20731707317074	-5058.0	-5.213414634146342	2640.0	3868.131868131868	2320.0	-5.55023923444976	-2.0669856459330145	3152.0	4779504.0	98.64111180373233	7.5406698564593295	864.0	
2247.0	9.380434782608695	1390.0	0.06521739130434782	-3.467391304347826	2572.0	-64.0	0.095952023988006	-0.2593703148425787	326.0	18876.953125	-0.48875562218890556	-173.0	32.93738119323389	33966.0	263.8109756097561	-8653.0	7294822.0	222620.30029296875	184.0	149.32926829268294	-4898.0	-5.609756097560976	2634.0	3859.3406593406594	2368.0	-5.665071770334928	-2.488038277511962	3352.0	4779616.0	98.63997230941952	8.019138755980862	1040.0	
2281.0	10.130434782608695	1321.0	-0.30434782608695654	-3.7717391304347827	2600.0	-67.0	0.10044977511244378	-0.2563718140929535	309.0	18886.71875	-0.46326836581709147	-171.0	32.93738119323389	33966.0	264.2987804878049	-8669.0	7295142.0	222630.06591796875	182.0	141.3719512195122	-4637.0	-5.548780487804879	2632.0	3856.4102564102564	2652.0	-6.344497607655502	-2.909090909090909	3728.0	4779616.0	98.63997230941952	8.91866028708134	1216.0	
2339.0	11.184782608695652	1224.0	-0.9347826086956521	-3.6630434782608696	2590.0	-64.0	0.095952023988006	-0.25337331334332835	295.0	18896.484375	-0.4422788605697151	-169.0	32.93738119323389	33966.0	266.219512195122	-8732.0	7295462.0	222639.83154296875	178.0	137.77439024390245	-4519.0	-5.426829268292684	2640.0	3868.131868131868	2532.0	-6.057416267942584	-3.617224880382775	4164.0	4779616.0	98.63997230941952	9.961722488038276	1512.0	
2387.0	11.75	1172.0	-1.4565217391304348	-3.3478260869565215	2561.0	-68.0	0.10194902548725637	-0.25337331334332835	280.0	18906.25	-0.4197901049475262	-169.0	32.93738119323389	33966.0	273.26219512195127	-8963.0	7295782.0	222649.59716796875	-413.0	131.00609756097563	-4297.0	12.591463414634147	2651.0	3884.2490842490843	2512.0	-6.00956937799043	-4.287081339712919	4480.0	4779616.0	98.63997230941952	10.717703349282296	1792.0	
2419.0	12.076086956521738	1142.0	-1.8043478260869565	-3.3369565217391304	2560.0	-65.0	0.09745127436281859	-0.24737631184407796	263.0	18916.015625	-0.39430284857571213	-165.0	32.93738119323389	33966.0	283.4756097560976	-9298.0	7296102.0	222659.36279296875	-1225.0	121.98170731707319	-4001.0	37.34756097560976	2642.0	3871.062271062271	2480.0	-5.9330143540669855	-4.7368421052631575	4628.0	4779616.0	98.63997230941952	11.07177033492823	1980.0	
2445.0	11.934782608695652	1155.0	-2.0869565217391304	-2.7391304347826084	2505.0	-64.0	0.095952023988006	-0.239880059970015	242.0	18925.78125	-0.36281859070464767	-160.0	32.93738119323389	33966.0	293.75	-9635.0	7296422.0	222669.12841796875	-1771.0	112.62195121951221	-3694.0	53.993902439024396	2642.0	3871.062271062271	2184.0	-5.22488038277512	-5.08133971291866	4576.0	4779440.0	98.64176294354058	10.947368421052632	2124.0	
2462.0	11.717391304347826	1175.0	-2.2717391304347827	-2.630434782608696	2495.0	-63.0	0.0944527736131934	-0.24437781109445278	228.0	18935.546875	-0.34182908545727136	-163.0	32.93738119323389	33966.0	303.5365853658537	-9956.0	7296742.0	222678.89404296875	-2417.0	97.40853658536587	-3195.0	73.68902439024392	2628.0	3850.5494505494507	2128.0	-5.090909090909091	-5.22488038277512	4472.0	4779440.0	98.64176294354058	10.698564593301436	2184.0	
2453.0	11.956521739130434	1153.0	-2.1739130434782608	-2.8152173913043477	2512.0	-52.0	0.07796101949025487	-0.23088455772113942	211.0	18945.3125	-0.31634182908545727	-154.0	32.93738119323389	33966.0	311.7378048780488	-10225.0	7297062.0	222688.65966796875	-3057.0	73.96341463414635	-2426.0	93.20121951219512	2631.0	3854.945054945055	2208.0	-5.282296650717703	-5.148325358851674	4568.0	4779440.0	98.64176294354058	10.92822966507177	2152.0	
2450.0	12.054347826086957	1144.0	-2.141304347826087	-3.543478260869565	2579.0	-51.0	0.07646176911544228	-0.23238380809595202	191.0	18955.078125	-0.2863568215892054	-155.0	32.93738119323389	33966.0	318.32317073170736	-10441.0	7297382.0	222698.42529296875	-2922.0	45.304878048780495	-1486.0	89.08536585365854	2640.0	3868.131868131868	2636.0	-6.30622009569378	-5.205741626794258	4636.0	4779440.0	98.64176294354058	11.09090909090909	2176.0	
2526.0	11.42391304347826	1202.0	-2.967391304347826	-4.608695652173913	2677.0	-41.0	0.06146926536731634	-0.21739130434782608	171.0	18964.84375	-0.2563718140929535	-145.0	32.93738119323389	33966.0	321.6463414634147	-10550.0	7297702.0	222708.19091796875	-2787.0	32.28658536585366	-1059.0	84.96951219512196	2624.0	3844.6886446886447	2956.0	-7.071770334928229	-6.095693779904306	4288.0	4779440.0	98.64176294354058	10.258373205741627	2548.0	
2725.0	10.554347826086957	1282.0	-5.130434782608695	-3.891304347826087	2611.0	-34.0	0.050974512743628186	-0.2143928035982009	166.0	18974.609375	-0.24887556221889054	-143.0	32.93738119323389	33966.0	317.25609756097566	-10406.0	7298022.0	222717.95654296875	-2296.0	69.90853658536587	-2293.0	70.0	2640.0	3868.131868131868	2384.0	-5.70334928229665	-9.10047846889952	3924.0	4779248.0	98.64371636384207	9.38755980861244	3804.0	
2956.0	10.032608695652174	1330.0	-7.641304347826087	-3.7717391304347827	2600.0	-36.0	0.05397301349325337	-0.19790104947526235	136.0	18984.375	-0.20389805097451275	-132.0	32.93738119323389	33966.0	312.2865853658537	-10243.0	7298342.0	222727.72216796875	-2164.0	124.57317073170732	-4086.0	65.97560975609757	2649.0	3881.3186813186812	2484.0	-5.942583732057416	-10.746411483253588	3808.0	4779248.0	98.64371636384207	9.110047846889952	4492.0	
2997.0	9.66304347826087	1364.0	-8.08695652173913	-2.652173913043478	2497.0	-24.0	0.035982008995502246	-0.18140929535232383	131.0	18994.140625	-0.19640179910044978	-121.0	32.93738119323389	33966.0	310.7926829268293	-10194.0	7298662.0	222737.48779296875	-2988.0	141.46341463414635	-4640.0	91.09756097560977	2632.0	3856.4102564102564	2208.0	-5.282296650717703	-12.086124401913874	3572.0	4779248.0	98.64371636384207	8.545454545454545	5052.0	
2911.0	9.5	1379.0	-7.1521739130434785	-1.2065217391304348	2364.0	-19.0	0.02848575712143928	-0.17691154422788605	107.0	19003.90625	-0.16041979010494753	-118.0	32.93738119323389	33966.0	303.14024390243907	-9943.0	7298982.0	222747.25341796875	-3303.0	135.88414634146343	-4457.0	100.70121951219514	2652.0	3885.714285714286	1680.0	-4.019138755980861	-11.24401913875598	3552.0	4779248.0	98.64371636384207	8.497607655502392	4700.0	
2826.0	9.42391304347826	1386.0	-6.228260869565217	-0.4782608695652174	2297.0	-8.0	0.01199400299850075	-0.15592203898050974	103.0	19013.671875	-0.15442278860569714	-104.0	32.93738119323389	33966.0	297.3475609756098	-9753.0	7299302.0	222757.01904296875	-3359.0	119.23780487804879	-3911.0	102.40853658536587	2634.0	3859.3406593406594	1264.0	-3.0239234449760763	-9.933014354066986	3504.0	4779248.0	98.64371636384207	8.382775119617225	4152.0	
2807.0	9.184782608695652	1408.0	-6.021739130434782	0.043478260869565216	2249.0	3.0	-0.004497751124437781	-0.14692653673163417	85.0	19023.4375	-0.12743628185907047	-98.0	32.942352337483314	33967.0	298.38414634146346	-9787.0	7299622.0	222766.78466796875	-3526.0	100.48780487804879	-3296.0	107.50000000000001	2640.0	3868.131868131868	1012.0	-2.4210526315789473	-9.425837320574162	3372.0	4779248.0	98.64455782874806	8.066985645933014	3940.0	
2865.0	8.956521739130434	1429.0	-6.6521739130434785	0.2717391304347826	2228.0	7.0	-0.010494752623688156	-0.12443778110944527	69.0	19033.203125	-0.10344827586206896	-83.0	32.942352337483314	33967.0	300.4268292682927	-9854.0	7299942.0	222776.55029296875	-3639.0	82.65243902439025	-2711.0	110.94512195121952	2632.0	3856.4102564102564	840.0	-2.0095693779904304	-9.980861244019138	3212.0	4779248.0	98.64455782874806	7.684210526315789	4172.0	
2972.0	8.73913043478261	1449.0	-7.815217391304348	0.31521739130434784	2224.0	20.0	-0.029985007496251874	-0.08845577211394302	60.0	19042.96875	-0.08995502248875561	-59.0	32.942352337483314	33967.0	299.87804878048786	-9836.0	7300262.0	222786.31591796875	-3673.0	69.63414634146342	-2284.0	111.98170731707319	2634.0	3859.3406593406594	804.0	-1.9234449760765548	-11.368421052631579	3160.0	4779248.0	98.64455782874806	7.559808612440191	4752.0	
3086.0	8.75	1448.0	-9.054347826086957	-0.06521739130434782	2259.0	20.0	-0.029985007496251874	-0.07796101949025487	49.0	19052.734375	-0.07346326836581708	-52.0	32.942352337483314	33967.0	297.8658536585366	-9770.0	7300582.0	222796.08154296875	-3675.0	66.18902439024392	-2171.0	112.04268292682927	2620.0	3838.827838827839	956.0	-2.2870813397129184	-12.803827751196172	3152.0	4779248.0	98.64455782874806	7.5406698564593295	5352.0	
3163.0	8.66304347826087	1456.0	-9.891304347826086	0.13043478260869565	2241.0	27.0	-0.04047976011994003	-0.06296851574212893	41.0	19062.5	-0.06146926536731634	-42.0	32.942352337483314	33967.0	295.3963414634147	-9689.0	7300902.0	222805.84716796875	-3465.0	64.84756097560977	-2127.0	105.64024390243904	2645.0	3875.4578754578756	944.0	-2.2583732057416266	-13.885167464114833	3096.0	4779248.0	98.64455782874806	7.4066985645933014	5804.0	
3202.0	8.706521739130434	1452.0	-10.315217391304348	0.20652173913043478	2234.0	36.0	-0.05397301349325337	-0.037481259370314844	26.0	19072.265625	-0.038980509745127435	-25.0	32.942352337483314	33967.0	292.7439024390244	-9602.0	7301222.0	222815.61279296875	-3256.0	58.29268292682927	-1912.0	99.26829268292684	2639.0	3866.6666666666665	844.0	-2.0191387559808613	-14.449760765550238	3124.0	4778304.0	98.65416224213088	7.473684210526316	6040.0	
3220.0	8.956521739130434	1429.0	-10.51086956521739	0.31521739130434784	2224.0	40.0	-0.05997001499250375	-0.01649175412293853	17.0	19082.03125	-0.025487256371814093	-11.0	32.942352337483314	33967.0	290.1219512195122	-9516.0	7301542.0	222825.37841796875	-3051.0	51.768292682926834	-1698.0	93.01829268292684	2644.0	3873.992673992674	840.0	-2.0095693779904304	-14.736842105263158	3240.0	4778304.0	98.65416224213088	7.751196172248804	6160.0	
3258.0	9.380434782608695	1390.0	-10.92391304347826	0.3804347826086956	2218.0	51.0	-0.07646176911544228	0.004497751124437781	10.0	19091.796875	-0.014992503748125937	3.0	32.942352337483314	33967.0	285.82317073170736	-9375.0	7301862.0	222835.14404296875	-2994.0	44.69512195121952	-1466.0	91.28048780487806	2627.0	3849.084249084249	772.0	-1.84688995215311	-15.014354066985645	3448.0	4778304.0	98.65416224213088	8.248803827751196	6276.0	
3264.0	9.891304347826086	1343.0	-10.989130434782608	0.41304347826086957	2215.0	52.0	-0.07796101949025487	0.0239880059970015	4.0	19101.5625	-0.005997001499250375	16.0	32.942352337483314	33967.0	281.95121951219517	-9248.0	7302182.0	222844.90966796875	-3125.0	38.47560975609756	-1262.0	95.27439024390245	2635.0	3860.805860805861	772.0	-1.84688995215311	-15.196172248803828	3680.0	4778304.0	98.65416224213088	8.803827751196172	6352.0	
3265.0	10.141304347826086	1320.0	-11.0	0.4782608695652174	2209.0	61.0	-0.0914542728635682	0.05697151424287856	-5.0	19111.328125	0.0074962518740629685	38.0	32.942352337483314	33967.0	276.1585365853659	-9058.0	7302502.0	222854.67529296875	-3391.0	32.13414634146342	-1054.0	103.38414634146342	2623.0	3843.223443223443	736.0	-1.7607655502392343	-15.033492822966506	3816.0	4778304.0	98.65416224213088	9.129186602870814	6284.0	
3232.0	10.184782608695652	1316.0	-10.641304347826086	0.5760869565217391	2200.0	58.0	-0.08695652173913043	0.08095952023988005	-13.0	19121.09375	0.019490254872563718	54.0	32.942352337483314	33967.0	265.82317073170736	-8719.0	7302822.0	222864.44091796875	-3767.0	25.701219512195124	-843.0	114.84756097560977	2625.0	3846.153846153846	660.0	-1.5789473684210527	-14.631578947368421	3828.0	4778384.0	98.65334830756036	9.157894736842104	6116.0	
3177.0	10.065217391304348	1327.0	-10.043478260869565	0.8369565217391304	2176.0	62.0	-0.09295352323838081	0.10044977511244378	-16.0	19130.859375	0.0239880059970015	67.0	32.942352337483314	33967.0	251.9207317073171	-8263.0	7303142.0	222874.20654296875	-4079.0	17.408536585365855	-571.0	124.35975609756099	2636.0	3862.2710622710624	596.0	-1.4258373205741626	-13.71291866028708	3756.0	4778384.0	98.65334830756036	8.985645933014354	5732.0	
3137.0	9.695652173913043	1361.0	-9.608695652173912	0.8804347826086957	2172.0	65.0	-0.09745127436281859	0.1184407796101949	-23.0	19140.625	0.034482758620689655	79.0	32.942352337483314	33967.0	234.39024390243904	-7688.0	7303462.0	222883.97216796875	-4351.0	12.01219512195122	-394.0	132.65243902439025	2641.0	3869.5970695970695	596.0	-1.4258373205741626	-13.732057416267942	3696.0	4778384.0	98.65334830756036	8.842105263157894	5740.0	
3093.0	9.217391304347826	1405.0	-9.130434782608695	1.0543478260869565	2156.0	65.0	-0.09745127436281859	0.13493253373313344	-23.0	19150.390625	0.034482758620689655	90.0	32.942352337483314	33967.0	211.52439024390245	-6938.0	7303782.0	222893.73779296875	-4577.0	6.829268292682928	-224.0	139.5426829268293	2637.0	3863.736263736264	516.0	-1.2344497607655502	-13.205741626794257	3504.0	4778384.0	98.65334830756036	8.382775119617225	5520.0	
3049.0	8.652173913043478	1457.0	-8.652173913043478	1.5	2115.0	71.0	-0.10644677661169415	0.17241379310344826	-22.0	19160.15625	0.03298350824587706	115.0	32.942352337483314	33967.0	184.4817073170732	-6051.0	7304102.0	222903.50341796875	-4678.0	1.676829268292683	-55.0	142.6219512195122	2654.0	3888.644688644689	372.0	-0.8899521531100478	-12.708133971291865	3288.0	4778384.0	98.65334830756036	7.866028708133971	5312.0	
3025.0	7.923913043478261	1524.0	-8.391304347826086	1.5978260869565217	2106.0	71.0	-0.10644677661169415	0.17241379310344826	-22.0	19169.921875	0.03298350824587706	115.0	32.942352337483314	33967.0	156.9207317073171	-5147.0	7304422.0	222913.26904296875	-4557.0	-3.2926829268292686	108.0	138.9329268292683	2627.0	3849.084249084249	264.0	-0.631578947368421	-12.200956937799043	2980.0	4778560.0	98.65155765230894	7.1291866028708135	5100.0	
3003.0	7.08695652173913	1601.0	-8.152173913043478	1.858695652173913	2082.0	76.0	-0.11394302848575712	0.17841079460269865	-29.0	19179.6875	0.043478260869565216	119.0	32.942352337483314	33967.0	129.32926829268294	-4242.0	7304742.0	222923.03466796875	-4268.0	-8.902439024390246	292.0	130.1219512195122	2641.0	3869.5970695970695	136.0	-0.3253588516746411	-11.866028708133971	2548.0	4778560.0	98.65155765230894	6.095693779904306	4960.0	
2997.0	6.25	1678.0	-8.08695652173913	1.967391304347826	2072.0	76.0	-0.11394302848575712	0.17841079460269865	-29.0	19189.453125	0.043478260869565216	119.0	32.942352337483314	33967.0	101.76829268292684	-3338.0	7305062.0	222932.80029296875	-3777.0	-14.26829268292683	468.0	115.15243902439025	2636.0	3862.2710622710624	48.0	-0.11483253588516745	-11.722488038277511	2120.0	4778560.0	98.65155765230894	5.071770334928229	4900.0	
3003.0	5.478260869565217	1749.0	-8.152173913043478	1.9891304347826086	2070.0	73.0	-0.10944527736131934	0.2143928035982009	-28.0	19199.21875	0.041979010494752625	143.0	32.942352337483314	33967.0	73.78048780487805	-2420.0	7305382.0	222942.56591796875	-3170.0	-17.31707317073171	568.0	96.64634146341464	2631.0	3854.945054945055	48.0	-0.11483253588516745	-11.808612440191387	1800.0	4778560.0	98.65155765230894	4.30622009569378	4936.0	
3026.0	5.206521739130435	1774.0	-8.402173913043478	1.967391304347826	2072.0	76.0	-0.11394302848575712	0.21139430284857572	-35.0	19208.984375	0.05247376311844078	141.0	32.942352337483314	33967.0	48.90243902439025	-1604.0	7305702.0	222952.33154296875	-2418.0	-16.432926829268293	539.0	73.71951219512196	2644.0	3873.992673992674	24.0	-0.057416267942583726	-12.057416267942584	1600.0	4778560.0	98.65155765230894	3.827751196172249	5040.0	
3020.0	5.065217391304348	1787.0	-8.33695652173913	2.1630434782608696	2054.0	72.0	-0.10794602698650674	0.22488755622188905	-33.0	19218.75	0.04947526236881559	150.0	32.942352337483314	33967.0	29.84756097560976	-979.0	7306022.0	222962.09716796875	-1655.0	-13.628048780487806	447.0	50.457317073170735	2645.0	3875.4578754578756	-20.0	0.04784688995215311	-12.009569377990431	1528.0	4778960.0	98.64748798539297	3.6555023923444976	5020.0	
2987.0	5.119565217391304	1782.0	-7.978260869565217	2.1739130434782608	2053.0	72.0	-0.10794602698650674	0.23238380809595202	-37.0	19228.515625	0.05547226386806597	155.0	32.942352337483314	33967.0	15.335365853658537	-503.0	7306342.0	222971.86279296875	-877.0	-10.731707317073171	352.0	26.737804878048784	2641.0	3869.5970695970695	-44.0	0.10526315789473684	-11.626794258373206	1576.0	4778960.0	98.64748798539297	3.7703349282296648	4860.0	
2955.0	5.260869565217392	1769.0	-7.630434782608695	2.0543478260869565	2064.0	74.0	-0.11094452773613193	0.22938530734632684	-26.0	19238.28125	0.038980509745127435	153.0	32.942352337483314	33967.0	-0.7926829268292683	26.0	7306662.0	222981.62841796875	-121.0	-4.2682926829268295	140.0	3.689024390243903	2640.0	3868.131868131868	-56.0	0.1339712918660287	-11.138755980861244	1612.0	4778960.0	98.64748798539297	3.8564593301435406	4656.0	
2911.0	5.358695652173913	1760.0	-7.1521739130434785	2.2065217391304346	2050.0	74.0	-0.11094452773613193	0.2353823088455772	-29.0	19248.046875	0.043478260869565216	157.0	32.942352337483314	33967.0	-10.365853658536587	340.0	7306982.0	222991.39404296875	407.0	1.4634146341463417	-48.0	-12.408536585365855	2636.0	3862.2710622710624	-88.0	0.21052631578947367	-10.545454545454545	1648.0	4778960.0	98.64748798539297	3.942583732057416	4408.0	
2873.0	5.521739130434782	1745.0	-6.739130434782608	2.1847826086956523	2052.0	67.0	-0.10044977511244378	0.24287856071964017	-31.0	19257.8125	0.046476761619190406	162.0	32.942352337483314	33967.0	-16.219512195121954	532.0	7307302.0	223001.15966796875	881.0	7.469512195121952	-245.0	-26.85975609756098	2640.0	3868.131868131868	-80.0	0.19138755980861244	-10.105263157894736	1732.0	4778960.0	98.64748798539297	4.143540669856459	4224.0	
2856.0	5.869565217391304	1713.0	-6.554347826086956	2.260869565217391	2045.0	72.0	-0.10794602698650674	0.2353823088455772	-35.0	19267.578125	0.05247376311844078	157.0	32.942352337483314	33967.0	-21.493902439024392	705.0	7307622.0	223010.92529296875	1280.0	13.01829268292683	-427.0	-39.024390243902445	2623.0	3843.223443223443	-152.0	0.36363636363636365	-9.85645933014354	1812.0	4779072.0	98.64634847967943	4.3349282296650715	4120.0	
2827.0	6.032608695652174	1698.0	-6.239130434782608	2.282608695652174	2043.0	71.0	-0.10644677661169415	0.22788605697151423	-40.0	19277.34375	0.05997001499250375	152.0	32.942352337483314	33967.0	-24.32926829268293	798.0	7307942.0	223020.69091796875	1571.0	17.5	-574.0	-47.896341463414636	2624.0	3844.6886446886447	-160.0	0.3827751196172249	-9.444976076555024	1956.0	4779072.0	98.64634847967943	4.679425837320574	3948.0	
2789.0	6.33695652173913	1670.0	-5.826086956521739	2.4565217391304346	2027.0	72.0	-0.10794602698650674	0.22788605697151423	-33.0	19287.109375	0.04947526236881559	152.0	32.942352337483314	33967.0	-25.213414634146343	827.0	7308262.0	223030.45654296875	1730.0	22.34756097560976	-733.0	-52.743902439024396	2639.0	3866.6666666666665	-156.0	0.37320574162679426	-9.215311004784688	2016.0	4779072.0	98.64634847967943	4.822966507177033	3852.0	
2758.0	6.641304347826087	1642.0	-5.489130434782608	2.5978260869565215	2014.0	69.0	-0.10344827586206896	0.22788605697151423	-35.0	19296.875	0.05247376311844078	152.0	32.942352337483314	33967.0	-24.146341463414636	792.0	7308582.0	223040.22216796875	1744.0	25.33536585365854	-831.0	-53.17073170731708	2641.0	3869.5970695970695	-224.0	0.5358851674641149	-8.813397129186603	2140.0	4779072.0	98.64634847967943	5.119617224880383	3684.0	
2730.0	6.956521739130435	1613.0	-5.184782608695652	2.5760869565217392	2016.0	74.0	-0.11094452773613193	0.22338830584707645	-33.0	19306.640625	0.04947526236881559	149.0	32.942352337483314	33967.0	-21.432926829268293	703.0	7308902.0	223049.98779296875	1579.0	28.475609756097562	-934.0	-48.14024390243903	2630.0	3853.479853479854	-240.0	0.5741626794258373	-8.33492822966507	2288.0	4779072.0	98.64634847967943	5.473684210526316	3484.0	
2706.0	7.206521739130435	1590.0	-4.923913043478261	2.7065217391304346	2004.0	76.0	-0.11394302848575712	0.21739130434782608	-31.0	19316.40625	0.046476761619190406	145.0	32.942352337483314	33967.0	-19.512195121951223	640.0	7309222.0	223059.75341796875	1308.0	28.53658536585366	-936.0	-39.87804878048781	2636.0	3862.2710622710624	-292.0	0.6985645933014354	-8.057416267942584	2420.0	4779072.0	98.64634847967943	5.789473684210526	3368.0	
2700.0	7.423913043478261	1570.0	-4.858695652173913	2.7282608695652173	2002.0	77.0	-0.11544227886056971	0.21139430284857572	-31.0	19326.171875	0.046476761619190406	141.0	32.942352337483314	33967.0	-21.707317073170735	712.0	7309542.0	223069.51904296875	936.0	29.969512195121954	-983.0	-28.53658536585366	2655.0	3890.10989010989	-284.0	0.6794258373205742	-8.038277511961722	2548.0	4779072.0	98.64634847967943	6.095693779904306	3360.0	
2706.0	7.543478260869565	1559.0	-4.923913043478261	2.8152173913043477	1994.0	83.0	-0.12443778110944527	0.21139430284857572	-25.0	19335.9375	0.037481259370314844	141.0	32.942352337483314	33967.0	-21.920731707317074	719.0	7309862.0	223079.28466796875	485.0	31.646341463414636	-1038.0	-14.786585365853659	2642.0	3871.062271062271	-324.0	0.7751196172248803	-8.066985645933014	2612.0	4779072.0	98.64634847967943	6.248803827751196	3372.0	
2713.0	7.684782608695652	1546.0	-5.0	2.9565217391304346	1981.0	72.0	-0.10794602698650674	0.2128935532233883	-29.0	19345.703125	0.043478260869565216	142.0	32.942352337483314	33967.0	-21.676829268292686	711.0	7310182.0	223089.05029296875	55.0	30.54878048780488	-1002.0	-1.676829268292683	2640.0	3868.131868131868	-392.0	0.937799043062201	-8.16267942583732	2624.0	4779072.0	98.64634847967943	6.277511961722488	3412.0	
2720.0	7.630434782608695	1551.0	-5.076086956521739	2.9782608695652173	1979.0	78.0	-0.1169415292353823	0.21889055472263869	-29.0	19355.46875	0.043478260869565216	146.0	32.942352337483314	33967.0	-23.140243902439025	759.0	7310502.0	223098.81591796875	-292.0	28.750000000000004	-943.0	8.902439024390246	2636.0	3862.2710622710624	-392.0	0.937799043062201	-8.30622009569378	2676.0	4779072.0	98.64634847967943	6.401913875598086	3472.0	
2750.0	7.58695652173913	1555.0	-5.4021739130434785	2.7717391304347827	1998.0	82.0	-0.12293853073463268	0.20089955022488756	-27.0	19365.234375	0.04047976011994003	134.0	32.942352337483314	33967.0	-27.012195121951223	886.0	7310822.0	223108.58154296875	-483.0	28.414634146341466	-932.0	14.725609756097562	2659.0	3895.970695970696	-292.0	0.6985645933014354	-8.593301435406698	2656.0	4778976.0	98.64732519883506	6.354066985645932	3592.0	
2773.0	7.315217391304348	1580.0	-5.6521739130434785	2.8043478260869565	1995.0	85.0	-0.12743628185907047	0.20539730134932532	-28.0	19375.0	0.041979010494752625	137.0	32.942352337483314	33967.0	-31.981707317073173	1049.0	7311142.0	223118.34716796875	-635.0	26.82926829268293	-880.0	19.35975609756098	2652.0	3885.714285714286	-288.0	0.6889952153110047	-8.91866028708134	2536.0	4778976.0	98.64732519883506	6.0669856459330145	3728.0	
2789.0	7.184782608695652	1592.0	-5.826086956521739	2.5217391304347827	2021.0	86.0	-0.12893553223388304	0.2098950524737631	-16.0	19384.765625	0.0239880059970015	140.0	32.942352337483314	33967.0	-38.84146341463415	1274.0	7311462.0	223128.11279296875	-777.0	26.219512195121954	-860.0	23.689024390243905	2652.0	3885.714285714286	-180.0	0.43062200956937796	-9.138755980861244	2472.0	4778976.0	98.64732519883506	5.913875598086124	3820.0	
2806.0	7.326086956521739	1579.0	-6.010869565217392	2.391304347826087	2033.0	92.0	-0.13793103448275862	0.19790104947526235	-20.0	19394.53125	0.029985007496251874	132.0	32.942352337483314	33967.0	-49.51219512195122	1624.0	7311782.0	223137.87841796875	-838.0	25.243902439024392	-828.0	25.54878048780488	2641.0	3869.5970695970695	-112.0	0.2679425837320574	-9.416267942583731	2568.0	4778976.0	98.64732519883506	6.143540669856459	3936.0	
2844.0	7.565217391304348	1557.0	-6.423913043478261	2.119565217391304	2058.0	86.0	-0.12893553223388304	0.19640179910044978	-27.0	19404.296875	0.04047976011994003	131.0	32.942352337483314	33967.0	-60.304878048780495	1978.0	7312102.0	223147.64404296875	-775.0	24.78658536585366	-813.0	23.628048780487806	2623.0	3843.223443223443	-32.0	0.07655502392344497	-9.789473684210526	2684.0	4778976.0	98.64732519883506	6.421052631578947	4092.0	
2860.0	7.717391304347826	1543.0	-6.5978260869565215	2.0	2069.0	88.0	-0.13193403298350825	0.19040479760119938	-31.0	19414.0625	0.046476761619190406	127.0	32.942352337483314	33967.0	-69.93902439024392	2294.0	7312422.0	223157.40966796875	-804.0	25.03048780487805	-821.0	24.512195121951223	2639.0	3866.6666666666665	20.0	-0.04784688995215311	-10.114832535885167	2740.0	4779280.0	98.64423225597018	6.555023923444976	4228.0	
2891.0	7.956521739130435	1521.0	-6.934782608695652	1.7826086956521738	2089.0	90.0	-0.13493253373313344	0.19490254872563717	-29.0	19423.828125	0.043478260869565216	130.0	32.942352337483314	33967.0	-81.4329268292683	2671.0	7312742.0	223167.17529296875	-786.0	25.426829268292686	-834.0	23.963414634146343	2640.0	3868.131868131868	128.0	-0.3062200956937799	-10.382775119617225	2800.0	4779280.0	98.64423225597018	6.698564593301435	4340.0	
2918.0	7.891304347826087	1527.0	-7.228260869565217	1.6739130434782608	2099.0	90.0	-0.13493253373313344	0.1874062968515742	-20.0	19433.59375	0.029985007496251874	125.0	32.942352337483314	33967.0	-94.87804878048782	3112.0	7313062.0	223176.94091796875	-820.0	25.823170731707318	-847.0	25.000000000000004	2628.0	3850.5494505494507	140.0	-0.33492822966507174	-10.593301435406698	2796.0	4779280.0	98.64423225597018	6.688995215311005	4428.0	
2932.0	7.760869565217391	1539.0	-7.380434782608695	1.5217391304347825	2113.0	96.0	-0.14392803598200898	0.17991004497751123	-20.0	19443.359375	0.029985007496251874	120.0	32.942352337483314	33967.0	-109.32926829268294	3586.0	7313382.0	223186.70654296875	-777.0	26.463414634146343	-868.0	23.689024390243905	2638.0	3865.2014652014655	228.0	-0.5454545454545454	-10.822966507177034	2776.0	4779280.0	98.64423225597018	6.641148325358851	4524.0	
2937.0	7.673913043478261	1547.0	-7.434782608695652	1.4456521739130435	2120.0	98.0	-0.14692653673163417	0.17241379310344826	-15.0	19453.125	0.022488755622188904	115.0	32.942352337483314	33967.0	-125.3048780487805	4110.0	7313702.0	223196.47216796875	-676.0	26.219512195121954	-860.0	20.60975609756098	2637.0	3863.736263736264	300.0	-0.7177033492822966	-10.966507177033492	2720.0	4779280.0	98.64423225597018	6.507177033492822	4584.0	
2936.0	7.641304347826087	1550.0	-7.423913043478261	1.2065217391304348	2142.0	94.0	-0.1409295352323838	0.1679160419790105	-13.0	19462.890625	0.019490254872563718	112.0	32.942352337483314	33967.0	-142.31707317073173	4668.0	7314022.0	223206.23779296875	-510.0	24.81707317073171	-814.0	15.54878048780488	2634.0	3859.3406593406594	376.0	-0.8995215311004784	-10.976076555023923	2724.0	4779200.0	98.64504618798337	6.516746411483253	4588.0	
2923.0	7.510869565217391	1562.0	-7.282608695652174	1.25	2138.0	96.0	-0.14392803598200898	0.15442278860569714	-11.0	19472.65625	0.01649175412293853	103.0	32.942352337483314	33967.0	-158.78048780487805	5208.0	7314342.0	223216.00341796875	-313.0	22.682926829268293	-744.0	9.542682926829269	2649.0	3881.3186813186812	436.0	-1.0430622009569377	-11.081339712918659	2704.0	4779200.0	98.64504618798337	6.4688995215311005	4632.0	
2948.0	7.58695652173913	1555.0	-7.554347826086956	1.0217391304347825	2159.0	102.0	-0.15292353823088456	0.1424287856071964	-7.0	19482.421875	0.010494752623688156	95.0	32.942352337483314	33967.0	-174.60365853658539	5727.0	7314662.0	223225.76904296875	-64.0	20.51829268292683	-673.0	1.9512195121951221	2634.0	3859.3406593406594	472.0	-1.1291866028708133	-11.081339712918659	2664.0	4779200.0	98.64504618798337	6.373205741626794	4632.0	
2953.0	7.706521739130435	1544.0	-7.608695652173913	1.0217391304347825	2159.0	98.0	-0.14692653673163417	0.136431784107946	-5.0	19492.1875	0.0074962518740629685	91.0	32.942352337483314	33967.0	-192.37804878048783	6310.0	7314982.0	223235.53466796875	177.0	16.219512195121954	-532.0	-5.396341463414634	2630.0	3853.479853479854	488.0	-1.1674641148325358	-11.157894736842104	2724.0	4779200.0	98.64504618798337	6.516746411483253	4664.0	
2943.0	7.956521739130435	1521.0	-7.5	0.8695652173913043	2173.0	102.0	-0.15292353823088456	0.11544227886056971	2.0	19501.953125	-0.0029985007496251873	77.0	32.942352337483314	33967.0	-209.02439024390245	6856.0	7315302.0	223245.30029296875	398.0	9.817073170731708	-322.0	-12.134146341463415	2635.0	3860.805860805861	548.0	-1.3110047846889952	-11.224880382775119	2844.0	4779200.0	98.64504618798337	6.803827751196172	4692.0	
2962.0	8.369565217391305	1483.0	-7.706521739130435	0.8260869565217391	2177.0	101.0	-0.15142428785607195	0.10044977511244378	-6.0	19511.71875	0.008995502248875561	67.0	32.942352337483314	33967.0	-222.01219512195124	7282.0	7315622.0	223255.06591796875	553.0	3.26219512195122	-107.0	-16.85975609756098	2633.0	3857.875457875458	596.0	-1.4258373205741626	-11.349282296650717	3004.0	4779472.0	98.64227882007009	7.186602870813397	4744.0	
2969.0	8.891304347826086	1435.0	-7.782608695652174	0.6086956521739131	2197.0	103.0	-0.15442278860569714	0.08545727136431784	3.0	19521.484375	-0.004497751124437781	57.0	32.942352337483314	33967.0	-233.1707317073171	7648.0	7315942.0	223264.83154296875	545.0	-3.9024390243902443	128.0	-16.615853658536587	2651.0	3884.2490842490843	676.0	-1.6172248803827751	-11.4066985645933	3204.0	4779472.0	98.64227882007009	7.665071770334928	4768.0	
2972.0	9.184782608695652	1408.0	-7.815217391304348	0.41304347826086957	2215.0	96.0	-0.14392803598200898	0.06896551724137931	10.0	19531.25	-0.014992503748125937	46.0	32.942352337483314	33967.0	-242.0426829268293	7939.0	7316262.0	223274.59716796875	449.0	-9.298780487804878	305.0	-13.689024390243903	2652.0	3885.714285714286	800.0	-1.9138755980861244	-11.444976076555024	3360.0	4779472.0	98.64227882007009	8.038277511961722	4784.0	
2966.0	9.42391304347826	1386.0	-7.75	0.32608695652173914	2223.0	100.0	-0.14992503748125938	0.05397301349325337	17.0	19541.015625	-0.025487256371814093	36.0	32.942352337483314	33967.0	-249.96951219512198	8199.0	7316582.0	223284.36279296875	334.0	-16.097560975609756	528.0	-10.182926829268293	2648.0	3879.8534798534797	832.0	-1.9904306220095693	-11.55023923444976	3488.0	4779472.0	98.64227882007009	8.344497607655502	4828.0	
2979.0	9.75	1356.0	-7.891304347826087	0.18478260869565216	2236.0	101.0	-0.15142428785607195	0.04047976011994003	25.0	19550.78125	-0.037481259370314844	27.0	32.942352337483314	33967.0	-256.3414634146342	8408.0	7316902.0	223294.12841796875	180.0	-24.237804878048784	795.0	-5.487804878048781	2644.0	3873.992673992674	876.0	-2.0956937799043063	-11.598086124401913	3632.0	4779472.0	98.64227882007009	8.688995215311005	4848.0	
2985.0	10.130434782608695	1321.0	-7.956521739130435	0.10869565217391304	2243.0	96.0	-0.14392803598200898	0.0239880059970015	29.0	19560.546875	-0.043478260869565216	16.0	32.942352337483314	33967.0	-260.7317073170732	8552.0	7317222.0	223303.89404296875	-68.0	-32.6219512195122	1070.0	2.073170731707317	2641.0	3869.5970695970695	940.0	-2.248803827751196	-11.617224880382775	3804.0	4779376.0	98.64325553785575	9.10047846889952	4856.0	
2987.0	10.543478260869565	1283.0	-7.978260869565217	-0.06521739130434782	2259.0	94.0	-0.1409295352323838	-0.004497751124437781	38.0	19570.3125	-0.05697151424287856	-3.0	32.942352337483314	33967.0	-265.51829268292687	8709.0	7317542.0	223313.65966796875	-335.0	-38.75	1271.0	10.213414634146343	2641.0	3869.5970695970695	1008.0	-2.4114832535885165	-11.779904306220095	4016.0	4779376.0	98.64325553785575	9.607655502392344	4924.0	
3005.0	10.83695652173913	1256.0	-8.17391304347826	-0.043478260869565216	2257.0	96.0	-0.14392803598200898	-0.020989505247376312	42.0	19580.078125	-0.06296851574212893	-14.0	32.942352337483314	33967.0	-269.63414634146346	8844.0	7317862.0	223323.42529296875	-402.0	-47.774390243902445	1567.0	12.256097560975611	2626.0	3847.6190476190477	992.0	-2.373205741626794	-11.952153110047847	4112.0	4779376.0	98.64325553785575	9.837320574162678	4996.0	
3007.0	10.76086956521739	1263.0	-8.195652173913043	-0.11956521739130435	2264.0	94.0	-0.1409295352323838	-0.038980509745127435	55.0	19589.84375	-0.08245877061469264	-26.0	32.942352337483314	33967.0	-272.1036585365854	8925.0	7318182.0	223333.19091796875	-402.0	-59.93902439024391	1966.0	12.256097560975611	2627.0	3849.084249084249	992.0	-2.373205741626794	-11.933014354066986	4096.0	4779376.0	98.64325553785575	9.799043062200957	4988.0	
3000.0	10.532608695652174	1284.0	-8.119565217391305	-0.22826086956521738	2274.0	91.0	-0.136431784107946	-0.06146926536731634	59.0	19599.609375	-0.08845577211394302	-41.0	32.942352337483314	33967.0	-277.7134146341464	9109.0	7318502.0	223342.95654296875	-384.0	-70.54878048780489	2314.0	11.707317073170733	2644.0	3873.992673992674	1076.0	-2.574162679425837	-11.875598086124402	3976.0	4779376.0	98.64325553785575	9.511961722488039	4964.0	
2983.0	10.641304347826086	1274.0	-7.934782608695652	-0.358695652173913	2286.0	90.0	-0.13493253373313344	-0.07346326836581708	60.0	19609.375	-0.08995502248875561	-49.0	32.942352337483314	33967.0	-287.469512195122	9429.0	7318822.0	223352.72216796875	-441.0	-82.28658536585367	2699.0	13.445121951219514	2635.0	3860.805860805861	1136.0	-2.7177033492822966	-11.760765550239235	3996.0	4779616.0	98.6408137440081	9.559808612440191	4916.0	
2965.0	11.16304347826087	1226.0	-7.739130434782608	-0.6956521739130435	2317.0	83.0	-0.12443778110944527	-0.08095952023988005	79.0	19619.140625	-0.1184407796101949	-54.0	32.942352337483314	33967.0	-295.0914634146342	9679.0	7319142.0	223362.48779296875	-527.0	-93.20121951219512	3057.0	16.06707317073171	2639.0	3866.6666666666665	1288.0	-3.0813397129186604	-11.569377990430622	4200.0	4779616.0	98.6408137440081	10.047846889952153	4836.0	
2935.0	11.597826086956522	1186.0	-7.413043478260869	-0.8804347826086957	2334.0	84.0	-0.12593703148425786	-0.10044977511244378	80.0	19628.90625	-0.1199400299850075	-67.0	32.942352337483314	33967.0	-299.45121951219517	9822.0	7319462.0	223372.25341796875	-503.0	-101.06707317073172	3315.0	15.335365853658537	2647.0	3878.388278388278	1416.0	-3.38755980861244	-11.39712918660287	4460.0	4779616.0	98.6408137440081	10.669856459330143	4764.0	
2938.0	11.728260869565217	1174.0	-7.445652173913043	-1.3043478260869565	2373.0	84.0	-0.12593703148425786	-0.11544227886056971	98.0	19638.671875	-0.14692653673163417	-77.0	32.942352337483314	33967.0	-302.2256097560976	9913.0	7319782.0	223382.01904296875	-432.0	-107.50000000000001	3526.0	13.170731707317074	2625.0	3846.153846153846	1532.0	-3.665071770334928	-11.205741626794257	4532.0	4779616.0	98.6408137440081	10.842105263157894	4684.0	
2925.0	11.76086956521739	1171.0	-7.304347826086956	-1.5434782608695652	2395.0	78.0	-0.1169415292353823	-0.13793103448275862	113.0	19648.4375	-0.16941529235382308	-92.0	32.942352337483314	33967.0	-306.2804878048781	10046.0	7320102.0	223391.78466796875	-270.0	-111.89024390243904	3670.0	8.231707317073171	2643.0	3872.5274725274726	1656.0	-3.9617224880382773	-11.062200956937799	4520.0	4779616.0	98.6408137440081	10.813397129186603	4624.0	
2897.0	11.543478260869565	1191.0	-7.0	-1.4782608695652173	2389.0	76.0	-0.11394302848575712	-0.14842578710644677	118.0	19658.203125	-0.17691154422788605	-99.0	32.942352337483314	33967.0	-308.8414634146342	10130.0	7320422.0	223401.55029296875	113.0	-121.40243902439026	3982.0	-3.4451219512195124	2650.0	3882.7838827838827	1616.0	-3.866028708133971	-10.842105263157894	4408.0	4779504.0	98.64195324754793	10.545454545454545	4532.0	
2871.0	11.01086956521739	1240.0	-6.717391304347826	-1.434782608695652	2385.0	72.0	-0.10794602698650674	-0.1619190404797601	136.0	19667.96875	-0.20389805097451275	-108.0	32.942352337483314	33967.0	-310.76219512195127	10193.0	7320742.0	223411.31591796875	492.0	-129.9390243902439	4262.0	-15.000000000000002	2634.0	3859.3406593406594	1612.0	-3.8564593301435406	-10.33492822966507	4180.0	4779504.0	98.64195324754793	10.0	4320.0	
2835.0	11.08695652173913	1233.0	-6.326086956521739	-1.6195652173913042	2402.0	70.0	-0.10494752623688156	-0.17091454272863568	149.0	19677.734375	-0.22338830584707645	-114.0	32.942352337483314	33967.0	-315.7317073170732	10356.0	7321062.0	223421.08154296875	910.0	-140.51829268292684	4609.0	-27.743902439024392	2650.0	3882.7838827838827	1684.0	-4.028708133971292	-9.82775119617225	4180.0	4779504.0	98.64195324754793	10.0	4108.0	
2801.0	11.293478260869565	1214.0	-5.956521739130435	-1.9130434782608696	2429.0	61.0	-0.0914542728635682	-0.1874062968515742	157.0	19687.5	-0.2353823088455772	-125.0	32.942352337483314	33967.0	-318.2317073170732	10438.0	7321382.0	223430.84716796875	1367.0	-151.3109756097561	4963.0	-41.676829268292686	2623.0	3843.223443223443	1808.0	-4.325358851674641	-9.39712918660287	4296.0	4779504.0	98.64195324754793	10.277511961722487	3928.0	
2767.0	11.565217391304348	1189.0	-5.58695652173913	-2.217391304347826	2457.0	60.0	-0.08995502248875561	-0.19790104947526235	168.0	19697.265625	-0.2518740629685157	-132.0	32.942352337483314	33967.0	-315.4268292682927	10346.0	7321702.0	223440.61279296875	1507.0	-158.68902439024393	5205.0	-45.94512195121952	2638.0	3865.2014652014655	1924.0	-4.6028708133971294	-9.062200956937799	4408.0	4779504.0	98.64195324754793	10.545454545454545	3788.0	
2739.0	11.630434782608695	1183.0	-5.282608695652174	-2.1739130434782608	2453.0	52.0	-0.07796101949025487	-0.2128935532233883	185.0	19707.03125	-0.2773613193403298	-142.0	32.942352337483314	33967.0	-312.4085365853659	10247.0	7322022.0	223450.37841796875	1569.0	-165.64024390243904	5433.0	-47.835365853658544	2641.0	3869.5970695970695	1932.0	-4.62200956937799	-8.650717703349281	4440.0	4779488.0	98.64211603380444	10.62200956937799	3616.0	
2705.0	11.456521739130434	1199.0	-4.913043478260869	-1.8804347826086956	2426.0	49.0	-0.07346326836581708	-0.21139430284857572	208.0	19716.796875	-0.3118440779610195	-141.0	32.942352337483314	33967.0	-308.3536585365854	10114.0	7322342.0	223460.14404296875	1659.0	-173.50609756097563	5691.0	-50.57926829268293	2633.0	3857.875457875458	1764.0	-4.220095693779904	-8.17224880382775	4364.0	4779488.0	98.64211603380444	10.440191387559809	3416.0	
2648.0	11.16304347826087	1226.0	-4.293478260869565	-1.7065217391304348	2410.0	38.0	-0.05697151424287856	-0.23088455772113942	213.0	19726.5625	-0.3193403298350824	-154.0	32.942352337483314	33967.0	-301.6768292682927	9895.0	7322662.0	223469.90966796875	1523.0	-181.12804878048783	5941.0	-46.4329268292683	2637.0	3863.736263736264	1688.0	-4.038277511961723	-7.588516746411483	4204.0	4779488.0	98.64211603380444	10.057416267942584	3172.0	
2612.0	10.891304347826086	1251.0	-3.902173913043478	-1.5434782608695652	2395.0	35.0	-0.05247376311844078	-0.23088455772113942	233.0	19736.328125	-0.3493253373313343	-154.0	32.942352337483314	33967.0	-296.4939024390244	9725.0	7322982.0	223479.67529296875	1579.0	-188.50609756097563	6183.0	-48.14024390243903	2648.0	3879.8534798534797	1652.0	-3.952153110047847	-7.263157894736842	4128.0	4779488.0	98.64211603380444	9.875598086124402	3036.0	
2571.0	10.445652173913043	1292.0	-3.4565217391304346	-1.4782608695652173	2389.0	30.0	-0.04497751124437781	-0.2383808095952024	242.0	19746.09375	-0.36281859070464767	-159.0	32.942352337483314	33967.0	-290.0914634146342	9515.0	7323302.0	223489.44091796875	1738.0	-197.89634146341464	6491.0	-52.987804878048784	2627.0	3849.084249084249	1576.0	-3.7703349282296648	-6.727272727272727	3952.0	4779488.0	98.64211603380444	9.454545454545455	2812.0	
2538.0	10.293478260869565	1306.0	-3.0978260869565215	-1.5652173913043477	2397.0	28.0	-0.041979010494752625	-0.24287856071964017	254.0	19755.859375	-0.38080959520239877	-162.0	32.942352337483314	33967.0	-284.75609756097566	9340.0	7323622.0	223499.20654296875	1844.0	-206.06707317073173	6759.0	-56.21951219512196	2638.0	3865.2014652014655	1620.0	-3.875598086124402	-6.258373205741626	3820.0	4779552.0	98.64146488883321	9.138755980861244	2616.0	
2504.0	10.228260869565217	1312.0	-2.7282608695652173	-1.467391304347826	2388.0	27.0	-0.04047976011994003	-0.2518740629685157	269.0	19765.625	-0.4032983508245877	-168.0	32.942352337483314	33967.0	-280.1829268292683	9190.0	7323942.0	223508.97216796875	2088.0	-209.359756097561	6867.0	-63.65853658536586	2627.0	3849.084249084249	1624.0	-3.8851674641148324	-5.84688995215311	3828.0	4779552.0	98.64146488883321	9.157894736842104	2444.0	
2474.0	9.728260869565217	1358.0	-2.402173913043478	-1.0326086956521738	2348.0	18.0	-0.026986506746626684	-0.24887556221889054	288.0	19775.390625	-0.43178410794602695	-166.0	32.942352337483314	33967.0	-273.8719512195122	8983.0	7324262.0	223518.73779296875	2291.0	-211.859756097561	6949.0	-69.84756097560977	2637.0	3863.736263736264	1412.0	-3.3779904306220097	-5.464114832535885	3644.0	4779552.0	98.64146488883321	8.717703349282296	2284.0	
2431.0	9.076086956521738	1418.0	-1.934782608695652	-1.2282608695652173	2366.0	15.0	-0.022488755622188904	-0.2638680659670165	299.0	19785.15625	-0.4482758620689655	-176.0	32.942352337483314	33967.0	-259.39024390243907	8508.0	7324582.0	223528.50341796875	2424.0	-213.71951219512198	7010.0	-73.90243902439025	2647.0	3878.388278388278	1484.0	-3.5502392344497604	-4.937799043062201	3304.0	4779552.0	98.64146488883321	7.904306220095694	2064.0	
2396.0	8.478260869565217	1473.0	-1.5543478260869565	-0.7282608695652174	2320.0	12.0	-0.017991004497751123	-0.2563718140929535	314.0	19794.921875	-0.4707646176911544	-171.0	32.942352337483314	33967.0	-244.87804878048783	8032.0	7324902.0	223538.26904296875	2827.0	-206.15853658536588	6762.0	-86.18902439024392	2630.0	3853.479853479854	1228.0	-2.937799043062201	-4.488038277511961	3044.0	4779552.0	98.64146488883321	7.282296650717703	1876.0	
2339.0	8.347826086956522	1485.0	-0.9347826086956521	-0.7282608695652174	2320.0	12.0	-0.017991004497751123	-0.2563718140929535	328.0	19804.6875	-0.4917541229385307	-171.0	32.942352337483314	33967.0	-233.109756097561	7646.0	7325222.0	223548.03466796875	2887.0	-200.4268292682927	6574.0	-88.01829268292684	2639.0	3866.6666666666665	1212.0	-2.8995215311004783	-3.7703349282296648	2944.0	4779680.0	98.64016259932916	7.043062200956937	1576.0	
2289.0	8.26086956521739	1493.0	-0.3913043478260869	-0.25	2276.0	5.0	-0.0074962518740629685	-0.24437781109445278	331.0	19814.453125	-0.4962518740629685	-163.0	32.942352337483314	33967.0	-219.78658536585368	7209.0	7325542.0	223557.80029296875	3145.0	-191.52439024390245	6282.0	-95.88414634146342	2646.0	3876.923076923077	996.0	-2.3827751196172247	-3.090909090909091	2880.0	4779680.0	98.64016259932916	6.889952153110047	1292.0	
2249.0	7.902173913043478	1526.0	0.043478260869565216	-0.32608695652173914	2283.0	-4.0	0.005997001499250375	-0.25487256371814093	345.0	19824.21875	-0.5172413793103449	-170.0	32.942352337483314	33967.0	-203.9939024390244	6691.0	7325862.0	223567.56591796875	3453.0	-185.4268292682927	6082.0	-105.27439024390245	2635.0	3860.805860805861	1020.0	-2.4401913875598087	-2.5454545454545454	2756.0	4779680.0	98.64016259932916	6.5933014354066986	1064.0	
2203.0	7.641304347826087	1550.0	0.5434782608695652	0.25	2230.0	-2.0	0.0029985007496251873	-0.2608695652173913	360.0	19833.984375	-0.5397301349325337	-174.0	32.942352337483314	33967.0	-186.4939024390244	6117.0	7326182.0	223577.33154296875	3518.0	-180.609756097561	5924.0	-107.25609756097562	2645.0	3875.4578754578756	776.0	-1.8564593301435406	-1.9808612440191387	2604.0	4779680.0	98.64016259932916	6.229665071770334	828.0	
2156.0	7.858695652173913	1530.0	1.0543478260869565	0.358695652173913	2220.0	-7.0	0.010494752623688156	-0.24437781109445278	371.0	19843.75	-0.5562218890554722	-163.0	32.942352337483314	33967.0	-170.82317073170734	5603.0	7326502.0	223587.09716796875	3304.0	-191.28048780487808	6274.0	-100.73170731707317	2657.0	3893.040293040293	808.0	-1.9330143540669855	-1.3014354066985645	2728.0	4779680.0	98.64016259932916	6.526315789473684	544.0	
2091.0	8.16304347826087	1502.0	1.7608695652173914	0.8478260869565217	2175.0	-7.0	0.010494752623688156	-0.24287856071964017	377.0	19853.515625	-0.5652173913043478	-162.0	32.942352337483314	33967.0	-152.19512195121953	4992.0	7326822.0	223596.86279296875	3189.0	-195.97560975609758	6428.0	-97.22560975609757	2635.0	3860.805860805861	500.0	-1.1961722488038278	-0.507177033492823	2840.0	4779888.0	98.63804638013173	6.794258373205741	212.0	
2054.0	7.923913043478261	1524.0	2.1630434782608696	1.5978260869565217	2106.0	-10.0	0.014992503748125937	-0.24437781109445278	384.0	19863.28125	-0.5757121439280359	-163.0	32.942352337483314	33967.0	-137.28658536585368	4503.0	7327142.0	223606.62841796875	3228.0	-200.06097560975613	6562.0	-98.41463414634147	2644.0	3873.992673992674	200.0	-0.4784688995215311	-0.20095693779904306	2768.0	4779888.0	98.63804638013173	6.62200956937799	84.0	
2039.0	7.576086956521739	1556.0	2.3260869565217392	1.9891304347826086	2070.0	-15.0	0.022488755622188904	-0.24287856071964017	388.0	19873.046875	-0.5817091454272864	-162.0	32.942352337483314	33967.0	-122.6829268292683	4024.0	7327462.0	223616.39404296875	2909.0	-203.59756097560978	6678.0	-88.68902439024392	2635.0	3860.805860805861	-28.0	0.06698564593301436	0.17224880382775118	2576.0	4779888.0	98.63804638013173	6.162679425837321	-72.0	
2012.0	7.195652173913043	1591.0	2.619565217391304	2.1739130434782608	2053.0	-16.0	0.0239880059970015	-0.2353823088455772	395.0	19882.8125	-0.5922038980509745	-157.0	32.942352337483314	33967.0	-111.70731707317074	3664.0	7327782.0	223626.15966796875	2725.0	-205.00000000000003	6724.0	-83.07926829268294	2642.0	3871.062271062271	-96.0	0.2296650717703349	0.3157894736842105	2472.0	4779888.0	98.63804638013173	5.913875598086124	-132.0	
2002.0	7.173913043478261	1593.0	2.7282608695652173	1.8369565217391304	2084.0	-15.0	0.022488755622188904	-0.24287856071964017	404.0	19892.578125	-0.6056971514242878	-162.0	32.942352337483314	33967.0	-102.95731707317074	3377.0	7328102.0	223635.92529296875	2480.0	-202.50000000000003	6642.0	-75.60975609756099	2648.0	3879.8534798534797	32.0	-0.07655502392344497	0.4880382775119617	2432.0	4779888.0	98.63804638013173	5.818181818181818	-204.0	
1995.0	7.141304347826087	1596.0	2.8043478260869565	1.9782608695652173	2071.0	-15.0	0.022488755622188904	-0.239880059970015	413.0	19902.34375	-0.6191904047976011	-160.0	32.942352337483314	33967.0	-93.20121951219512	3057.0	7328422.0	223645.69091796875	2368.0	-191.6158536585366	6285.0	-72.19512195121952	2628.0	3850.5494505494507	56.0	-0.1339712918660287	0.6698564593301435	2428.0	4779808.0	98.63886031040961	5.8086124401913874	-280.0	
1984.0	6.934782608695652	1615.0	2.9239130434782608	1.8695652173913042	2081.0	-16.0	0.0239880059970015	-0.22938530734632684	407.0	19912.109375	-0.6101949025487257	-153.0	32.942352337483314	33967.0	-85.54878048780489	2806.0	7328742.0	223655.45654296875	2498.0	-181.6158536585366	5957.0	-76.15853658536587	2643.0	3872.5274725274726	-8.0	0.019138755980861243	0.7942583732057416	2360.0	4779808.0	98.63886031040961	5.645933014354067	-332.0	
1951.0	6.608695652173913	1645.0	3.282608695652174	2.3043478260869565	2041.0	-17.0	0.025487256371814093	-0.22938530734632684	415.0	19921.875	-0.6221889055472264	-153.0	32.942352337483314	33967.0	-77.5609756097561	2544.0	7329062.0	223665.22216796875	2518.0	-167.16463414634148	5483.0	-76.76829268292684	2634.0	3859.3406593406594	-132.0	0.3157894736842105	1.138755980861244	2212.0	4779808.0	98.63886031040961	5.291866028708133	-476.0	
1913.0	6.391304347826087	1665.0	3.6956521739130435	2.782608695652174	1997.0	-18.0	0.026986506746626684	-0.2353823088455772	417.0	19931.640625	-0.6251874062968515	-157.0	32.942352337483314	33967.0	-71.15853658536587	2334.0	7329382.0	223674.98779296875	2555.0	-154.2987804878049	5061.0	-77.89634146341464	2631.0	3854.945054945055	-344.0	0.8229665071770335	1.6076555023923444	2132.0	4779808.0	98.63886031040961	5.100478468899522	-672.0	
1848.0	6.739130434782608	1633.0	4.4021739130434785	2.9456521739130435	1982.0	-20.0	0.029985007496251874	-0.22938530734632684	424.0	19941.40625	-0.6356821589205397	-153.0	32.942352337483314	33967.0	-71.46341463414635	2344.0	7329702.0	223684.75341796875	1673.0	-138.41463414634148	4540.0	-51.00609756097561	2647.0	3878.388278388278	-456.0	1.0909090909090908	2.5071770334928227	2240.0	4779808.0	98.63886031040961	5.358851674641148	-1048.0	
1817.0	7.5	1563.0	4.739130434782608	3.4130434782608696	1939.0	-14.0	0.020989505247376312	-0.2368815592203898	424.0	19951.171875	-0.6356821589205397	-158.0	32.942352337483314	33967.0	-58.20121951219513	1909.0	7330022.0	223694.51904296875	1147.0	-140.03048780487805	4593.0	-34.96951219512196	2637.0	3863.736263736264	-620.0	1.4832535885167464	2.861244019138756	2552.0	4780032.0	98.63658130620695	6.105263157894736	-1196.0	
1776.0	6.739130434782608	1633.0	5.184782608695652	3.3804347826086953	1942.0	-18.0	0.026986506746626684	-0.22938530734632684	431.0	19960.9375	-0.6461769115442278	-153.0	32.942352337483314	33967.0	-49.96951219512196	1639.0	7330342.0	223704.28466796875	2443.0	-133.9939024390244	4395.0	-74.48170731707317	2644.0	3873.992673992674	-656.0	1.569377990430622	3.3588516746411483	2224.0	4780032.0	98.63658130620695	5.320574162679426	-1404.0	
1778.0	6.891304347826087	1619.0	5.163043478260869	3.043478260869565	1973.0	-12.0	0.017991004497751123	-0.22038980509745126	433.0	19970.703125	-0.649175412293853	-147.0	32.942352337483314	33967.0	-43.62804878048781	1431.0	7330662.0	223714.05029296875	1548.0	-130.39634146341464	4277.0	-47.19512195121952	2641.0	3869.5970695970695	-412.0	0.985645933014354	3.339712918660287	2312.0	4780032.0	98.63658130620695	5.5311004784688995	-1396.0	
1758.0	6.989130434782608	1610.0	5.380434782608695	3.369565217391304	1943.0	-14.0	0.020989505247376312	-0.21889055472263869	434.0	19980.46875	-0.6506746626686657	-146.0	32.942352337483314	33967.0	-39.90853658536586	1309.0	7330982.0	223723.81591796875	1905.0	-114.81707317073172	3766.0	-58.07926829268293	2633.0	3857.875457875458	-664.0	1.588516746411483	3.6076555023923444	2404.0	4780032.0	98.63658130620695	5.751196172248804	-1508.0	
1747.0	6.967391304347826	1612.0	5.5	3.5760869565217392	1924.0	-14.0	0.020989505247376312	-0.21889055472263869	434.0	19990.234375	-0.6506746626686657	-146.0	32.942352337483314	33967.0	-36.707317073170735	1204.0	7331302.0	223733.58154296875	1806.0	-103.14024390243904	3383.0	-55.060975609756106	2639.0	3866.6666666666665	-736.0	1.7607655502392343	3.8468899521531097	2332.0	4780032.0	98.63658130620695	5.578947368421052	-1608.0	
1727.0	6.663043478260869	1640.0	5.717391304347826	3.902173913043478	1894.0	-14.0	0.020989505247376312	-0.22638680659670163	441.0	20000.0	-0.6611694152923538	-151.0	32.942352337483314	33967.0	-30.945121951219516	1015.0	7331622.0	223743.34716796875	1906.0	-96.3719512195122	3161.0	-58.10975609756098	2621.0	3840.2930402930406	-896.0	2.1435406698564594	4.086124401913875	2228.0	4779856.0	98.63837195221548	5.330143540669856	-1708.0	
1704.0	6.391304347826087	1665.0	5.967391304347826	3.619565217391304	1920.0	-14.0	0.020989505247376312	-0.22638680659670163	441.0	20009.765625	-0.6611694152923538	-151.0	32.942352337483314	33967.0	-33.32317073170732	1093.0	7331942.0	223753.11279296875	2111.0	-84.35975609756099	2767.0	-64.35975609756098	2639.0	3866.6666666666665	-744.0	1.7799043062200957	4.315789473684211	2132.0	4779856.0	98.63837195221548	5.100478468899522	-1804.0	
1677.0	6.358695652173913	1668.0	6.260869565217391	3.4456521739130435	1936.0	-19.0	0.02848575712143928	-0.21889055472263869	433.0	20019.53125	-0.649175412293853	-146.0	32.942352337483314	33967.0	-29.146341463414636	956.0	7332262.0	223762.87841796875	2295.0	-76.67682926829269	2515.0	-69.96951219512195	2639.0	3866.6666666666665	-676.0	1.6172248803827751	4.583732057416268	2144.0	4779856.0	98.63837195221548	5.1291866028708135	-1916.0	
1673.0	5.934782608695652	1707.0	6.304347826086956	3.010869565217391	1976.0	-21.0	0.031484257871064465	-0.23088455772113942	441.0	20029.296875	-0.6611694152923538	-154.0	32.942352337483314	33967.0	-50.15243902439025	1645.0	7332582.0	223772.64404296875	3364.0	-56.951219512195124	1868.0	-102.56097560975611	2626.0	3847.6190476190477	-544.0	1.3014354066985645	4.650717703349282	1968.0	4779856.0	98.63837195221548	4.708133971291866	-1944.0	
1659.0	7.076086956521739	1602.0	6.456521739130435	2.7391304347826084	2001.0	-20.0	0.029985007496251874	-0.22188905547226387	442.0	20039.0625	-0.6626686656671664	-148.0	32.942352337483314	33967.0	-24.05487804878049	789.0	7332902.0	223782.40966796875	2102.0	-55.396341463414636	1817.0	-64.08536585365854	2645.0	3875.4578754578756	-440.0	1.0526315789473684	4.507177033492823	2424.0	4779856.0	98.63837195221548	5.7990430622009566	-1884.0	
1613.0	7.043478260869565	1605.0	6.956521739130435	2.8260869565217392	1993.0	-25.0	0.037481259370314844	-0.22188905547226387	441.0	20048.828125	-0.6611694152923538	-148.0	32.942352337483314	33967.0	-28.689024390243905	941.0	7333222.0	223792.17529296875	2798.0	-40.57926829268293	1331.0	-85.3048780487805	2653.0	3887.1794871794873	-548.0	1.3110047846889952	5.320574162679426	2316.0	4779856.0	98.63837195221548	5.5406698564593295	-2224.0	
1594.0	7.184782608695652	1592.0	7.163043478260869	2.8369565217391304	1992.0	-33.0	0.04947526236881559	-0.22338830584707645	445.0	20058.59375	-0.6671664167916042	-149.0	32.942352337483314	33967.0	-28.689024390243905	941.0	7333542.0	223801.94091796875	2295.0	-41.09756097560976	1348.0	-69.96951219512195	2630.0	3853.479853479854	-280.0	0.6698564593301435	5.492822966507177	2484.0	4779856.0	98.63837195221548	5.942583732057416	-2296.0	
1577.0	7.184782608695652	1592.0	7.3478260869565215	2.2391304347826084	2047.0	-32.0	0.047976011994003	-0.22338830584707645	450.0	20068.359375	-0.6746626686656672	-149.0	32.942352337483314	33967.0	-26.707317073170735	876.0	7333862.0	223811.70654296875	2377.0	-41.646341463414636	1366.0	-72.46951219512196	2642.0	3871.062271062271	-208.0	0.49760765550239233	5.875598086124402	2480.0	4779856.0	98.63837195221548	5.9330143540669855	-2456.0	
1565.0	7.119565217391304	1598.0	7.478260869565217	1.891304347826087	2079.0	-28.0	0.041979010494752625	-0.21739130434782608	449.0	20078.125	-0.6731634182908546	-145.0	32.942352337483314	33967.0	-26.676829268292686	875.0	7334182.0	223821.47216796875	2186.0	-40.1219512195122	1316.0	-66.64634146341464	2636.0	3862.2710622710624	24.0	-0.057416267942583726	5.971291866028708	2452.0	4779856.0	98.63837195221548	5.866028708133971	-2496.0	
1562.0	7.130434782608695	1597.0	7.510869565217391	1.641304347826087	2102.0	-36.0	0.05397301349325337	-0.21739130434782608	452.0	20087.890625	-0.6776611694152923	-145.0	32.942352337483314	33967.0	-27.225609756097562	893.0	7334502.0	223831.23779296875	2081.0	-38.04878048780488	1248.0	-63.44512195121952	2641.0	3869.5970695970695	148.0	-0.354066985645933	6.0	2476.0	4779856.0	98.63837195221548	5.923444976076555	-2508.0	
1559.0	7.445652173913043	1568.0	7.543478260869565	1.5434782608695652	2111.0	-41.0	0.06146926536731634	-0.21589205397301348	450.0	20097.65625	-0.6746626686656672	-144.0	32.942352337483314	33967.0	-25.51829268292683	837.0	7334822.0	223841.00341796875	1850.0	-34.90853658536586	1145.0	-56.40243902439025	2626.0	3847.6190476190477	204.0	-0.4880382775119617	6.038277511961723	2632.0	4779856.0	98.63837195221548	6.296650717703349	-2524.0	
1546.0	7.304347826086956	1581.0	7.684782608695652	1.5652173913043477	2109.0	-40.0	0.05997001499250375	-0.2143928035982009	450.0	20107.421875	-0.6746626686656672	-143.0	32.942352337483314	33967.0	-20.57926829268293	675.0	7335142.0	223850.76904296875	1650.0	-33.62804878048781	1103.0	-50.304878048780495	2628.0	3850.5494505494507	204.0	-0.4880382775119617	6.200956937799043	2552.0	4779856.0	98.63837195221548	6.105263157894736	-2592.0	
1534.0	7.032608695652174	1606.0	7.815217391304348	1.5	2115.0	-46.0	0.06896551724137931	-0.2143928035982009	456.0	20117.1875	-0.6836581709145427	-143.0	32.942352337483314	33967.0	-17.134146341463417	562.0	7335462.0	223860.53466796875	1496.0	-36.28048780487805	1190.0	-45.60975609756098	2641.0	3869.5970695970695	232.0	-0.5550239234449761	6.3349282296650715	2412.0	4779856.0	98.63837195221548	5.770334928229665	-2648.0	
1535.0	6.956521739130435	1613.0	7.804347826086956	1.0978260869565217	2152.0	-46.0	0.06896551724137931	-0.21739130434782608	457.0	20126.953125	-0.6851574212893553	-145.0	32.942352337483314	33967.0	-14.420731707317074	473.0	7335782.0	223870.30029296875	1402.0	-37.774390243902445	1239.0	-42.743902439024396	2642.0	3871.062271062271	428.0	-1.0239234449760766	6.354066985645932	2356.0	4779856.0	98.63837195221548	5.636363636363636	-2656.0	
1533.0	6.858695652173913	1622.0	7.826086956521739	0.858695652173913	2174.0	-42.0	0.06296851574212893	-0.2083958020989505	454.0	20136.71875	-0.6806596701649176	-139.0	32.942352337483314	33967.0	-10.54878048780488	346.0	7336102.0	223880.06591796875	1427.0	-34.48170731707317	1131.0	-43.50609756097561	2631.0	3854.945054945055	504.0	-1.2057416267942582	6.354066985645932	2340.0	4779856.0	98.63837195221548	5.598086124401914	-2656.0	
1534.0	7.010869565217391	1608.0	7.815217391304348	0.6086956521739131	2197.0	-46.0	0.06896551724137931	-0.2083958020989505	450.0	20146.484375	-0.6746626686656672	-139.0	32.942352337483314	33967.0	-6.798780487804879	223.0	7336422.0	223889.83154296875	1437.0	-32.59146341463415	1069.0	-43.8109756097561	2649.0	3881.3186813186812	616.0	-1.4736842105263157	6.449760765550239	2352.0	4779920.0	98.63772080808451	5.626794258373206	-2696.0	
1524.0	7.163043478260869	1594.0	7.923913043478261	0.3695652173913043	2219.0	-46.0	0.06896551724137931	-0.2083958020989505	450.0	20156.25	-0.6746626686656672	-139.0	32.942352337483314	33967.0	-5.945121951219512	195.0	7336742.0	223899.59716796875	1513.0	-31.219512195121954	1024.0	-46.12804878048781	2627.0	3849.084249084249	704.0	-1.6842105263157894	6.545454545454545	2456.0	4779920.0	98.63772080808451	5.875598086124402	-2736.0	
1499.0	7.206521739130435	1590.0	8.195652173913043	0.2717391304347826	2228.0	-51.0	0.07646176911544228	-0.2143928035982009	456.0	20166.015625	-0.6836581709145427	-143.0	32.942352337483314	33967.0	-2.804878048780488	92.0	7337062.0	223909.36279296875	1580.0	-28.170731707317074	924.0	-48.170731707317074	2635.0	3860.805860805861	764.0	-1.8277511961722488	6.77511961722488	2496.0	4779920.0	98.63772080808451	5.971291866028708	-2832.0	
1481.0	7.163043478260869	1594.0	8.391304347826086	0.5	2207.0	-46.0	0.06896551724137931	-0.2143928035982009	464.0	20175.78125	-0.6956521739130435	-143.0	32.942352337483314	33967.0	-3.2926829268292686	108.0	7337382.0	223919.12841796875	1672.0	-28.932926829268297	949.0	-50.97560975609757	2638.0	3865.2014652014655	676.0	-1.6172248803827751	6.966507177033493	2508.0	4779920.0	98.63772080808451	6.0	-2912.0	
1479.0	7.271739130434782	1584.0	8.41304347826087	0.6195652173913043	2196.0	-55.0	0.08245877061469264	-0.19790104947526235	457.0	20185.546875	-0.6851574212893553	-132.0	32.942352337483314	33967.0	-4.359756097560976	143.0	7337702.0	223928.89404296875	1833.0	-31.189024390243905	1023.0	-55.88414634146342	2627.0	3849.084249084249	648.0	-1.5502392344497606	7.043062200956937	2504.0	4779920.0	98.63772080808451	5.990430622009569	-2944.0	
1468.0	7.4021739130434785	1572.0	8.532608695652174	0.7391304347826086	2185.0	-51.0	0.07646176911544228	-0.2128935532233883	458.0	20195.3125	-0.6866566716641679	-142.0	32.942352337483314	33967.0	-4.817073170731708	158.0	7338022.0	223938.65966796875	2025.0	-33.44512195121951	1097.0	-61.737804878048784	2641.0	3869.5970695970695	600.0	-1.4354066985645932	7.100478468899521	2568.0	4779856.0	98.63837195221548	6.143540669856459	-2968.0	
1484.0	7.641304347826087	1550.0	8.358695652173912	0.8043478260869565	2179.0	-57.0	0.08545727136431784	-0.20689655172413793	460.0	20205.078125	-0.689655172413793	-138.0	32.942352337483314	33967.0	-4.51219512195122	148.0	7338342.0	223948.42529296875	2161.0	-34.48170731707317	1131.0	-65.88414634146342	2647.0	3878.388278388278	584.0	-1.3971291866028708	7.0047846889952154	2672.0	4779856.0	98.63837195221548	6.392344497607655	-2928.0	
1492.0	7.75	1540.0	8.271739130434783	0.9021739130434783	2170.0	-64.0	0.095952023988006	-0.19940029985007496	455.0	20214.84375	-0.6821589205397302	-133.0	32.942352337483314	33967.0	-3.4756097560975614	114.0	7338662.0	223958.19091796875	2158.0	-34.237804878048784	1123.0	-65.79268292682927	2627.0	3849.084249084249	512.0	-1.2248803827751196	6.92822966507177	2740.0	4779856.0	98.63837195221548	6.555023923444976	-2896.0	
1508.0	7.891304347826087	1527.0	8.097826086956522	1.141304347826087	2148.0	-65.0	0.09745127436281859	-0.20389805097451275	459.0	20224.609375	-0.6881559220389805	-136.0	32.942352337483314	33967.0	-1.3109756097560976	43.0	7338982.0	223967.95654296875	2143.0	-32.34756097560976	1061.0	-65.33536585365854	2636.0	3862.2710622710624	424.0	-1.014354066985646	6.794258373205741	2784.0	4779856.0	98.63837195221548	6.660287081339713	-2840.0	
1514.0	7.83695652173913	1532.0	8.032608695652174	1.3695652173913042	2127.0	-68.0	0.10194902548725637	-0.20089955022488756	451.0	20234.375	-0.6761619190404797	-134.0	32.942352337483314	33967.0	0.6707317073170732	-22.0	7339302.0	223977.72216796875	2004.0	-30.0609756097561	986.0	-61.09756097560976	2628.0	3850.5494505494507	300.0	-0.7177033492822966	6.641148325358851	2776.0	4779856.0	98.63837195221548	6.641148325358851	-2776.0	
1526.0	7.771739130434782	1538.0	7.902173913043478	1.5	2115.0	-66.0	0.09895052473763118	-0.20389805097451275	457.0	20244.140625	-0.6851574212893553	-136.0	32.942352337483314	33967.0	4.207317073170732	-138.0	7339622.0	223987.48779296875	1884.0	-27.408536585365855	899.0	-57.43902439024391	2637.0	3863.736263736264	228.0	-0.5454545454545454	6.4688995215311005	2768.0	4780128.0	98.63560459066808	6.62200956937799	-2704.0	
1529.0	7.608695652173913	1553.0	7.869565217391304	1.576086956521739	2108.0	-69.0	0.10344827586206896	-0.20089955022488756	457.0	20253.90625	-0.6851574212893553	-134.0	32.942352337483314	33967.0	7.25609756097561	-238.0	7339942.0	223997.25341796875	1714.0	-22.5609756097561	740.0	-52.25609756097561	2641.0	3869.5970695970695	204.0	-0.4880382775119617	6.277511961722488	2712.0	4780128.0	98.63560459066808	6.488038277511961	-2624.0	
1553.0	7.282608695652174	1583.0	7.608695652173913	1.5869565217391304	2107.0	-68.0	0.10194902548725637	-0.21139430284857572	460.0	20263.671875	-0.689655172413793	-141.0	32.942352337483314	33967.0	10.823170731707318	-355.0	7340262.0	224007.01904296875	1626.0	-16.00609756097561	525.0	-49.57317073170732	2626.0	3847.6190476190477	168.0	-0.4019138755980861	6.095693779904306	2564.0	4780128.0	98.63560459066808	6.133971291866028	-2548.0	
1567.0	7.021739130434782	1607.0	7.456521739130435	1.608695652173913	2105.0	-71.0	0.10644677661169415	-0.19940029985007496	458.0	20273.4375	-0.6866566716641679	-133.0	32.942352337483314	33967.0	13.750000000000002	-451.0	7340582.0	224016.78466796875	1547.0	-10.060975609756099	330.0	-47.16463414634147	2643.0	3872.5274725274726	176.0	-0.42105263157894735	5.913875598086124	2412.0	4780128.0	98.63560459066808	5.770334928229665	-2472.0	
1580.0	6.913043478260869	1617.0	7.315217391304348	1.5434782608695652	2111.0	-82.0	0.12293853073463268	-0.20089955022488756	460.0	20283.203125	-0.689655172413793	-134.0	32.942352337483314	33967.0	16.493902439024392	-541.0	7340902.0	224026.55029296875	1538.0	-2.1951219512195124	72.0	-46.89024390243903	2651.0	3884.2490842490843	212.0	-0.507177033492823	5.7990430622009566	2320.0	4780128.0	98.63560459066808	5.55023923444976	-2424.0	
1603.0	6.760869565217391	1631.0	7.065217391304348	1.2391304347826086	2139.0	-81.0	0.12143928035982009	-0.2083958020989505	461.0	20292.96875	-0.6911544227886057	-139.0	32.94732348202378	33968.0	19.81707317073171	-650.0	7341222.0	224036.31591796875	1504.0	6.432926829268293	-211.0	-45.85365853658537	2634.0	3859.3406593406594	304.0	-0.7272727272727273	5.588516746411483	2284.0	4780128.0	98.63644598625274	5.464114832535885	-2336.0	
1606.0	6.663043478260869	1640.0	7.032608695652174	1.2608695652173914	2137.0	-78.0	0.1169415292353823	-0.20239880059970014	458.0	20302.734375	-0.6866566716641679	-135.0	32.94732348202378	33968.0	24.115853658536587	-791.0	7341542.0	224046.08154296875	1487.0	15.487804878048783	-508.0	-45.335365853658544	2652.0	3885.714285714286	340.0	-0.8133971291866028	5.483253588516746	2200.0	4780128.0	98.63644598625274	5.263157894736842	-2292.0	
1615.0	6.282608695652174	1675.0	6.934782608695652	1.2717391304347825	2136.0	-77.0	0.11544227886056971	-0.2083958020989505	455.0	20312.5	-0.6821589205397302	-139.0	32.94732348202378	33968.0	29.08536585365854	-954.0	7341862.0	224055.84716796875	1512.0	22.957317073170735	-753.0	-46.09756097560976	2622.0	3841.758241758242	308.0	-0.7368421052631579	5.435406698564593	2036.0	4780128.0	98.63644598625274	4.8708133971291865	-2272.0	
1614.0	6.043478260869565	1697.0	6.945652173913043	0.9021739130434783	2170.0	-82.0	0.12293853073463268	-0.2098950524737631	457.0	20322.265625	-0.6851574212893553	-140.0	32.94732348202378	33968.0	32.713414634146346	-1073.0	7342182.0	224065.61279296875	1562.0	26.85975609756098	-881.0	-47.6219512195122	2636.0	3862.2710622710624	464.0	-1.1100478468899522	5.368421052631579	1960.0	4780128.0	98.63644598625274	4.688995215311005	-2244.0	
1618.0	6.065217391304348	1695.0	6.9021739130434785	0.6413043478260869	2194.0	-92.0	0.13793103448275862	-0.2083958020989505	456.0	20332.03125	-0.6836581709145427	-139.0	32.94732348202378	33968.0	36.493902439024396	-1197.0	7342502.0	224075.37841796875	1559.0	33.84146341463415	-1110.0	-47.53048780487806	2639.0	3866.6666666666665	548.0	-1.3110047846889952	5.244019138755981	1992.0	4780128.0	98.63644598625274	4.765550239234449	-2192.0	
1633.0	6.065217391304348	1695.0	6.739130434782608	0.43478260869565216	2213.0	-92.0	0.13793103448275862	-0.20539730134932532	452.0	20341.796875	-0.6776611694152923	-137.0	32.94732348202378	33968.0	42.13414634146342	-1382.0	7342822.0	224085.14404296875	1453.0	43.84146341463415	-1438.0	-44.29878048780488	2628.0	3850.5494505494507	644.0	-1.5406698564593302	5.186602870813397	1984.0	4778848.0	98.6494689925907	4.746411483253588	-2168.0	
1616.0	5.891304347826087	1711.0	6.923913043478261	0.3804347826086956	2218.0	-95.0	0.1424287856071964	-0.20539730134932532	446.0	20351.5625	-0.6686656671664167	-137.0	32.94732348202378	33968.0	48.29268292682927	-1584.0	7343142.0	224094.90966796875	1329.0	51.3719512195122	-1685.0	-40.518292682926834	2645.0	3875.4578754578756	700.0	-1.6746411483253587	5.215311004784689	1912.0	4778848.0	98.6494689925907	4.574162679425837	-2180.0	
1611.0	5.760869565217392	1723.0	6.978260869565217	0.2391304347826087	2231.0	-92.0	0.13793103448275862	-0.2098950524737631	444.0	20361.328125	-0.6656671664167916	-140.0	32.94732348202378	33968.0	53.90243902439025	-1768.0	7343462.0	224104.67529296875	1236.0	57.37804878048781	-1882.0	-37.6829268292683	2644.0	3873.992673992674	756.0	-1.8086124401913874	5.358851674641148	1832.0	4778848.0	98.6494689925907	4.382775119617225	-2240.0	
1609.0	5.641304347826087	1734.0	7.0	0.05434782608695652	2248.0	-103.0	0.15442278860569714	-0.21139430284857572	449.0	20371.09375	-0.6731634182908546	-141.0	32.94732348202378	33968.0	61.18902439024391	-2007.0	7343782.0	224114.44091796875	1132.0	61.79878048780488	-2027.0	-34.51219512195122	2646.0	3876.923076923077	800.0	-1.9138755980861244	5.464114832535885	1736.0	4778848.0	98.6494689925907	4.15311004784689	-2284.0	
1620.0	5.554347826086956	1742.0	6.880434782608695	-0.05434782608695652	2258.0	-97.0	0.1454272863568216	-0.20689655172413793	441.0	20380.859375	-0.6611694152923538	-138.0	32.94732348202378	33968.0	68.78048780487805	-2256.0	7344102.0	224124.20654296875	942.0	64.42073170731707	-2113.0	-28.719512195121954	2642.0	3871.062271062271	904.0	-2.1626794258373203	5.368421052631579	1712.0	4778848.0	98.6494689925907	4.095693779904306	-2244.0	
1631.0	5.521739130434782	1745.0	6.760869565217391	-0.14130434782608695	2266.0	-103.0	0.15442278860569714	-0.21889055472263869	434.0	20390.625	-0.6506746626686657	-146.0	32.94732348202378	33968.0	77.71341463414635	-2549.0	7344422.0	224133.97216796875	760.0	68.75	-2255.0	-23.170731707317074	2630.0	3853.479853479854	944.0	-2.2583732057416266	5.205741626794258	1704.0	4779072.0	98.64718996226192	4.0765550239234445	-2176.0	
1652.0	5.434782608695652	1753.0	6.532608695652174	-0.25	2276.0	-109.0	0.1634182908545727	-0.2128935532233883	428.0	20400.390625	-0.6416791604197901	-142.0	32.94732348202378	33968.0	88.38414634146342	-2899.0	7344742.0	224143.73779296875	503.0	71.89024390243902	-2358.0	-15.335365853658537	2639.0	3866.6666666666665	1020.0	-2.4401913875598087	4.976076555023924	1660.0	4779072.0	98.64718996226192	3.9712918660287078	-2080.0	
1658.0	5.141304347826087	1780.0	6.467391304347826	-0.20652173913043478	2272.0	-109.0	0.1634182908545727	-0.2143928035982009	419.0	20410.15625	-0.6281859070464767	-143.0	32.94732348202378	33968.0	99.32926829268294	-3258.0	7345062.0	224153.50341796875	349.0	76.4329268292683	-2507.0	-10.640243902439025	2639.0	3866.6666666666665	984.0	-2.354066985645933	4.7368421052631575	1552.0	4779072.0	98.64718996226192	3.712918660287081	-1980.0	
1688.0	4.771739130434782	1814.0	6.141304347826087	-0.31521739130434784	2282.0	-113.0	0.16941529235382308	-0.22488755622188905	413.0	20419.921875	-0.6191904047976011	-150.0	32.94732348202378	33968.0	110.09146341463416	-3611.0	7345382.0	224163.26904296875	267.0	78.84146341463415	-2586.0	-8.140243902439025	2628.0	3850.5494505494507	1012.0	-2.4210526315789473	4.526315789473684	1368.0	4779072.0	98.64718996226192	3.2727272727272725	-1892.0	
1712.0	4.826086956521739	1809.0	5.880434782608695	-0.5869565217391304	2307.0	-122.0	0.1829085457271364	-0.22188905547226387	411.0	20429.6875	-0.616191904047976	-148.0	32.94732348202378	33968.0	118.87195121951221	-3899.0	7345702.0	224173.03466796875	244.0	79.60365853658537	-2611.0	-7.439024390243903	2652.0	3885.714285714286	1164.0	-2.784688995215311	4.277511961722488	1356.0	4779072.0	98.64718996226192	3.2440191387559807	-1788.0	
1733.0	5.076086956521739	1786.0	5.6521739130434785	-0.8369565217391304	2330.0	-114.0	0.17091454272863568	-0.21739130434782608	404.0	20439.453125	-0.6056971514242878	-145.0	32.94732348202378	33968.0	127.07317073170734	-4168.0	7346022.0	224182.80029296875	181.0	85.97560975609757	-2820.0	-5.5182926829268295	2647.0	3878.388278388278	1228.0	-2.937799043062201	3.913875598086124	1464.0	4779488.0	98.642957482115	3.5023923444976077	-1636.0	
1742.0	5.184782608695652	1776.0	5.554347826086956	-0.8913043478260869	2335.0	-119.0	0.17841079460269865	-0.22788605697151423	390.0	20449.21875	-0.5847076461769115	-152.0	32.94732348202378	33968.0	137.5	-4510.0	7346342.0	224192.56591796875	27.0	94.1158536585366	-3087.0	-0.8231707317073171	2631.0	3854.945054945055	1248.0	-2.985645933014354	3.8086124401913874	1536.0	4779488.0	98.642957482115	3.6746411483253585	-1592.0	
1743.0	5.3478260869565215	1761.0	5.543478260869565	-0.9021739130434783	2336.0	-120.0	0.17991004497751123	-0.2383808095952024	381.0	20458.984375	-0.5712143928035982	-159.0	32.94732348202378	33968.0	147.8048780487805	-4848.0	7346662.0	224202.33154296875	-176.0	98.35365853658537	-3226.0	5.365853658536586	2645.0	3875.4578754578756	1304.0	-3.1196172248803826	3.789473684210526	1620.0	4779488.0	98.642957482115	3.875598086124402	-1584.0	
1753.0	5.619565217391304	1736.0	5.434782608695652	-0.9456521739130435	2340.0	-120.0	0.17991004497751123	-0.2353823088455772	380.0	20468.75	-0.5697151424287856	-157.0	32.94732348202378	33968.0	159.359756097561	-5227.0	7346982.0	224212.09716796875	-491.0	97.37804878048782	-3194.0	14.969512195121952	2657.0	3893.040293040293	1376.0	-3.291866028708134	3.6555023923444976	1756.0	4779488.0	98.642957482115	4.200956937799043	-1528.0	
1768.0	5.913043478260869	1709.0	5.271739130434782	-1.0543478260869565	2350.0	-128.0	0.191904047976012	-0.2353823088455772	365.0	20478.515625	-0.5472263868065966	-157.0	32.94732348202378	33968.0	172.56097560975613	-5660.0	7347302.0	224221.86279296875	-780.0	96.6158536585366	-3169.0	23.78048780487805	2648.0	3879.8534798534797	1412.0	-3.3779904306220097	3.5311004784688995	1828.0	4779488.0	98.642957482115	4.373205741626794	-1476.0	
1795.0	6.239130434782608	1679.0	4.978260869565217	-1.7065217391304348	2410.0	-129.0	0.1934032983508246	-0.2338830584707646	348.0	20488.28125	-0.5217391304347826	-156.0	32.94732348202378	33968.0	186.37195121951223	-6113.0	7347622.0	224231.62841796875	-1203.0	93.07926829268294	-3053.0	36.676829268292686	2639.0	3866.6666666666665	1580.0	-3.7799043062200957	3.253588516746411	1932.0	4779408.0	98.64377142012528	4.62200956937799	-1360.0	
1831.0	6.728260869565217	1634.0	4.58695652173913	-2.2391304347826084	2459.0	-122.0	0.1829085457271364	-0.22938530734632684	341.0	20498.046875	-0.5112443778110944	-153.0	32.94732348202378	33968.0	200.70121951219514	-6583.0	7347942.0	224241.39404296875	-1519.0	89.39024390243904	-2932.0	46.3109756097561	2633.0	3857.875457875458	1896.0	-4.535885167464115	2.861244019138756	2156.0	4779408.0	98.64377142012528	5.157894736842105	-1196.0	
1865.0	6.923913043478261	1616.0	4.217391304347826	-2.1739130434782608	2453.0	-122.0	0.1829085457271364	-0.24587706146926536	333.0	20507.8125	-0.4992503748125937	-164.0	32.94732348202378	33968.0	215.09146341463418	-7055.0	7348262.0	224251.15966796875	-1522.0	93.62804878048782	-3071.0	46.40243902439025	2650.0	3882.7838827838827	1856.0	-4.440191387559809	2.373205741626794	2304.0	4779408.0	98.64377142012528	5.511961722488038	-992.0	
1886.0	6.565217391304348	1649.0	3.9891304347826084	-1.9021739130434783	2428.0	-124.0	0.18590704647676162	-0.24587706146926536	309.0	20517.578125	-0.46326836581709147	-164.0	32.94732348202378	33968.0	229.08536585365854	-7514.0	7348582.0	224260.92529296875	-1535.0	98.47560975609757	-3230.0	46.79878048780488	2626.0	3847.6190476190477	1748.0	-4.181818181818182	1.9808612440191387	2192.0	4779408.0	98.64377142012528	5.244019138755981	-828.0	
1891.0	6.423913043478261	1662.0	3.934782608695652	-2.0652173913043477	2443.0	-120.0	0.17991004497751123	-0.24137931034482757	298.0	20527.34375	-0.4467766116941529	-161.0	32.94732348202378	33968.0	240.6707317073171	-7894.0	7348902.0	224270.69091796875	-1737.0	93.90243902439025	-3080.0	52.957317073170735	2650.0	3882.7838827838827	1784.0	-4.267942583732057	1.9234449760765548	2060.0	4779408.0	98.64377142012528	4.92822966507177	-804.0	
1891.0	6.804347826086956	1627.0	3.934782608695652	-2.4891304347826084	2482.0	-110.0	0.1649175412293853	-0.24737631184407796	287.0	20537.109375	-0.4302848575712144	-165.0	32.94732348202378	33968.0	247.19512195121953	-8108.0	7349222.0	224280.45654296875	-1770.0	83.53658536585367	-2740.0	53.963414634146346	2638.0	3865.2014652014655	2028.0	-4.851674641148326	1.894736842105263	2220.0	4779472.0	98.64312026969877	5.311004784688995	-792.0	
1915.0	7.478260869565217	1565.0	3.6739130434782608	-2.25	2460.0	-108.0	0.1619190404797601	-0.2338830584707646	270.0	20546.875	-0.4047976011994003	-156.0	32.94732348202378	33968.0	250.4268292682927	-8214.0	7349542.0	224290.22216796875	-1435.0	78.41463414634147	-2572.0	43.75000000000001	2645.0	3875.4578754578756	1940.0	-4.641148325358851	1.645933014354067	2568.0	4779472.0	98.64312026969877	6.143540669856459	-688.0	
1940.0	8.0	1517.0	3.402173913043478	-2.4239130434782608	2476.0	-103.0	0.15442278860569714	-0.239880059970015	255.0	20556.640625	-0.3823088455772114	-160.0	32.94732348202378	33968.0	254.87804878048783	-8360.0	7349862.0	224299.98779296875	-1379.0	72.28658536585367	-2371.0	42.04268292682927	2639.0	3866.6666666666665	2004.0	-4.794258373205741	1.3588516746411483	2800.0	4779472.0	98.64312026969877	6.698564593301435	-568.0	
1952.0	8.304347826086957	1489.0	3.2717391304347827	-2.4239130434782608	2476.0	-100.0	0.14992503748125938	-0.24137931034482757	234.0	20566.40625	-0.35082458770614694	-161.0	32.94732348202378	33968.0	263.6585365853659	-8648.0	7350182.0	224309.75341796875	-1591.0	63.47560975609757	-2082.0	48.50609756097561	2634.0	3859.3406593406594	2020.0	-4.832535885167464	1.0334928229665072	2936.0	4779472.0	98.64312026969877	7.023923444976076	-432.0	
1988.0	8.195652173913043	1499.0	2.880434782608696	-1.9239130434782608	2430.0	-102.0	0.15292353823088456	-0.23238380809595202	229.0	20576.171875	-0.34332833583208394	-155.0	32.94732348202378	33968.0	271.1585365853659	-8894.0	7350502.0	224319.51904296875	-1365.0	55.396341463414636	-1817.0	41.61585365853659	2648.0	3879.8534798534797	1784.0	-4.267942583732057	0.6698564593301435	2900.0	4779472.0	98.64312026969877	6.937799043062201	-280.0	
2030.0	8.141304347826086	1504.0	2.4239130434782608	-1.9456521739130435	2432.0	-96.0	0.14392803598200898	-0.22488755622188905	212.0	20585.9375	-0.31784107946026985	-150.0	32.94732348202378	33968.0	279.359756097561	-9163.0	7350822.0	224329.28466796875	-1616.0	40.97560975609756	-1344.0	49.268292682926834	2654.0	3888.644688644689	1848.0	-4.421052631578947	0.18181818181818182	2836.0	4779408.0	98.64377142012528	6.784688995215311	-76.0	
2052.0	8.565217391304348	1465.0	2.1847826086956523	-2.5652173913043477	2489.0	-101.0	0.15142428785607195	-0.2143928035982009	191.0	20595.703125	-0.2863568215892054	-143.0	32.94732348202378	33968.0	284.2378048780488	-9323.0	7351142.0	224339.05029296875	-1827.0	18.53658536585366	-608.0	55.701219512195124	2656.0	3891.5750915750914	2180.0	-5.215311004784689	-0.16267942583732056	3072.0	4779408.0	98.64377142012528	7.349282296650717	68.0	
2120.0	9.326086956521738	1395.0	1.4456521739130435	-2.4456521739130435	2478.0	-88.0	0.13193403298350825	-0.21739130434782608	177.0	20605.46875	-0.2653673163418291	-145.0	32.94732348202378	33968.0	284.4207317073171	-9329.0	7351462.0	224348.81591796875	-1374.0	2.804878048780488	-92.0	41.890243902439025	2634.0	3859.3406593406594	2000.0	-4.784688995215311	-0.9569377990430622	3444.0	4779408.0	98.64377142012528	8.239234449760765	400.0	
2174.0	10.141304347826086	1320.0	0.858695652173913	-2.3260869565217392	2467.0	-92.0	0.13793103448275862	-0.19490254872563717	160.0	20615.234375	-0.239880059970015	-130.0	32.94732348202378	33968.0	288.8109756097561	-9473.0	7351782.0	224358.58154296875	-1400.0	-12.408536585365855	407.0	42.6829268292683	2653.0	3887.1794871794873	2036.0	-4.8708133971291865	-1.8277511961722488	3820.0	4779408.0	98.64377142012528	9.138755980861244	764.0	
2225.0	10.858695652173912	1254.0	0.30434782608695654	-1.9456521739130435	2432.0	-85.0	0.12743628185907047	-0.1934032983508246	143.0	20625.0	-0.2143928035982009	-129.0	32.94732348202378	33968.0	299.0853658536586	-9810.0	7352102.0	224368.34716796875	-1697.0	-28.59756097560976	938.0	51.737804878048784	2648.0	3879.8534798534797	1812.0	-4.3349282296650715	-2.430622009569378	4124.0	4779408.0	98.64377142012528	9.866028708133971	1016.0	
2254.0	11.456521739130434	1199.0	-0.010869565217391304	-1.1195652173913042	2356.0	-85.0	0.12743628185907047	-0.17541229385307347	127.0	20634.765625	-0.19040479760119938	-117.0	32.94732348202378	33968.0	312.50000000000006	-10250.0	7352422.0	224378.11279296875	-1826.0	-51.21951219512196	1680.0	55.67073170731708	2647.0	3878.388278388278	1596.0	-3.818181818181818	-2.6698564593301435	4264.0	4779568.0	98.64214354433302	10.200956937799043	1116.0	
2248.0	11.021739130434783	1239.0	0.05434782608695652	-3.0869565217391304	2537.0	-83.0	0.12443778110944527	-0.1679160419790105	115.0	20644.53125	-0.17241379310344826	-112.0	32.94732348202378	33968.0	324.75609756097566	-10652.0	7352742.0	224387.87841796875	-1233.0	-74.81707317073172	2454.0	37.59146341463415	2651.0	3884.2490842490843	1916.0	-4.583732057416268	-2.660287081339713	4344.0	4779568.0	98.64214354433302	10.392344497607654	1112.0	
2315.0	8.66304347826087	1456.0	-0.6739130434782609	-2.6739130434782608	2499.0	-88.0	0.13193403298350825	-0.15142428785607195	102.0	20654.296875	-0.15292353823088456	-101.0	32.94732348202378	33968.0	330.3353658536586	-10835.0	7353062.0	224397.64404296875	-1615.0	-62.22560975609757	2041.0	49.237804878048784	2640.0	3868.131868131868	2404.0	-5.751196172248804	-3.0813397129186604	3380.0	4779568.0	98.64214354433302	8.086124401913874	1288.0	
2430.0	7.0	1609.0	-1.9239130434782608	-0.967391304347826	2342.0	-89.0	0.13343328335832083	-0.13043478260869565	92.0	20664.0625	-0.13793103448275862	-87.0	32.94732348202378	33968.0	327.37804878048786	-10738.0	7353382.0	224407.40966796875	-1778.0	-46.61585365853659	1529.0	54.207317073170735	2648.0	3879.8534798534797	1296.0	-3.1004784688995213	-4.62200956937799	2428.0	4779568.0	98.64214354433302	5.8086124401913874	1932.0	
2548.0	7.565217391304348	1557.0	-3.2065217391304346	-1.717391304347826	2411.0	-81.0	0.12143928035982009	-0.1184407796101949	74.0	20673.828125	-0.11094452773613193	-79.0	32.94732348202378	33968.0	311.82926829268297	-10228.0	7353702.0	224417.17529296875	-1916.0	-47.5609756097561	1560.0	58.41463414634147	2647.0	3878.388278388278	1628.0	-3.894736842105263	-5.961722488038277	2532.0	4779568.0	98.64214354433302	6.057416267942584	2492.0	
2792.0	9.293478260869565	1398.0	-5.858695652173913	-2.3043478260869565	2465.0	-83.0	0.12443778110944527	-0.09295352323838081	49.0	20683.59375	-0.07346326836581708	-62.0	32.94732348202378	33968.0	279.0853658536586	-9154.0	7354022.0	224426.94091796875	-865.0	8.079268292682928	-265.0	26.371951219512198	2638.0	3865.2014652014655	1728.0	-4.133971291866029	-8.985645933014354	3404.0	4779504.0	98.64279469454034	8.14354066985646	3756.0	
2949.0	10.945652173913043	1246.0	-7.565217391304348	-1.9456521739130435	2432.0	-80.0	0.1199400299850075	-0.07946026986506746	50.0	20693.359375	-0.07496251874062969	-53.0	32.94732348202378	33968.0	273.75	-8979.0	7354342.0	224436.70654296875	-575.0	40.94512195121952	-1343.0	17.53048780487805	2639.0	3866.6666666666665	1716.0	-4.105263157894736	-11.263157894736842	4108.0	4779504.0	98.64279469454034	9.82775119617225	4708.0	
2924.0	11.326086956521738	1211.0	-7.293478260869565	-0.9239130434782609	2338.0	-77.0	0.11544227886056971	-0.07196401799100449	44.0	20703.125	-0.06596701649175413	-48.0	32.94732348202378	33968.0	293.6585365853659	-9632.0	7354662.0	224446.47216796875	-765.0	41.951219512195124	-1376.0	23.323170731707318	2644.0	3873.992673992674	1412.0	-3.3779904306220097	-11.10047846889952	4284.0	4779504.0	98.64279469454034	10.248803827751196	4640.0	
2823.0	10.51086956521739	1286.0	-6.195652173913043	-0.20652173913043478	2272.0	-68.0	0.10194902548725637	-0.043478260869565216	27.0	20712.890625	-0.04047976011994003	-29.0	32.94732348202378	33968.0	300.5487804878049	-9858.0	7354982.0	224456.23779296875	-694.0	32.6829268292683	-1072.0	21.158536585365855	2646.0	3876.923076923077	1088.0	-2.602870813397129	-9.799043062200957	3992.0	4779504.0	98.64279469454034	9.55023923444976	4096.0	
2733.0	9.380434782608695	1390.0	-5.217391304347826	0.021739130434782608	2251.0	-73.0	0.10944527736131934	-0.020989505247376312	16.0	20722.65625	-0.0239880059970015	-14.0	32.94732348202378	33968.0	294.4207317073171	-9657.0	7355302.0	224466.00341796875	-757.0	20.182926829268293	-662.0	23.07926829268293	2634.0	3859.3406593406594	948.0	-2.2679425837320575	-8.736842105263158	3480.0	4779504.0	98.64279469454034	8.325358851674642	3652.0	
2744.0	8.456521739130434	1475.0	-5.33695652173913	0.2391304347826087	2231.0	-71.0	0.10644677661169415	-0.0014992503748125937	5.0	20732.421875	-0.0074962518740629685	-1.0	32.94732348202378	33968.0	286.00609756097566	-9381.0	7355622.0	224475.76904296875	-886.0	7.195121951219513	-236.0	27.012195121951223	2646.0	3876.923076923077	884.0	-2.114832535885167	-8.708133971291865	3016.0	4779376.0	98.64409699539333	7.215311004784689	3640.0	
2828.0	8.032608695652174	1514.0	-6.25	0.34782608695652173	2221.0	-66.0	0.09895052473763118	0.026986506746626684	-3.0	20742.1875	0.004497751124437781	18.0	32.94732348202378	33968.0	280.57926829268297	-9203.0	7355942.0	224485.53466796875	-915.0	-4.725609756097562	155.0	27.896341463414636	2650.0	3882.7838827838827	840.0	-2.0095693779904304	-9.71291866028708	2828.0	4779376.0	98.64409699539333	6.765550239234449	4060.0	
2931.0	7.989130434782608	1518.0	-7.369565217391304	0.2391304347826087	2231.0	-72.0	0.10794602698650674	0.04047976011994003	-12.0	20751.953125	0.017991004497751123	27.0	32.94732348202378	33968.0	274.969512195122	-9019.0	7356262.0	224495.30029296875	-934.0	-11.432926829268293	375.0	28.475609756097562	2655.0	3890.10989010989	896.0	-2.1435406698564594	-11.110047846889952	2828.0	4779376.0	98.64409699539333	6.765550239234449	4644.0	
3035.0	8.195652173913043	1499.0	-8.5	-0.06521739130434782	2259.0	-69.0	0.10344827586206896	0.07196401799100449	-13.0	20761.71875	0.019490254872563718	48.0	32.94732348202378	33968.0	272.2256097560976	-8929.0	7356582.0	224505.06591796875	-1131.0	-11.371951219512196	373.0	34.48170731707317	2631.0	3854.945054945055	956.0	-2.2870813397129184	-12.33492822966507	2904.0	4779376.0	98.64409699539333	6.947368421052631	5156.0	
3091.0	8.58695652173913	1463.0	-9.108695652173912	0.0	2253.0	-66.0	0.09895052473763118	0.08995502248875561	-21.0	20771.484375	0.031484257871064465	60.0	32.94732348202378	33968.0	271.82926829268297	-8916.0	7356902.0	224514.83154296875	-1411.0	-11.829268292682928	388.0	43.018292682926834	2653.0	3887.1794871794873	948.0	-2.2679425837320575	-13.215311004784688	3084.0	4779376.0	98.64409699539333	7.37799043062201	5524.0	
3148.0	9.076086956521738	1418.0	-9.728260869565217	-0.043478260869565216	2257.0	-69.0	0.10344827586206896	0.10794602698650674	-25.0	20781.25	0.037481259370314844	72.0	32.94732348202378	33968.0	274.0548780487805	-8989.0	7357222.0	224524.59716796875	-1768.0	-12.500000000000002	410.0	53.90243902439025	2645.0	3875.4578754578756	964.0	-2.3062200956937797	-13.54066985645933	3196.0	4779360.0	98.64425978304105	7.645933014354067	5660.0	
3201.0	9.652173913043478	1365.0	-10.304347826086957	-0.16304347826086957	2268.0	-69.0	0.10344827586206896	0.10794602698650674	-25.0	20791.015625	0.037481259370314844	72.0	32.94732348202378	33968.0	277.95731707317077	-9117.0	7357542.0	224534.36279296875	-2270.0	-12.286585365853659	403.0	69.20731707317074	2633.0	3857.875457875458	992.0	-2.373205741626794	-14.17224880382775	3460.0	4779360.0	98.64425978304105	8.277511961722487	5924.0	
3235.0	10.293478260869565	1306.0	-10.67391304347826	-0.11956521739130435	2264.0	-72.0	0.10794602698650674	0.136431784107946	-26.0	20800.78125	0.038980509745127435	91.0	32.94732348202378	33968.0	280.7317073170732	-9208.0	7357862.0	224544.12841796875	-2978.0	-11.981707317073171	393.0	90.79268292682927	2651.0	3884.2490842490843	1028.0	-2.4593301435406696	-14.77511961722488	3752.0	4779360.0	98.64425978304105	8.976076555023923	6176.0	
3272.0	10.989130434782608	1242.0	-11.076086956521738	-0.14130434782608695	2266.0	-72.0	0.10794602698650674	0.136431784107946	-26.0	20810.546875	0.038980509745127435	91.0	32.94732348202378	33968.0	282.13414634146346	-9254.0	7358182.0	224553.89404296875	-3846.0	-11.920731707317074	391.0	117.25609756097562	2638.0	3865.2014652014655	1024.0	-2.449760765550239	-15.110047846889952	4084.0	4779360.0	98.64425978304105	9.770334928229664	6316.0	
3274.0	11.67391304347826	1179.0	-11.097826086956522	0.05434782608695652	2248.0	-69.0	0.10344827586206896	0.17241379310344826	-34.0	20820.3125	0.050974512743628186	115.0	32.94732348202378	33968.0	283.8414634146342	-9310.0	7358502.0	224563.65966796875	-4913.0	-14.786585365853659	485.0	149.78658536585368	2654.0	3888.644688644689	960.0	-2.2966507177033493	-15.272727272727272	4388.0	4779360.0	98.64425978304105	10.497607655502392	6384.0	
3249.0	12.043478260869565	1145.0	-10.826086956521738	0.19565217391304346	2235.0	-66.0	0.09895052473763118	0.1934032983508246	-37.0	20830.078125	0.05547226386806597	129.0	32.94732348202378	33968.0	283.9939024390244	-9315.0	7358822.0	224573.42529296875	-6127.0	-19.908536585365855	653.0	186.7987804878049	2646.0	3876.923076923077	896.0	-2.1435406698564594	-15.043062200956937	4616.0	4779472.0	98.64312026969877	11.043062200956937	6288.0	
3210.0	12.097826086956522	1140.0	-10.402173913043478	0.2826086956521739	2227.0	-68.0	0.10194902548725637	0.21739130434782608	-46.0	20839.84375	0.06896551724137931	145.0	32.94732348202378	33968.0	279.8475609756098	-9179.0	7359142.0	224583.19091796875	-7434.0	-27.83536585365854	913.0	226.64634146341464	2651.0	3884.2490842490843	856.0	-2.047846889952153	-14.507177033492823	4688.0	4779472.0	98.64312026969877	11.215311004784688	6064.0	
3146.0	11.76086956521739	1171.0	-9.706521739130434	0.19565217391304346	2235.0	-68.0	0.10194902548725637	0.24137931034482757	-45.0	20849.609375	0.06746626686656672	161.0	32.94732348202378	33968.0	272.19512195121956	-8928.0	7359462.0	224592.95654296875	-8667.0	-37.25609756097561	1222.0	264.2378048780488	2636.0	3862.2710622710624	872.0	-2.0861244019138754	-13.808612440191387	4556.0	4779472.0	98.64312026969877	10.899521531100477	5772.0	
3092.0	11.097826086956522	1232.0	-9.119565217391305	-0.043478260869565216	2257.0	-66.0	0.09895052473763118	0.2578710644677661	-46.0	20859.375	0.06896551724137931	172.0	32.94732348202378	33968.0	259.8170731707317	-8522.0	7359782.0	224602.72216796875	-9697.0	-48.07926829268293	1577.0	295.64024390243907	2629.0	3852.0146520146523	964.0	-2.3062200956937797	-13.110047846889952	4268.0	4779472.0	98.64312026969877	10.210526315789473	5480.0	
3050.0	10.195652173913043	1315.0	-8.66304347826087	-0.31521739130434784	2282.0	-74.0	0.11094452773613193	0.2848575712143928	-49.0	20869.140625	0.07346326836581708	190.0	32.94732348202378	33968.0	241.70731707317074	-7928.0	7360102.0	224612.48779296875	-10522.0	-55.94512195121952	1835.0	320.7926829268293	2638.0	3865.2014652014655	1092.0	-2.61244019138756	-12.555023923444976	3864.0	4779472.0	98.64312026969877	9.24401913875598	5248.0	
3011.0	9.293478260869565	1398.0	-8.23913043478261	-0.16304347826086957	2268.0	-74.0	0.11094452773613193	0.29235382308845576	-44.0	20878.90625	0.06596701649175413	195.0	32.94732348202378	33968.0	218.47560975609758	-7166.0	7360422.0	224622.25341796875	-11170.0	-63.75000000000001	2091.0	340.5487804878049	2652.0	3885.714285714286	1004.0	-2.401913875598086	-12.105263157894736	3440.0	4779600.0	98.64181796928418	8.229665071770334	5060.0	
2998.0	8.315217391304348	1488.0	-8.097826086956522	0.05434782608695652	2248.0	-77.0	0.11544227886056971	0.31784107946026985	-41.0	20888.671875	0.06146926536731634	212.0	32.94732348202378	33968.0	191.7378048780488	-6289.0	7360742.0	224632.01904296875	-11432.0	-71.09756097560977	2332.0	348.5365853658537	2630.0	3853.479853479854	904.0	-2.1626794258373203	-11.760765550239235	2996.0	4779600.0	98.64181796928418	7.167464114832535	4916.0	
2986.0	7.239130434782608	1587.0	-7.967391304347826	0.46739130434782605	2210.0	-84.0	0.12593703148425786	0.32533733133433285	-49.0	20898.4375	0.07346326836581708	217.0	32.94732348202378	33968.0	163.07926829268294	-5349.0	7361062.0	224641.78466796875	-11434.0	-76.79878048780489	2519.0	348.5975609756098	2644.0	3873.992673992674	728.0	-1.7416267942583732	-11.55023923444976	2488.0	4779600.0	98.64181796928418	5.952153110047846	4828.0	
2975.0	6.1521739130434785	1687.0	-7.8478260869565215	0.8152173913043478	2178.0	-91.0	0.136431784107946	0.335832083958021	-36.0	20908.203125	0.05397301349325337	224.0	32.94732348202378	33968.0	133.90243902439025	-4392.0	7361382.0	224651.55029296875	-10922.0	-80.97560975609757	2656.0	332.9878048780488	2648.0	3879.8534798534797	532.0	-1.2727272727272727	-11.464114832535884	1972.0	4779600.0	98.64181796928418	4.717703349282297	4792.0	
2984.0	5.08695652173913	1785.0	-7.945652173913043	0.9565217391304348	2165.0	-99.0	0.14842578710644677	0.3538230884557721	-30.0	20917.96875	0.04497751124437781	236.0	32.94732348202378	33968.0	105.27439024390245	-3453.0	7361702.0	224661.31591796875	-10056.0	-81.25000000000001	2665.0	306.5853658536586	2624.0	3844.6886446886447	412.0	-0.985645933014354	-11.339712918660286	1460.0	4779600.0	98.64181796928418	3.492822966507177	4740.0	
2940.0	4.184782608695652	1868.0	-7.467391304347826	1.4456521739130435	2120.0	-108.0	0.1619190404797601	0.33883058470764615	-33.0	20927.734375	0.04947526236881559	226.0	32.94732348202378	33968.0	86.67682926829269	-2843.0	7362022.0	224671.08154296875	-8823.0	-78.96341463414635	2590.0	268.9939024390244	2653.0	3887.1794871794873	72.0	-0.17224880382775118	-11.081339712918659	1220.0	4779616.0	98.64165518177346	2.9186602870813396	4632.0	
2893.0	3.760869565217391	1907.0	-6.956521739130435	1.75	2092.0	-118.0	0.17691154422788605	0.35082458770614694	-37.0	20937.5	0.05547226386806597	234.0	32.94732348202378	33968.0	61.768292682926834	-2026.0	7362342.0	224680.84716796875	-7085.0	-77.5609756097561	2544.0	216.00609756097563	2644.0	3873.992673992674	172.0	-0.41148325358851673	-10.545454545454545	960.0	4779616.0	98.64165518177346	2.2966507177033493	4408.0	
2920.0	3.3043478260869565	1949.0	-7.25	1.8369565217391304	2084.0	-127.0	0.19040479760119938	0.35532233883058467	-24.0	20947.265625	0.035982008995502246	237.0	32.94732348202378	33968.0	40.60975609756098	-1332.0	7362662.0	224690.61279296875	-5387.0	-81.06707317073172	2659.0	164.2378048780488	2642.0	3871.062271062271	56.0	-0.1339712918660287	-10.688995215311005	788.0	4779616.0	98.64165518177346	1.8851674641148324	4468.0	
2958.0	3.119565217391304	1966.0	-7.663043478260869	1.5869565217391304	2107.0	-131.0	0.19640179910044978	0.35082458770614694	-28.0	20957.03125	0.041979010494752625	234.0	32.94732348202378	33968.0	23.993902439024392	-787.0	7362982.0	224700.37841796875	-3941.0	-69.23780487804879	2271.0	120.15243902439026	2636.0	3862.2710622710624	136.0	-0.3253588516746411	-11.205741626794257	648.0	4779616.0	98.64165518177346	1.5502392344497606	4684.0	
2964.0	3.0	1977.0	-7.728260869565217	1.8478260869565217	2083.0	-132.0	0.19790104947526235	0.3493253373313343	-22.0	20966.796875	0.03298350824587706	233.0	32.94732348202378	33968.0	9.359756097560977	-307.0	7363302.0	224710.14404296875	-2582.0	-57.22560975609757	1877.0	78.71951219512196	2635.0	3860.805860805861	76.0	-0.18181818181818182	-11.339712918660286	580.0	4779616.0	98.64165518177346	1.38755980861244	4740.0	
2940.0	3.260869565217391	1953.0	-7.467391304347826	2.1956521739130435	2051.0	-140.0	0.2098950524737631	0.34182908545727136	-21.0	20976.5625	0.031484257871064465	228.0	32.94732348202378	33968.0	-6.432926829268293	211.0	7363622.0	224719.90966796875	-1301.0	-47.6219512195122	1562.0	39.66463414634147	2666.0	3906.227106227106	-76.0	0.18181818181818182	-11.052631578947368	656.0	4779536.0	98.64246911941842	1.569377990430622	4620.0	
2894.0	3.8804347826086953	1896.0	-6.967391304347826	2.2065217391304346	2050.0	-138.0	0.20689655172413793	0.3523238380809595	-18.0	20986.328125	0.026986506746626684	235.0	32.94732348202378	33968.0	-16.25	533.0	7363942.0	224729.67529296875	-143.0	-37.01219512195122	1214.0	4.359756097560976	2652.0	3885.714285714286	-116.0	0.27751196172248804	-10.488038277511961	924.0	4779536.0	98.64246911941842	2.2105263157894735	4384.0	
2867.0	4.467391304347826	1842.0	-6.673913043478261	2.2391304347826084	2047.0	-146.0	0.21889055472263869	0.34182908545727136	-24.0	20996.09375	0.035982008995502246	228.0	32.94732348202378	33968.0	-20.396341463414636	669.0	7364262.0	224739.44091796875	800.0	-27.28658536585366	895.0	-24.39024390243903	2638.0	3865.2014652014655	-104.0	0.24880382775119617	-10.066985645933014	1224.0	4779536.0	98.64246911941842	2.92822966507177	4208.0	
2858.0	4.978260869565217	1795.0	-6.576086956521739	2.1847826086956523	2052.0	-148.0	0.22188905547226387	0.33883058470764615	-27.0	21005.859375	0.04047976011994003	226.0	32.94732348202378	33968.0	-23.384146341463417	767.0	7364582.0	224749.20654296875	1582.0	-18.01829268292683	591.0	-48.23170731707317	2635.0	3860.805860805861	-108.0	0.2583732057416268	-9.923444976076555	1440.0	4779536.0	98.64246911941842	3.4449760765550237	4148.0	
2855.0	5.315217391304348	1764.0	-6.543478260869565	2.108695652173913	2059.0	-140.0	0.2098950524737631	0.3448275862068965	-23.0	21015.625	0.034482758620689655	230.0	32.94732348202378	33968.0	-26.737804878048784	877.0	7364902.0	224758.97216796875	2232.0	-7.743902439024391	254.0	-68.04878048780489	2635.0	3860.805860805861	-60.0	0.14354066985645933	-9.885167464114833	1608.0	4779536.0	98.64246911941842	3.8468899521531097	4132.0	
2853.0	5.913043478260869	1709.0	-6.521739130434782	2.0652173913043477	2063.0	-144.0	0.21589205397301348	0.34332833583208394	-12.0	21025.390625	0.017991004497751123	229.0	32.94732348202378	33968.0	-29.634146341463417	972.0	7365222.0	224768.73779296875	2676.0	1.3109756097560976	-43.0	-81.58536585365854	2642.0	3871.062271062271	-52.0	0.12440191387559808	-9.85645933014354	1828.0	4779488.0	98.642957482115	4.373205741626794	4120.0	
2838.0	6.510869565217391	1654.0	-6.358695652173913	2.043478260869565	2065.0	-143.0	0.2143928035982009	0.3403298350824588	-22.0	21035.15625	0.03298350824587706	227.0	32.94732348202378	33968.0	-30.975609756097565	1016.0	7365542.0	224778.50341796875	2811.0	8.75	-287.0	-85.70121951219512	2644.0	3873.992673992674	-16.0	0.03827751196172249	-9.751196172248804	2148.0	4779488.0	98.642957482115	5.1387559808612435	4076.0	
2837.0	7.217391304347826	1589.0	-6.3478260869565215	1.8804347826086956	2080.0	-140.0	0.2098950524737631	0.34182908545727136	-22.0	21044.921875	0.03298350824587706	228.0	32.94732348202378	33968.0	-33.201219512195124	1089.0	7365862.0	224788.26904296875	2755.0	17.164634146341466	-563.0	-83.9939024390244	2644.0	3873.992673992674	84.0	-0.20095693779904306	-9.703349282296651	2492.0	4779488.0	98.642957482115	5.961722488038277	4056.0	
2850.0	7.739130434782608	1541.0	-6.489130434782608	1.8804347826086956	2080.0	-141.0	0.21139430284857572	0.3403298350824588	-25.0	21054.6875	0.037481259370314844	227.0	32.94732348202378	33968.0	-35.03048780487805	1149.0	7366182.0	224798.03466796875	2614.0	24.237804878048784	-795.0	-79.69512195121952	2646.0	3876.923076923077	112.0	-0.2679425837320574	-9.808612440191387	2720.0	4779488.0	98.642957482115	6.507177033492822	4100.0	
2844.0	7.989130434782608	1518.0	-6.423913043478261	1.7608695652173914	2091.0	-133.0	0.19940029985007496	0.3313343328335832	-24.0	21064.453125	0.035982008995502246	221.0	32.94732348202378	33968.0	-36.06707317073171	1183.0	7366502.0	224807.80029296875	2370.0	29.695121951219516	-974.0	-72.25609756097562	2654.0	3888.644688644689	196.0	-0.4688995215311005	-9.770334928229664	2816.0	4779488.0	98.642957482115	6.7368421052631575	4084.0	
2861.0	8.076086956521738	1510.0	-6.608695652173913	1.4456521739130435	2120.0	-135.0	0.20239880059970014	0.33883058470764615	-24.0	21074.21875	0.035982008995502246	226.0	32.94732348202378	33968.0	-41.28048780487805	1354.0	7366822.0	224817.56591796875	2009.0	37.40853658536586	-1227.0	-61.25000000000001	2639.0	3866.6666666666665	248.0	-0.5933014354066986	-9.84688995215311	2864.0	4779440.0	98.64344584489376	6.851674641148325	4116.0	
2848.0	8.141304347826086	1504.0	-6.467391304347826	1.5326086956521738	2112.0	-138.0	0.20689655172413793	0.3298350824587706	-21.0	21083.984375	0.031484257871064465	220.0	32.94732348202378	33968.0	-50.76219512195122	1665.0	7367142.0	224827.33154296875	1786.0	43.59756097560976	-1430.0	-54.451219512195124	2653.0	3887.1794871794873	256.0	-0.6124401913875598	-9.942583732057416	2880.0	4779440.0	98.64344584489376	6.889952153110047	4156.0	
2877.0	8.293478260869565	1490.0	-6.782608695652174	1.4782608695652173	2117.0	-138.0	0.20689655172413793	0.3328335832083958	-30.0	21093.75	0.04497751124437781	222.0	32.94732348202378	33968.0	-60.1219512195122	1972.0	7367462.0	224837.09716796875	1632.0	47.65243902439025	-1563.0	-49.75609756097561	2629.0	3852.0146520146523	244.0	-0.5837320574162679	-10.047846889952153	2948.0	4779440.0	98.64344584489376	7.052631578947368	4200.0	
2876.0	8.445652173913043	1476.0	-6.771739130434782	1.3043478260869565	2133.0	-127.0	0.19040479760119938	0.3313343328335832	-35.0	21103.515625	0.05247376311844078	221.0	32.94732348202378	33968.0	-69.54268292682927	2281.0	7367782.0	224846.86279296875	1484.0	51.4329268292683	-1687.0	-45.243902439024396	2644.0	3873.992673992674	316.0	-0.7559808612440191	-10.258373205741627	3024.0	4779440.0	98.64344584489376	7.23444976076555	4288.0	
2890.0	8.434782608695652	1477.0	-6.923913043478261	1.1521739130434783	2147.0	-129.0	0.1934032983508246	0.32533733133433285	-21.0	21113.28125	0.031484257871064465	217.0	32.94732348202378	33968.0	-79.17682926829269	2597.0	7368102.0	224856.62841796875	1360.0	56.18902439024391	-1843.0	-41.463414634146346	2649.0	3881.3186813186812	404.0	-0.9665071770334928	-10.497607655502392	3064.0	4779440.0	98.64344584489376	7.330143540669856	4388.0	
2905.0	8.304347826086957	1489.0	-7.08695652173913	0.9130434782608695	2169.0	-120.0	0.17991004497751123	0.32233883058470764	-31.0	21123.046875	0.046476761619190406	215.0	32.94732348202378	33968.0	-89.72560975609757	2943.0	7368422.0	224866.39404296875	1223.0	60.03048780487806	-1969.0	-37.28658536585366	2640.0	3868.131868131868	512.0	-1.2248803827751196	-10.61244019138756	3012.0	4779392.0	98.64393420775474	7.205741626794258	4436.0	
2898.0	8.25	1494.0	-7.010869565217391	0.7934782608695652	2180.0	-117.0	0.17541229385307347	0.31784107946026985	-35.0	21132.8125	0.05247376311844078	212.0	32.94732348202378	33968.0	-102.40853658536587	3359.0	7368742.0	224876.15966796875	1145.0	63.59756097560976	-2086.0	-34.90853658536586	2654.0	3888.644688644689	584.0	-1.3971291866028708	-10.688995215311005	2964.0	4779392.0	98.64393420775474	7.090909090909091	4468.0	
2918.0	8.228260869565217	1496.0	-7.228260869565217	0.75	2184.0	-112.0	0.1679160419790105	0.3118440779610195	-30.0	21142.578125	0.04497751124437781	208.0	32.94732348202378	33968.0	-116.4329268292683	3819.0	7369062.0	224885.92529296875	1200.0	65.1829268292683	-2138.0	-36.58536585365854	2650.0	3882.7838827838827	612.0	-1.464114832535885	-10.746411483253588	2952.0	4779392.0	98.64393420775474	7.062200956937799	4492.0	
2928.0	8.26086956521739	1493.0	-7.33695652173913	0.5869565217391304	2199.0	-110.0	0.1649175412293853	0.3028485757121439	-34.0	21152.34375	0.050974512743628186	202.0	32.94732348202378	33968.0	-130.7926829268293	4290.0	7369382.0	224895.69091796875	1344.0	66.70731707317074	-2188.0	-40.97560975609756	2648.0	3879.8534798534797	676.0	-1.6172248803827751	-10.870813397129186	2964.0	4779392.0	98.64393420775474	7.090909090909091	4544.0	
2929.0	8.293478260869565	1490.0	-7.3478260869565215	0.43478260869565216	2213.0	-111.0	0.1664167916041979	0.3028485757121439	-36.0	21162.109375	0.05397301349325337	202.0	32.94732348202378	33968.0	-143.8719512195122	4719.0	7369702.0	224905.45654296875	1443.0	67.5609756097561	-2216.0	-43.993902439024396	2637.0	3863.736263736264	716.0	-1.7129186602870812	-10.909090909090908	2980.0	4779392.0	98.64393420775474	7.1291866028708135	4560.0	
2920.0	8.326086956521738	1487.0	-7.25	0.34782608695652173	2221.0	-99.0	0.14842578710644677	0.2863568215892054	-38.0	21171.875	0.05697151424287856	191.0	32.94732348202378	33968.0	-158.41463414634148	5196.0	7370022.0	224915.22216796875	1513.0	69.0548780487805	-2265.0	-46.12804878048781	2637.0	3863.736263736264	768.0	-1.8373205741626792	-10.803827751196172	3016.0	4779584.0	98.64198075680405	7.215311004784689	4516.0	
2912.0	8.48913043478261	1472.0	-7.163043478260869	0.2826086956521739	2227.0	-101.0	0.15142428785607195	0.27586206896551724	-45.0	21181.640625	0.06746626686656672	184.0	32.94732348202378	33968.0	-175.00000000000003	5740.0	7370342.0	224924.98779296875	1628.0	68.23170731707317	-2238.0	-49.63414634146342	2643.0	3872.5274725274726	800.0	-1.9138755980861244	-10.75598086124402	3100.0	4779584.0	98.64198075680405	7.4162679425837315	4496.0	
2909.0	8.576086956521738	1464.0	-7.130434782608695	0.2934782608695652	2226.0	-95.0	0.1424287856071964	0.2593703148425787	-47.0	21191.40625	0.0704647676161919	173.0	32.94732348202378	33968.0	-189.02439024390245	6200.0	7370662.0	224934.75341796875	1804.0	66.58536585365854	-2184.0	-55.00000000000001	2652.0	3885.714285714286	824.0	-1.971291866028708	-10.727272727272727	3108.0	4779584.0	98.64198075680405	7.435406698564593	4484.0	
2896.0	8.391304347826086	1481.0	-6.989130434782608	0.05434782608695652	2248.0	-96.0	0.14392803598200898	0.239880059970015	-40.0	21201.171875	0.05997001499250375	160.0	32.94732348202378	33968.0	-201.00609756097563	6593.0	7370982.0	224944.51904296875	2021.0	64.32926829268293	-2110.0	-61.615853658536594	2642.0	3871.062271062271	884.0	-2.114832535885167	-10.61244019138756	3028.0	4779584.0	98.64198075680405	7.244019138755981	4436.0	
2871.0	8.271739130434783	1492.0	-6.717391304347826	0.05434782608695652	2248.0	-93.0	0.1394302848575712	0.2368815592203898	-42.0	21210.9375	0.06296851574212893	158.0	32.94732348202378	33968.0	-214.63414634146343	7040.0	7371302.0	224954.28466796875	2313.0	59.237804878048784	-1943.0	-70.51829268292684	2644.0	3873.992673992674	948.0	-2.2679425837320575	-10.229665071770334	2968.0	4779584.0	98.64198075680405	7.100478468899521	4276.0	
2851.0	8.576086956521738	1464.0	-6.5	-0.13043478260869565	2265.0	-83.0	0.12443778110944527	0.21589205397301348	-45.0	21220.703125	0.06746626686656672	144.0	32.94732348202378	33968.0	-229.78658536585368	7537.0	7371622.0	224964.05029296875	2625.0	50.79268292682927	-1666.0	-80.03048780487805	2644.0	3873.992673992674	1036.0	-2.478468899521531	-9.942583732057416	3120.0	4779776.0	98.64002730716855	7.464114832535885	4156.0	
2854.0	9.17391304347826	1409.0	-6.532608695652174	-0.532608695652174	2302.0	-87.0	0.13043478260869565	0.19940029985007496	-35.0	21230.46875	0.05247376311844078	133.0	32.94732348202378	33968.0	-242.9878048780488	7970.0	7371942.0	224973.81591796875	2906.0	45.0609756097561	-1478.0	-88.59756097560977	2637.0	3863.736263736264	1124.0	-2.688995215311005	-9.885167464114833	3272.0	4779776.0	98.64002730716855	7.827751196172248	4132.0	
2844.0	9.804347826086957	1351.0	-6.423913043478261	-0.7717391304347826	2324.0	-79.0	0.1184407796101949	0.17991004497751123	-39.0	21240.234375	0.05847076461769115	120.0	32.94732348202378	33968.0	-250.09146341463418	8203.0	7372262.0	224983.58154296875	3081.0	38.78048780487805	-1272.0	-93.9329268292683	2630.0	3853.479853479854	1252.0	-2.9952153110047846	-9.894736842105262	3580.0	4779776.0	98.64002730716855	8.564593301435407	4136.0	
2842.0	10.282608695652174	1307.0	-6.4021739130434785	-0.8695652173913043	2333.0	-88.0	0.13193403298350825	0.1619190404797601	-29.0	21250.0	0.043478260869565216	108.0	32.94732348202378	33968.0	-251.76829268292684	8258.0	7372582.0	224993.34716796875	3159.0	33.32317073170732	-1093.0	-96.31097560975611	2646.0	3876.923076923077	1348.0	-3.2248803827751193	-9.913875598086124	3804.0	4779776.0	98.64002730716855	9.10047846889952	4144.0	
2832.0	10.402173913043478	1296.0	-6.293478260869565	-0.9891304347826086	2344.0	-83.0	0.12443778110944527	0.1394302848575712	-34.0	21259.765625	0.050974512743628186	93.0	32.94732348202378	33968.0	-253.47560975609758	8314.0	7372902.0	225003.11279296875	3054.0	25.64024390243903	-841.0	-93.10975609756099	2650.0	3882.7838827838827	1384.0	-3.311004784688995	-9.894736842105262	3880.0	4779776.0	98.64002730716855	9.282296650717702	4136.0	
2810.0	10.271739130434783	1308.0	-6.054347826086956	-1.1521739130434783	2359.0	-87.0	0.13043478260869565	0.1199400299850075	-32.0	21269.53125	0.047976011994003	80.0	32.94732348202378	33968.0	-257.0426829268293	8431.0	7373222.0	225012.87841796875	2740.0	18.597560975609756	-610.0	-83.53658536585367	2650.0	3882.7838827838827	1456.0	-3.4832535885167464	-9.703349282296651	3860.0	4779712.0	98.64067845690091	9.23444976076555	4056.0	
2808.0	10.217391304347826	1313.0	-6.032608695652174	-1.2608695652173914	2369.0	-87.0	0.13043478260869565	0.10044977511244378	-24.0	21279.296875	0.035982008995502246	67.0	32.94732348202378	33968.0	-263.20121951219517	8633.0	7373542.0	225022.64404296875	2491.0	12.469512195121952	-409.0	-75.94512195121952	2631.0	3854.945054945055	1516.0	-3.626794258373206	-9.531100478468899	3852.0	4779712.0	98.64067845690091	9.215311004784688	3984.0	
2786.0	10.304347826086957	1305.0	-5.793478260869565	-1.25	2368.0	-89.0	0.13343328335832083	0.08095952023988005	-26.0	21289.0625	0.038980509745127435	54.0	32.94732348202378	33968.0	-269.0243902439025	8824.0	7373862.0	225032.40966796875	2398.0	2.2256097560975614	-73.0	-73.10975609756098	2662.0	3900.3663003663005	1540.0	-3.6842105263157894	-9.24401913875598	3864.0	4779712.0	98.64067845690091	9.24401913875598	3864.0	
2765.0	10.445652173913043	1292.0	-5.565217391304348	-1.3804347826086956	2380.0	-83.0	0.12443778110944527	0.06446776611694152	-17.0	21298.828125	0.025487256371814093	43.0	32.94732348202378	33968.0	-271.9207317073171	8919.0	7374182.0	225042.17529296875	2320.0	-9.481707317073171	311.0	-70.73170731707317	2655.0	3890.10989010989	1620.0	-3.875598086124402	-8.976076555023923	3916.0	4779712.0	98.64067845690091	9.368421052631579	3752.0	
2747.0	10.630434782608695	1275.0	-5.369565217391304	-1.6521739130434783	2405.0	-94.0	0.1409295352323838	0.038980509745127435	-6.0	21308.59375	0.008995502248875561	26.0	32.94732348202378	33968.0	-274.359756097561	8999.0	7374502.0	225051.94091796875	2234.0	-20.09146341463415	659.0	-68.10975609756098	2638.0	3865.2014652014655	1728.0	-4.133971291866029	-8.727272727272727	4004.0	4779712.0	98.64067845690091	9.578947368421053	3648.0	
2735.0	10.92391304347826	1248.0	-5.239130434782608	-1.9782608695652173	2435.0	-92.0	0.13793103448275862	0.020989505247376312	-2.0	21318.359375	0.0029985007496251873	14.0	32.94732348202378	33968.0	-275.3353658536586	9031.0	7374822.0	225061.70654296875	2006.0	-30.457317073170735	999.0	-61.15853658536586	2641.0	3869.5970695970695	1824.0	-4.363636363636363	-8.555023923444976	4124.0	4779856.0	98.63921337020861	9.866028708133971	3576.0	
2721.0	11.01086956521739	1240.0	-5.08695652173913	-2.1847826086956523	2454.0	-101.0	0.15142428785607195	0.0074962518740629685	9.0	21328.125	-0.013493253373313342	5.0	32.94732348202378	33968.0	-273.32317073170736	8965.0	7375142.0	225071.47216796875	1747.0	-41.18902439024391	1351.0	-53.26219512195122	2632.0	3856.4102564102564	1940.0	-4.641148325358851	-8.421052631578947	4184.0	4779856.0	98.63921337020861	10.009569377990431	3520.0	
2705.0	10.902173913043478	1250.0	-4.913043478260869	-2.532608695652174	2486.0	-106.0	0.15892053973013492	-0.020989505247376312	19.0	21337.890625	-0.02848575712143928	-14.0	32.94732348202378	33968.0	-273.1707317073171	8960.0	7375462.0	225081.23779296875	1631.0	-49.60365853658537	1627.0	-49.72560975609757	2641.0	3869.5970695970695	2076.0	-4.966507177033493	-8.248803827751196	4120.0	4779856.0	98.63921337020861	9.85645933014354	3448.0	
2690.0	10.83695652173913	1256.0	-4.75	-2.75	2506.0	-113.0	0.16941529235382308	-0.038980509745127435	23.0	21347.65625	-0.034482758620689655	-26.0	32.94732348202378	33968.0	-274.6646341463415	9009.0	7375782.0	225091.00341796875	1614.0	-61.92073170731708	2031.0	-49.207317073170735	2623.0	3843.223443223443	2152.0	-5.148325358851674	-7.990430622009569	4060.0	4779856.0	98.63921337020861	9.71291866028708	3340.0	
2666.0	10.92391304347826	1248.0	-4.489130434782608	-3.0760869565217392	2536.0	-111.0	0.1664167916041979	-0.05847076461769115	31.0	21357.421875	-0.046476761619190406	-39.0	32.94732348202378	33968.0	-276.1890243902439	9059.0	7376102.0	225100.76904296875	1583.0	-70.45731707317074	2311.0	-48.26219512195122	2643.0	3872.5274725274726	2332.0	-5.578947368421052	-7.712918660287081	4164.0	4779856.0	98.63921337020861	9.961722488038276	3224.0	
2653.0	11.445652173913043	1200.0	-4.3478260869565215	-3.152173913043478	2543.0	-116.0	0.17391304347826086	-0.07196401799100449	51.0	21367.1875	-0.07646176911544228	-48.0	32.94732348202378	33968.0	-275.0914634146342	9023.0	7376422.0	225110.53466796875	1555.0	-78.62804878048782	2579.0	-47.40853658536586	2656.0	3891.5750915750914	2388.0	-5.712918660287081	-7.473684210526316	4388.0	4779776.0	98.64002730716855	10.497607655502392	3124.0	
2630.0	11.717391304347826	1175.0	-4.0978260869565215	-3.217391304347826	2549.0	-126.0	0.1889055472263868	-0.08845577211394302	64.0	21376.953125	-0.095952023988006	-59.0	32.94732348202378	33968.0	-268.2926829268293	8800.0	7376742.0	225120.30029296875	1539.0	-86.03658536585367	2822.0	-46.920731707317074	2651.0	3884.2490842490843	2392.0	-5.722488038277512	-7.339712918660287	4476.0	4779776.0	98.64002730716855	10.708133971291865	3068.0	
2608.0	11.391304347826086	1205.0	-3.858695652173913	-3.4239130434782608	2568.0	-125.0	0.1874062968515742	-0.11094452773613193	69.0	21386.71875	-0.10344827586206896	-74.0	32.94732348202378	33968.0	-261.2804878048781	8570.0	7377062.0	225130.06591796875	1352.0	-92.92682926829269	3048.0	-41.21951219512196	2631.0	3854.945054945055	2436.0	-5.827751196172248	-7.062200956937799	4376.0	4779776.0	98.64002730716855	10.4688995215311	2952.0	
2571.0	10.858695652173912	1254.0	-3.4565217391304346	-3.293478260869565	2556.0	-129.0	0.1934032983508246	-0.1169415292353823	86.0	21396.484375	-0.12893553223388304	-78.0	32.94732348202378	33968.0	-260.5487804878049	8546.0	7377382.0	225139.83154296875	1361.0	-97.6829268292683	3204.0	-41.493902439024396	2652.0	3885.714285714286	2444.0	-5.84688995215311	-6.755980861244019	4152.0	4779776.0	98.64002730716855	9.933014354066986	2824.0	
2548.0	10.5	1287.0	-3.2065217391304346	-3.1956521739130435	2547.0	-135.0	0.20239880059970014	-0.1409295352323838	98.0	21406.25	-0.14692653673163417	-94.0	32.94732348202378	33968.0	-258.32317073170736	8473.0	7377702.0	225149.59716796875	1410.0	-105.3658536585366	3456.0	-42.987804878048784	2647.0	3878.388278388278	2332.0	-5.578947368421052	-6.315789473684211	3988.0	4779776.0	98.64002730716855	9.54066985645933	2640.0	
2499.0	10.271739130434783	1308.0	-2.6739130434782608	-3.3804347826086953	2564.0	-151.0	0.22638680659670163	-0.1409295352323838	117.0	21416.015625	-0.17541229385307347	-94.0	32.94732348202378	33968.0	-254.05487804878052	8333.0	7378022.0	225159.36279296875	1387.0	-110.1829268292683	3614.0	-42.28658536585366	2649.0	3881.3186813186812	2440.0	-5.837320574162679	-5.751196172248804	3844.0	4779920.0	98.63856222080506	9.196172248803828	2404.0	
2449.0	10.108695652173912	1323.0	-2.130434782608696	-3.4239130434782608	2568.0	-151.0	0.22638680659670163	-0.15442278860569714	128.0	21425.78125	-0.191904047976012	-103.0	32.94732348202378	33968.0	-249.93902439024393	8198.0	7378342.0	225169.12841796875	1273.0	-112.98780487804879	3706.0	-38.8109756097561	2654.0	3888.644688644689	2444.0	-5.84688995215311	-5.22488038277512	3768.0	4779920.0	98.63856222080506	9.014354066985646	2184.0	
2419.0	10.01086956521739	1332.0	-1.8043478260869565	-3.2717391304347827	2554.0	-156.0	0.2338830584707646	-0.1664167916041979	148.0	21435.546875	-0.22188905547226387	-111.0	32.94732348202378	33968.0	-245.7926829268293	8062.0	7378662.0	225178.89404296875	1269.0	-116.4329268292683	3819.0	-38.68902439024391	2641.0	3869.5970695970695	2440.0	-5.837320574162679	-4.822966507177033	3728.0	4779920.0	98.63856222080506	8.91866028708134	2016.0	
2377.0	9.967391304347826	1336.0	-1.3478260869565217	-3.0543478260869565	2534.0	-159.0	0.2383808095952024	-0.17391304347826086	158.0	21445.3125	-0.2368815592203898	-116.0	32.94732348202378	33968.0	-245.21341463414637	8043.0	7378982.0	225188.65966796875	1532.0	-123.87195121951221	4063.0	-46.707317073170735	2659.0	3895.970695970696	2284.0	-5.464114832535885	-4.239234449760765	3700.0	4779920.0	98.63856222080506	8.851674641148325	1772.0	
2350.0	9.597826086956522	1370.0	-1.0543478260869565	-2.6739130434782608	2499.0	-169.0	0.25337331334332835	-0.18440779610194902	169.0	21455.078125	-0.25337331334332835	-123.0	32.94732348202378	33968.0	-237.40853658536588	7787.0	7379302.0	225198.42529296875	1668.0	-134.08536585365854	4398.0	-50.85365853658537	2653.0	3887.1794871794873	2232.0	-5.339712918660287	-3.827751196172249	3512.0	4779920.0	98.63856222080506	8.401913875598085	1600.0	
2319.0	9.358695652173912	1392.0	-0.717391304347826	-2.7717391304347827	2508.0	-170.0	0.25487256371814093	-0.19040479760119938	184.0	21464.84375	-0.27586206896551724	-127.0	32.94732348202378	33968.0	-227.68292682926833	7468.0	7379622.0	225208.19091796875	1887.0	-142.37804878048783	4670.0	-57.53048780487806	2647.0	3878.388278388278	2140.0	-5.119617224880383	-3.4354066985645932	3420.0	4779920.0	98.63856222080506	8.181818181818182	1436.0	
2284.0	9.347826086956522	1393.0	-0.33695652173913043	-2.9456521739130435	2524.0	-175.0	0.2623688155922039	-0.19490254872563717	197.0	21474.609375	-0.29535232383808097	-130.0	32.94732348202378	33968.0	-222.65243902439028	7303.0	7379942.0	225217.95654296875	2076.0	-147.16463414634148	4827.0	-63.29268292682927	2639.0	3866.6666666666665	2268.0	-5.425837320574162	-3.014354066985646	3428.0	4779920.0	98.63856222080506	8.200956937799043	1260.0	
2253.0	9.184782608695652	1408.0	0.0	-2.8260869565217392	2513.0	-181.0	0.27136431784107945	-0.19490254872563717	215.0	21484.375	-0.32233883058470764	-130.0	32.94732348202378	33968.0	-221.09756097560978	7252.0	7380262.0	225227.72216796875	2308.0	-146.18902439024393	4795.0	-70.3658536585366	2627.0	3849.084249084249	2132.0	-5.100478468899522	-2.5837320574162677	3376.0	4779920.0	98.63856222080506	8.076555023923445	1080.0	
2214.0	9.032608695652174	1422.0	0.42391304347826086	-3.108695652173913	2539.0	-185.0	0.2773613193403298	-0.19490254872563717	229.0	21494.140625	-0.34332833583208394	-130.0	32.94732348202378	33968.0	-217.22560975609758	7125.0	7380582.0	225237.48779296875	2180.0	-144.84756097560978	4751.0	-66.46341463414635	2643.0	3872.5274725274726	2260.0	-5.4066985645933014	-2.028708133971292	3244.0	4779920.0	98.63856222080506	7.760765550239234	848.0	
2172.0	9.108695652173912	1415.0	0.8804347826086957	-3.0760869565217392	2536.0	-190.0	0.2848575712143928	-0.2098950524737631	240.0	21503.90625	-0.35982008995502246	-140.0	32.94732348202378	33968.0	-209.63414634146343	6876.0	7380902.0	225247.25341796875	2189.0	-140.82317073170734	4619.0	-66.73780487804879	2635.0	3860.805860805861	2192.0	-5.244019138755981	-1.5119617224880382	3252.0	4779920.0	98.63856222080506	7.779904306220096	632.0	
2132.0	9.543478260869565	1375.0	1.315217391304348	-3.293478260869565	2556.0	-194.0	0.2908545727136432	-0.19790104947526235	266.0	21513.671875	-0.3988005997001499	-132.0	32.94732348202378	33968.0	-202.95731707317074	6657.0	7381222.0	225257.01904296875	2029.0	-141.21951219512195	4632.0	-61.85975609756098	2625.0	3846.153846153846	2356.0	-5.636363636363636	-0.9952153110047847	3536.0	4779808.0	98.63970173235718	8.459330143540669	416.0	
2080.0	10.239130434782608	1311.0	1.8804347826086956	-3.293478260869565	2556.0	-191.0	0.2863568215892054	-0.20389805097451275	274.0	21523.4375	-0.41079460269865065	-136.0	32.94732348202378	33968.0	-193.109756097561	6334.0	7381542.0	225266.78466796875	1882.0	-143.62804878048783	4711.0	-57.37804878048781	2639.0	3866.6666666666665	2384.0	-5.70334928229665	-0.43062200956937796	3860.0	4779808.0	98.63970173235718	9.23444976076555	180.0	
2046.0	10.532608695652174	1284.0	2.25	-3.1304347826086953	2541.0	-207.0	0.3103448275862069	-0.20239880059970014	287.0	21533.203125	-0.4302848575712144	-135.0	32.94732348202378	33968.0	-180.97560975609758	5936.0	7381862.0	225276.55029296875	1743.0	-148.0487804878049	4856.0	-53.14024390243903	2650.0	3882.7838827838827	2424.0	-5.7990430622009566	-0.16267942583732056	3948.0	4779808.0	98.63970173235718	9.444976076555024	68.0	
2018.0	9.945652173913043	1338.0	2.5543478260869565	-3.0978260869565215	2538.0	-208.0	0.3118440779610195	-0.19790104947526235	297.0	21542.96875	-0.4452773613193403	-132.0	32.94732348202378	33968.0	-173.35365853658539	5686.0	7382182.0	225286.31591796875	1711.0	-159.87804878048783	5244.0	-52.16463414634147	2636.0	3862.2710622710624	2280.0	-5.454545454545454	0.23923444976076555	3780.0	4779808.0	98.63970173235718	9.043062200956937	-100.0	
1987.0	9.347826086956522	1393.0	2.891304347826087	-2.7717391304347827	2508.0	-201.0	0.30134932533733133	-0.19490254872563717	311.0	21552.734375	-0.4662668665667166	-130.0	32.94732348202378	33968.0	-168.47560975609758	5526.0	7382502.0	225296.08154296875	1525.0	-172.19512195121953	5648.0	-46.493902439024396	2657.0	3893.040293040293	2272.0	-5.435406698564593	0.6028708133971291	3484.0	4779808.0	98.63970173235718	8.33492822966507	-252.0	
1965.0	9.054347826086957	1420.0	3.1304347826086953	-2.3043478260869565	2465.0	-201.0	0.30134932533733133	-0.1889055472263868	321.0	21562.5	-0.48125937031484256	-126.0	32.95726577197784	33970.0	-162.43902439024393	5328.0	7382822.0	225305.84716796875	1381.0	-176.58536585365854	5792.0	-42.10365853658537	2634.0	3859.3406593406594	2020.0	-4.832535885167464	0.9760765550239234	3308.0	4779808.0	98.6413845857818	7.913875598086124	-408.0	
1939.0	9.076086956521738	1418.0	3.4130434782608696	-1.9021739130434783	2428.0	-203.0	0.3043478260869565	-0.191904047976012	345.0	21572.265625	-0.5172413793103449	-128.0	32.95726577197784	33970.0	-158.109756097561	5186.0	7383142.0	225315.61279296875	1125.0	-180.5487804878049	5922.0	-34.29878048780488	2646.0	3876.923076923077	1764.0	-4.220095693779904	1.244019138755981	3288.0	4779808.0	98.6413845857818	7.866028708133971	-520.0	
1899.0	9.021739130434783	1423.0	3.8478260869565215	-1.7391304347826086	2413.0	-200.0	0.29985007496251875	-0.19490254872563717	355.0	21582.03125	-0.5322338830584707	-130.0	32.95726577197784	33970.0	-153.1707317073171	5024.0	7383462.0	225325.37841796875	827.0	-186.859756097561	6129.0	-25.213414634146343	2650.0	3882.7838827838827	1740.0	-4.162679425837321	1.69377990430622	3296.0	4779808.0	98.6413845857818	7.885167464114832	-708.0	
1866.0	8.76086956521739	1447.0	4.206521739130435	-1.2065217391304348	2364.0	-200.0	0.29985007496251875	-0.19490254872563717	355.0	21591.796875	-0.5322338830584707	-130.0	32.95726577197784	33970.0	-146.7378048780488	4813.0	7383782.0	225335.14404296875	719.0	-188.41463414634148	6180.0	-21.920731707317074	2631.0	3854.945054945055	1508.0	-3.6076555023923444	2.114832535885167	3204.0	4779808.0	98.6413845857818	7.665071770334928	-884.0	
1841.0	8.184782608695652	1500.0	4.478260869565217	-0.6195652173913043	2310.0	-203.0	0.3043478260869565	-0.18590704647676162	362.0	21601.5625	-0.5427286356821589	-124.0	32.95726577197784	33970.0	-141.21951219512195	4632.0	7384102.0	225344.90966796875	716.0	-190.27439024390245	6241.0	-21.82926829268293	2651.0	3884.2490842490843	1200.0	-2.8708133971291865	2.4976076555023923	2920.0	4779808.0	98.6413845857818	6.985645933014354	-1044.0	
1825.0	7.423913043478261	1570.0	4.6521739130434785	-0.15217391304347827	2267.0	-203.0	0.3043478260869565	-0.18590704647676162	362.0	21611.328125	-0.5427286356821589	-124.0	32.95726577197784	33970.0	-135.85365853658539	4456.0	7384422.0	225354.67529296875	715.0	-196.64634146341464	6450.0	-21.79878048780488	2651.0	3884.2490842490843	1072.0	-2.5645933014354068	2.6985645933014353	2576.0	4779152.0	98.6480589848059	6.162679425837321	-1128.0	
1805.0	6.8478260869565215	1623.0	4.869565217391305	-0.13043478260869565	2265.0	-197.0	0.29535232383808097	-0.17391304347826086	384.0	21621.09375	-0.5757121439280359	-116.0	32.95726577197784	33970.0	-130.91463414634148	4294.0	7384742.0	225364.44091796875	767.0	-199.1158536585366	6531.0	-23.384146341463417	2637.0	3863.736263736264	960.0	-2.2966507177033493	2.956937799043062	2320.0	4779152.0	98.6480589848059	5.55023923444976	-1236.0	
1788.0	6.684782608695652	1638.0	5.054347826086956	-0.05434782608695652	2258.0	-195.0	0.29235382308845576	-0.1679160419790105	395.0	21630.859375	-0.5922038980509745	-112.0	32.95726577197784	33970.0	-125.70121951219514	4123.0	7385062.0	225374.20654296875	754.0	-197.22560975609758	6469.0	-22.98780487804878	2640.0	3868.131868131868	896.0	-2.1435406698564594	3.177033492822966	2200.0	4779152.0	98.6480589848059	5.263157894736842	-1328.0	
1781.0	6.5978260869565215	1646.0	5.130434782608695	0.42391304347826086	2214.0	-193.0	0.2893553223388306	-0.1679160419790105	418.0	21640.625	-0.6266866566716641	-112.0	32.95726577197784	33970.0	-121.12804878048782	3973.0	7385382.0	225383.97216796875	750.0	-193.59756097560978	6350.0	-22.865853658536587	2637.0	3863.736263736264	672.0	-1.6076555023923444	3.2727272727272725	2196.0	4779152.0	98.6480589848059	5.253588516746412	-1368.0	
1775.0	6.5	1655.0	5.195652173913043	0.8152173913043478	2178.0	-185.0	0.2773613193403298	-0.1664167916041979	420.0	21650.390625	-0.6296851574212894	-111.0	32.95726577197784	33970.0	-114.84756097560977	3767.0	7385702.0	225393.73779296875	725.0	-190.97560975609758	6264.0	-22.103658536585368	2632.0	3856.4102564102564	492.0	-1.1770334928229664	3.4258373205741623	2140.0	4779152.0	98.6480589848059	5.119617224880383	-1432.0	
1762.0	6.130434782608695	1689.0	5.33695652173913	1.3804347826086956	2126.0	-183.0	0.27436281859070466	-0.1664167916041979	439.0	21660.15625	-0.6581709145427286	-111.0	32.95726577197784	33970.0	-108.71951219512196	3566.0	7386022.0	225403.50341796875	696.0	-186.9817073170732	6133.0	-21.219512195121954	2647.0	3878.388278388278	264.0	-0.631578947368421	3.4545454545454546	1972.0	4779360.0	98.64594271028227	4.717703349282297	-1444.0	
1761.0	5.956521739130435	1705.0	5.3478260869565215	1.5978260869565217	2106.0	-179.0	0.26836581709145424	-0.15892053973013492	445.0	21669.921875	-0.6671664167916042	-106.0	32.95726577197784	33970.0	-103.10975609756099	3382.0	7386342.0	225413.26904296875	608.0	-182.8658536585366	5998.0	-18.53658536585366	2641.0	3869.5970695970695	144.0	-0.34449760765550236	3.4832535885167464	1936.0	4779360.0	98.64594271028227	4.631578947368421	-1456.0	
1769.0	6.065217391304348	1695.0	5.260869565217392	1.7608695652173914	2091.0	-178.0	0.26686656671664166	-0.15292353823088456	454.0	21679.6875	-0.6806596701649176	-102.0	32.95726577197784	33970.0	-95.97560975609757	3148.0	7386662.0	225423.03466796875	598.0	-173.68902439024393	5697.0	-18.231707317073173	2642.0	3871.062271062271	92.0	-0.2200956937799043	3.4545454545454546	1960.0	4779360.0	98.64594271028227	4.688995215311005	-1444.0	
1772.0	6.065217391304348	1695.0	5.228260869565217	2.152173913043478	2055.0	-171.0	0.2563718140929535	-0.14842578710644677	461.0	21689.453125	-0.6911544227886057	-99.0	32.95726577197784	33970.0	-88.8109756097561	2913.0	7386982.0	225432.80029296875	593.0	-161.06707317073173	5283.0	-18.07926829268293	2650.0	3882.7838827838827	24.0	-0.057416267942583726	3.4066985645933014	1984.0	4779360.0	98.64594271028227	4.746411483253588	-1424.0	
1762.0	5.83695652173913	1716.0	5.33695652173913	2.5217391304347827	2021.0	-164.0	0.24587706146926536	-0.1454272863568216	470.0	21699.21875	-0.704647676161919	-97.0	32.95726577197784	33970.0	-82.6219512195122	2710.0	7387302.0	225442.56591796875	632.0	-147.19512195121953	4828.0	-19.26829268292683	2636.0	3862.2710622710624	-296.0	0.708133971291866	3.5023923444976077	1912.0	4779360.0	98.64594271028227	4.574162679425837	-1464.0	
1742.0	5.695652173913043	1729.0	5.554347826086956	2.8478260869565215	1991.0	-156.0	0.2338830584707646	-0.13793103448275862	484.0	21708.984375	-0.7256371814092953	-92.0	32.95726577197784	33970.0	-77.01219512195122	2526.0	7387622.0	225452.33154296875	545.0	-138.26219512195124	4535.0	-16.615853658536587	2650.0	3882.7838827838827	-344.0	0.8229665071770335	3.751196172248804	1812.0	4779680.0	98.64268690633693	4.3349282296650715	-1568.0	
1720.0	5.75	1724.0	5.793478260869565	3.010869565217391	1976.0	-152.0	0.22788605697151423	-0.1394302848575712	488.0	21718.75	-0.7316341829085456	-93.0	32.95726577197784	33970.0	-69.48170731707317	2279.0	7387942.0	225462.09716796875	518.0	-126.95121951219514	4164.0	-15.79268292682927	2629.0	3852.0146520146523	-496.0	1.186602870813397	4.0765550239234445	1836.0	4779680.0	98.64268690633693	4.392344497607655	-1704.0	
1696.0	5.913043478260869	1709.0	6.054347826086956	3.0978260869565215	1968.0	-151.0	0.22638680659670163	-0.136431784107946	500.0	21728.515625	-0.7496251874062968	-91.0	32.95726577197784	33970.0	-61.493902439024396	2017.0	7388262.0	225471.86279296875	495.0	-117.22560975609757	3845.0	-15.091463414634148	2646.0	3876.923076923077	-504.0	1.2057416267942582	4.325358851674641	1884.0	4779680.0	98.64268690633693	4.507177033492823	-1808.0	
1676.0	5.967391304347826	1704.0	6.271739130434782	3.0652173913043477	1971.0	-148.0	0.22188905547226387	-0.12443778110944527	498.0	21738.28125	-0.7466266866566716	-83.0	32.95726577197784	33970.0	-52.6829268292683	1728.0	7388582.0	225481.62841796875	536.0	-108.50609756097562	3559.0	-16.34146341463415	2635.0	3860.805860805861	-552.0	1.3205741626794258	4.631578947368421	1876.0	4779680.0	98.64268690633693	4.488038277511961	-1936.0	
1652.0	5.782608695652174	1721.0	6.532608695652174	3.1956521739130435	1959.0	-150.0	0.22488755622188905	-0.12143928035982009	498.0	21748.046875	-0.7466266866566716	-81.0	32.95726577197784	33970.0	-44.75609756097561	1468.0	7388902.0	225491.39404296875	492.0	-99.0548780487805	3249.0	-15.000000000000002	2633.0	3857.875457875458	-528.0	1.263157894736842	4.861244019138756	1856.0	4779680.0	98.64268690633693	4.440191387559809	-2032.0	
1638.0	5.695652173913043	1729.0	6.684782608695652	3.3804347826086953	1942.0	-143.0	0.2143928035982009	-0.11394302848575712	501.0	21757.8125	-0.7511244377811094	-76.0	32.95726577197784	33970.0	-36.79878048780488	1207.0	7389222.0	225501.15966796875	512.0	-89.87804878048782	2948.0	-15.609756097560977	2644.0	3873.992673992674	-664.0	1.588516746411483	5.052631578947368	1780.0	4779856.0	98.64089621572433	4.258373205741627	-2112.0	
1621.0	5.456521739130435	1751.0	6.869565217391304	3.75	1908.0	-145.0	0.21739130434782608	-0.11544227886056971	502.0	21767.578125	-0.7526236881559221	-77.0	32.95726577197784	33970.0	-30.33536585365854	995.0	7389542.0	225510.92529296875	539.0	-82.71341463414635	2713.0	-16.432926829268293	2653.0	3887.1794871794873	-748.0	1.7894736842105263	5.282296650717703	1696.0	4779856.0	98.64089621572433	4.057416267942584	-2208.0	
1604.0	5.456521739130435	1751.0	7.054347826086956	3.6630434782608696	1916.0	-140.0	0.2098950524737631	-0.11394302848575712	512.0	21777.34375	-0.767616191904048	-76.0	32.95726577197784	33970.0	-24.05487804878049	789.0	7389862.0	225520.69091796875	551.0	-74.87804878048782	2456.0	-16.79878048780488	2639.0	3866.6666666666665	-772.0	1.84688995215311	5.473684210526316	1708.0	4779856.0	98.64089621572433	4.086124401913875	-2288.0	
1588.0	5.706521739130435	1728.0	7.228260869565217	3.7391304347826084	1909.0	-137.0	0.20539730134932532	-0.10794602698650674	515.0	21787.109375	-0.7721139430284857	-72.0	32.95726577197784	33970.0	-18.201219512195124	597.0	7390182.0	225530.45654296875	542.0	-67.53048780487805	2215.0	-16.52439024390244	2641.0	3869.5970695970695	-788.0	1.8851674641148324	5.684210526315789	1820.0	4779856.0	98.64089621572433	4.354066985645932	-2376.0	
1581.0	6.010869565217392	1700.0	7.304347826086956	3.3804347826086953	1942.0	-134.0	0.20089955022488756	-0.11394302848575712	514.0	21796.875	-0.7706146926536731	-76.0	32.95726577197784	33970.0	-11.646341463414636	382.0	7390502.0	225540.22216796875	469.0	-63.32317073170732	2077.0	-14.29878048780488	2632.0	3856.4102564102564	-636.0	1.5215311004784688	5.8086124401913874	1956.0	4779856.0	98.64089621572433	4.679425837320574	-2428.0	
1578.0	6.163043478260869	1686.0	7.33695652173913	3.391304347826087	1941.0	-131.0	0.19640179910044978	-0.10794602698650674	517.0	21806.640625	-0.775112443778111	-72.0	32.95726577197784	33970.0	-5.091463414634147	167.0	7390822.0	225549.98779296875	405.0	-55.91463414634147	1834.0	-12.347560975609758	2638.0	3865.2014652014655	-692.0	1.6555023923444976	5.7990430622009566	2004.0	4779664.0	98.64284969644744	4.794258373205741	-2424.0	
1570.0	6.163043478260869	1686.0	7.423913043478261	3.3043478260869565	1949.0	-134.0	0.20089955022488756	-0.10944527736131934	523.0	21816.40625	-0.7841079460269865	-73.0	32.95726577197784	33970.0	-1.4939024390243905	49.0	7391142.0	225559.75341796875	397.0	-46.28048780487805	1518.0	-12.103658536585368	2632.0	3856.4102564102564	-660.0	1.5789473684210527	5.923444976076555	1960.0	4779664.0	98.64284969644744	4.688995215311005	-2476.0	
1554.0	5.869565217391304	1713.0	7.5978260869565215	3.3478260869565215	1945.0	-133.0	0.19940029985007496	-0.10494752623688156	519.0	21826.171875	-0.7781109445277361	-70.0	32.95726577197784	33970.0	-1.2500000000000002	41.0	7391462.0	225569.51904296875	365.0	-37.774390243902445	1239.0	-11.128048780487806	2627.0	3849.084249084249	-696.0	1.6650717703349283	6.0669856459330145	1928.0	4779664.0	98.64284969644744	4.6124401913875595	-2536.0	
1524.0	5.869565217391304	1713.0	7.923913043478261	3.4565217391304346	1935.0	-128.0	0.191904047976012	-0.10194902548725637	524.0	21835.9375	-0.7856071964017991	-68.0	32.95726577197784	33970.0	-1.4634146341463417	48.0	7391782.0	225579.28466796875	356.0	-31.06707317073171	1019.0	-10.853658536585368	2641.0	3869.5970695970695	-668.0	1.5980861244019138	6.354066985645932	1896.0	4779664.0	98.64284969644744	4.535885167464115	-2656.0	
1504.0	6.076086956521739	1694.0	8.141304347826086	3.2717391304347827	1952.0	-129.0	0.1934032983508246	-0.10944527736131934	515.0	21845.703125	-0.7721139430284857	-73.0	32.95726577197784	33970.0	-0.8841463414634148	29.0	7392102.0	225589.05029296875	494.0	-28.384146341463417	931.0	-15.060975609756099	2651.0	3884.2490842490843	-620.0	1.4832535885167464	6.669856459330143	1960.0	4779664.0	98.64284969644744	4.688995215311005	-2788.0	
1491.0	6.445652173913043	1660.0	8.282608695652174	2.880434782608696	1988.0	-131.0	0.19640179910044978	-0.10794602698650674	522.0	21855.46875	-0.7826086956521738	-72.0	32.95726577197784	33970.0	0.8841463414634148	-29.0	7392422.0	225598.81591796875	569.0	-26.676829268292686	875.0	-17.347560975609756	2624.0	3844.6886446886447	-432.0	1.0334928229665072	6.842105263157895	2116.0	4779888.0	98.64057063573168	5.062200956937799	-2860.0	
1483.0	6.565217391304348	1649.0	8.369565217391305	2.8478260869565215	1991.0	-123.0	0.18440779610194902	-0.10944527736131934	513.0	21865.234375	-0.7691154422788605	-73.0	32.95726577197784	33970.0	1.7682926829268295	-58.0	7392742.0	225608.58154296875	695.0	-23.475609756097562	770.0	-21.189024390243905	2656.0	3891.5750915750914	-384.0	0.9186602870813396	6.92822966507177	2232.0	4779888.0	98.64057063573168	5.339712918660287	-2896.0	
1487.0	6.684782608695652	1638.0	8.326086956521738	2.5869565217391304	2015.0	-123.0	0.18440779610194902	-0.10944527736131934	522.0	21875.0	-0.7826086956521738	-73.0	32.95726577197784	33970.0	1.9207317073170733	-63.0	7393062.0	225618.34716796875	731.0	-20.79268292682927	682.0	-22.28658536585366	2624.0	3844.6886446886447	-284.0	0.6794258373205742	6.92822966507177	2280.0	4779888.0	98.64057063573168	5.454545454545454	-2896.0	
1485.0	6.75	1632.0	8.347826086956522	2.369565217391304	2035.0	-122.0	0.1829085457271364	-0.10494752623688156	521.0	21884.765625	-0.7811094452773613	-70.0	32.95726577197784	33970.0	0.426829268292683	-14.0	7393382.0	225628.11279296875	804.0	-16.432926829268293	539.0	-24.512195121951223	2642.0	3871.062271062271	-188.0	0.4497607655502392	6.985645933014354	2300.0	4779888.0	98.64057063573168	5.502392344497608	-2920.0	
1483.0	6.956521739130435	1613.0	8.369565217391305	2.1847826086956523	2052.0	-125.0	0.1874062968515742	-0.11544227886056971	521.0	21894.53125	-0.7811094452773613	-77.0	32.95726577197784	33970.0	-2.0426829268292686	67.0	7393702.0	225637.87841796875	888.0	-11.036585365853659	362.0	-27.073170731707318	2637.0	3863.736263736264	-132.0	0.3157894736842105	6.976076555023923	2340.0	4779888.0	98.64057063573168	5.598086124401914	-2916.0	
1474.0	7.021739130434782	1607.0	8.467391304347826	2.467391304347826	2026.0	-122.0	0.1829085457271364	-0.10044977511244378	519.0	21904.296875	-0.7781109445277361	-67.0	32.95726577197784	33970.0	-4.817073170731708	158.0	7394022.0	225647.64404296875	920.0	-4.115853658536586	135.0	-28.04878048780488	2635.0	3860.805860805861	-228.0	0.5454545454545454	7.062200956937799	2440.0	4779824.0	98.64122179575351	5.837320574162679	-2952.0	
1453.0	7.217391304347826	1589.0	8.695652173913043	2.684782608695652	2006.0	-123.0	0.18440779610194902	-0.10044977511244378	518.0	21914.0625	-0.7766116941529235	-67.0	32.95726577197784	33970.0	-5.3048780487804885	174.0	7394342.0	225657.40966796875	899.0	-1.7682926829268295	58.0	-27.408536585365855	2649.0	3881.3186813186812	-304.0	0.7272727272727273	7.339712918660287	2516.0	4779824.0	98.64122179575351	6.019138755980861	-3068.0	
1437.0	7.326086956521739	1579.0	8.869565217391305	2.967391304347826	1980.0	-126.0	0.1889055472263868	-0.10494752623688156	525.0	21923.828125	-0.7871064467766117	-70.0	32.95726577197784	33970.0	-3.5670731707317076	117.0	7394662.0	225667.17529296875	794.0	-3.26219512195122	107.0	-24.207317073170735	2653.0	3887.1794871794873	-424.0	1.014354066985646	7.588516746411483	2528.0	4779824.0	98.64122179575351	6.047846889952153	-3172.0	
1430.0	7.195652173913043	1591.0	8.945652173913043	3.217391304347826	1957.0	-126.0	0.1889055472263868	-0.09295352323838081	521.0	21933.59375	-0.7811094452773613	-62.0	32.95726577197784	33970.0	1.2500000000000002	-41.0	7394982.0	225676.94091796875	652.0	-7.134146341463415	234.0	-19.878048780487806	2649.0	3881.3186813186812	-524.0	1.2535885167464114	7.645933014354067	2484.0	4779824.0	98.64122179575351	5.942583732057416	-3196.0	
1444.0	7.021739130434782	1607.0	8.793478260869565	3.1956521739130435	1959.0	-131.0	0.19640179910044978	-0.09895052473763118	525.0	21943.359375	-0.7871064467766117	-66.0	32.95726577197784	33970.0	6.707317073170732	-220.0	7395302.0	225686.70654296875	524.0	-10.396341463414634	341.0	-15.975609756097562	2639.0	3866.6666666666665	-556.0	1.3301435406698565	7.435406698564593	2388.0	4779824.0	98.64122179575351	5.712918660287081	-3108.0	
1467.0	6.641304347826087	1642.0	8.543478260869565	3.25	1954.0	-128.0	0.191904047976012	-0.0944527736131934	522.0	21953.125	-0.7826086956521738	-63.0	32.95726577197784	33970.0	11.432926829268293	-375.0	7395622.0	225696.47216796875	419.0	-7.591463414634147	249.0	-12.77439024390244	2641.0	3869.5970695970695	-592.0	1.416267942583732	7.186602870813397	2224.0	4780080.0	98.638617156543	5.320574162679426	-3004.0	
1481.0	6.358695652173913	1668.0	8.391304347826086	3.1739130434782608	1961.0	-131.0	0.19640179910044978	-0.10794602698650674	517.0	21962.890625	-0.775112443778111	-72.0	32.95726577197784	33970.0	15.609756097560977	-512.0	7395942.0	225706.23779296875	330.0	-1.0670731707317074	35.0	-10.060975609756099	2635.0	3860.805860805861	-588.0	1.4066985645933014	7.0047846889952154	2036.0	4780080.0	98.638617156543	4.8708133971291865	-2928.0	
1488.0	5.945652173913043	1706.0	8.315217391304348	3.3478260869565215	1945.0	-125.0	0.1874062968515742	-0.10644677661169415	524.0	21972.65625	-0.7856071964017991	-71.0	32.95726577197784	33970.0	17.713414634146343	-581.0	7396262.0	225716.00341796875	292.0	6.5548780487804885	-215.0	-8.902439024390246	2649.0	3881.3186813186812	-632.0	1.5119617224880382	6.899521531100478	1916.0	4780080.0	98.638617156543	4.583732057416268	-2884.0	
1492.0	5.826086956521739	1717.0	8.271739130434783	3.402173913043478	1940.0	-128.0	0.191904047976012	-0.09895052473763118	528.0	21982.421875	-0.7916041979010494	-66.0	32.95726577197784	33970.0	20.701219512195124	-679.0	7396582.0	225725.76904296875	381.0	11.585365853658537	-380.0	-11.615853658536587	2623.0	3843.223443223443	-656.0	1.569377990430622	6.889952153110047	1884.0	4780080.0	98.638617156543	4.507177033492823	-2880.0	
1499.0	5.945652173913043	1706.0	8.195652173913043	3.6630434782608696	1916.0	-131.0	0.19640179910044978	-0.10644677661169415	517.0	21992.1875	-0.775112443778111	-71.0	32.95726577197784	33970.0	24.878048780487806	-816.0	7396902.0	225735.53466796875	476.0	14.115853658536587	-463.0	-14.51219512195122	2639.0	3866.6666666666665	-752.0	1.7990430622009568	6.842105263157895	1912.0	4780080.0	98.638617156543	4.574162679425837	-2860.0	
1524.0	6.076086956521739	1694.0	7.923913043478261	3.75	1908.0	-132.0	0.19790104947526235	-0.10344827586206896	522.0	22001.953125	-0.7826086956521738	-69.0	32.95726577197784	33970.0	30.51829268292683	-1001.0	7397222.0	225745.30029296875	514.0	15.426829268292684	-506.0	-15.670731707317074	2647.0	3878.388278388278	-756.0	1.8086124401913874	6.535885167464115	1976.0	4780304.0	98.63633809915193	4.7272727272727275	-2732.0	
1554.0	6.054347826086956	1696.0	7.5978260869565215	3.717391304347826	1911.0	-135.0	0.20239880059970014	-0.10944527736131934	519.0	22011.71875	-0.7781109445277361	-73.0	32.95726577197784	33970.0	36.12804878048781	-1185.0	7397542.0	225755.06591796875	520.0	20.0609756097561	-658.0	-15.853658536585368	2629.0	3852.0146520146523	-784.0	1.875598086124402	6.15311004784689	1984.0	4780304.0	98.63633809915193	4.746411483253588	-2572.0	
1590.0	5.956521739130435	1705.0	7.206521739130435	3.891304347826087	1895.0	-138.0	0.20689655172413793	-0.11094452773613193	521.0	22021.484375	-0.7811094452773613	-74.0	32.95726577197784	33970.0	43.44512195121952	-1425.0	7397862.0	225764.83154296875	507.0	26.951219512195124	-884.0	-15.457317073170733	2653.0	3887.1794871794873	-836.0	2.0	5.70334928229665	1944.0	4780304.0	98.63633809915193	4.650717703349282	-2384.0	
1629.0	5.913043478260869	1709.0	6.782608695652174	3.7717391304347827	1906.0	-145.0	0.21739130434782608	-0.10194902548725637	512.0	22031.25	-0.767616191904048	-68.0	32.95726577197784	33970.0	49.81707317073171	-1634.0	7398182.0	225774.59716796875	516.0	34.90853658536586	-1145.0	-15.731707317073171	2626.0	3847.6190476190477	-820.0	1.9617224880382775	5.22488038277512	1928.0	4780304.0	98.63633809915193	4.6124401913875595	-2184.0	
1666.0	5.869565217391304	1713.0	6.380434782608695	3.532608695652174	1928.0	-135.0	0.20239880059970014	-0.1169415292353823	509.0	22041.015625	-0.7631184407796102	-78.0	32.95726577197784	33970.0	56.615853658536594	-1857.0	7398502.0	225784.36279296875	555.0	43.59756097560976	-1430.0	-16.920731707317074	2641.0	3869.5970695970695	-740.0	1.770334928229665	4.822966507177033	1888.0	4780304.0	98.63633809915193	4.516746411483253	-2016.0	
1703.0	5.9021739130434785	1710.0	5.978260869565217	3.032608695652174	1974.0	-139.0	0.2083958020989505	-0.10794602698650674	511.0	22050.78125	-0.7661169415292354	-72.0	32.95726577197784	33970.0	62.65243902439025	-2055.0	7398822.0	225794.12841796875	603.0	52.835365853658544	-1733.0	-18.384146341463417	2635.0	3860.805860805861	-552.0	1.3205741626794258	4.344497607655502	1856.0	4780192.0	98.63747762762368	4.440191387559809	-1816.0	
1735.0	5.760869565217392	1723.0	5.630434782608695	2.793478260869565	1996.0	-142.0	0.2128935532233883	-0.12143928035982009	508.0	22060.546875	-0.7616191904047975	-81.0	32.95726577197784	33970.0	67.98780487804879	-2230.0	7399142.0	225803.89404296875	643.0	65.82317073170732	-2159.0	-19.603658536585368	2634.0	3859.3406593406594	-420.0	1.0047846889952152	3.942583732057416	1848.0	4780192.0	98.63747762762368	4.421052631578947	-1648.0	
1756.0	5.760869565217392	1723.0	5.4021739130434785	2.4130434782608696	2031.0	-147.0	0.22038980509745126	-0.12593703148425786	506.0	22070.3125	-0.7586206896551724	-84.0	32.95726577197784	33970.0	72.92682926829269	-2392.0	7399462.0	225813.65966796875	692.0	78.35365853658537	-2570.0	-21.09756097560976	2646.0	3876.923076923077	-248.0	0.5933014354066986	3.626794258373206	1788.0	4780192.0	98.63747762762368	4.277511961722488	-1516.0	
1763.0	5.5978260869565215	1738.0	5.326086956521739	2.3152173913043477	2040.0	-151.0	0.22638680659670163	-0.12893553223388304	496.0	22080.078125	-0.7436281859070465	-86.0	32.95726577197784	33970.0	77.16463414634147	-2531.0	7399782.0	225823.42529296875	835.0	90.1219512195122	-2956.0	-25.457317073170735	2641.0	3869.5970695970695	-172.0	0.41148325358851673	3.54066985645933	1752.0	4780192.0	98.63747762762368	4.1913875598086126	-1480.0	
1761.0	5.565217391304348	1741.0	5.3478260869565215	2.1956521739130435	2051.0	-157.0	0.2353823088455772	-0.12893553223388304	493.0	22089.84375	-0.7391304347826086	-86.0	32.95726577197784	33970.0	82.8658536585366	-2718.0	7400102.0	225833.19091796875	991.0	99.26829268292684	-3256.0	-30.213414634146343	2630.0	3853.479853479854	-120.0	0.28708133971291866	3.6076555023923444	1736.0	4780192.0	98.63747762762368	4.15311004784689	-1508.0	
1753.0	5.641304347826087	1734.0	5.434782608695652	2.0978260869565215	2060.0	-166.0	0.24887556221889054	-0.12743628185907047	489.0	22099.609375	-0.7331334332833583	-85.0	32.95726577197784	33970.0	89.39024390243904	-2932.0	7400422.0	225842.95654296875	1111.0	103.8719512195122	-3407.0	-33.8719512195122	2644.0	3873.992673992674	-24.0	0.057416267942583726	3.588516746411483	1800.0	4780272.0	98.63666367866962	4.30622009569378	-1500.0	
1770.0	5.891304347826087	1711.0	5.25	2.032608695652174	2066.0	-170.0	0.25487256371814093	-0.1394302848575712	484.0	22109.375	-0.7256371814092953	-93.0	32.95726577197784	33970.0	96.52439024390245	-3166.0	7400742.0	225852.72216796875	1151.0	107.83536585365854	-3537.0	-35.09146341463415	2628.0	3850.5494505494507	-36.0	0.08612440191387559	3.492822966507177	1904.0	4780272.0	98.63666367866962	4.555023923444976	-1460.0	
1778.0	6.065217391304348	1695.0	5.163043478260869	2.0760869565217392	2062.0	-170.0	0.25487256371814093	-0.13343328335832083	481.0	22119.140625	-0.7211394302848575	-89.0	32.95726577197784	33970.0	105.51829268292684	-3461.0	7401062.0	225862.48779296875	1132.0	112.8658536585366	-3702.0	-34.51219512195122	2637.0	3863.736263736264	-68.0	0.16267942583732056	3.3205741626794256	1948.0	4780272.0	98.63666367866962	4.660287081339713	-1388.0	
1795.0	6.217391304347826	1681.0	4.978260869565217	2.032608695652174	2066.0	-179.0	0.26836581709145424	-0.136431784107946	470.0	22128.90625	-0.704647676161919	-91.0	32.95726577197784	33970.0	115.15243902439025	-3777.0	7401382.0	225872.25341796875	1020.0	116.40243902439026	-3818.0	-31.09756097560976	2626.0	3847.6190476190477	-100.0	0.23923444976076555	3.2248803827751193	1960.0	4780272.0	98.63666367866962	4.688995215311005	-1348.0	
1820.0	6.33695652173913	1670.0	4.706521739130435	1.5	2115.0	-184.0	0.27586206896551724	-0.14692653673163417	456.0	22138.671875	-0.6836581709145427	-98.0	32.95726577197784	33970.0	125.33536585365854	-4111.0	7401702.0	225882.01904296875	852.0	117.40853658536587	-3851.0	-25.975609756097562	2625.0	3846.153846153846	92.0	-0.2200956937799043	2.9473684210526314	2004.0	4780272.0	98.63666367866962	4.794258373205741	-1232.0	
1845.0	6.826086956521739	1625.0	4.434782608695652	0.9239130434782609	2168.0	-183.0	0.27436281859070466	-0.136431784107946	450.0	22148.4375	-0.6746626686656672	-91.0	32.95726577197784	33970.0	133.9329268292683	-4393.0	7402022.0	225891.78466796875	678.0	123.04878048780489	-4036.0	-20.670731707317074	2640.0	3868.131868131868	436.0	-1.0430622009569377	2.602870813397129	2204.0	4780176.0	98.6376404174419	5.2727272727272725	-1088.0	
1873.0	7.217391304347826	1589.0	4.130434782608695	0.8478260869565217	2175.0	-188.0	0.2818590704647676	-0.1454272863568216	438.0	22158.203125	-0.656671664167916	-97.0	32.95726577197784	33970.0	143.14024390243904	-4695.0	7402342.0	225901.55029296875	375.0	138.07926829268294	-4529.0	-11.432926829268293	2643.0	3872.5274725274726	496.0	-1.186602870813397	2.2392344497607652	2436.0	4780176.0	98.6376404174419	5.827751196172248	-936.0	
1876.0	7.304347826086956	1581.0	4.0978260869565215	0.75	2184.0	-191.0	0.2863568215892054	-0.14992503748125938	435.0	22167.96875	-0.6521739130434783	-100.0	32.95726577197784	33970.0	152.10365853658539	-4989.0	7402662.0	225911.31591796875	-62.0	150.39634146341464	-4933.0	1.8902439024390245	2641.0	3869.5970695970695	528.0	-1.263157894736842	2.0669856459330145	2528.0	4780176.0	98.6376404174419	6.047846889952153	-864.0	
1860.0	7.33695652173913	1578.0	4.271739130434782	0.8695652173913043	2173.0	-192.0	0.28785607196401797	-0.1619190404797601	423.0	22177.734375	-0.6341829085457271	-108.0	32.95726577197784	33970.0	160.3048780487805	-5258.0	7402982.0	225921.08154296875	-493.0	153.50609756097563	-5035.0	15.03048780487805	2653.0	3887.1794871794873	576.0	-1.3779904306220094	2.2200956937799043	2544.0	4780176.0	98.6376404174419	6.086124401913875	-928.0	
1860.0	7.456521739130435	1567.0	4.271739130434782	1.0	2161.0	-199.0	0.2983508245877061	-0.1664167916041979	406.0	22187.5	-0.608695652173913	-111.0	32.95726577197784	33970.0	168.71951219512198	-5534.0	7403302.0	225930.84716796875	-662.0	152.37804878048783	-4998.0	20.182926829268293	2630.0	3853.479853479854	472.0	-1.1291866028708133	2.2966507177033493	2596.0	4780176.0	98.6376404174419	6.2105263157894735	-960.0	
1865.0	7.543478260869565	1559.0	4.217391304347826	1.1195652173913042	2150.0	-202.0	0.3028485757121439	-0.17241379310344826	398.0	22197.265625	-0.5967016491754122	-115.0	32.95726577197784	33970.0	177.77439024390245	-5831.0	7403622.0	225940.61279296875	-800.0	148.2317073170732	-4862.0	24.39024390243903	2641.0	3869.5970695970695	424.0	-1.014354066985646	2.2583732057416266	2600.0	4780096.0	98.63845436666999	6.220095693779904	-944.0	
1880.0	7.760869565217391	1539.0	4.054347826086956	1.2173913043478262	2141.0	-203.0	0.3043478260869565	-0.18140929535232383	383.0	22207.03125	-0.5742128935532234	-121.0	32.95726577197784	33970.0	185.91463414634148	-6098.0	7403942.0	225950.37841796875	-1002.0	143.53658536585368	-4708.0	30.54878048780488	2635.0	3860.805860805861	360.0	-0.8612440191387559	2.0956937799043063	2676.0	4780096.0	98.63845436666999	6.401913875598086	-876.0	
1903.0	7.934782608695652	1523.0	3.8043478260869565	0.8913043478260869	2171.0	-213.0	0.3193403298350824	-0.17691154422788605	374.0	22216.796875	-0.56071964017991	-118.0	32.95726577197784	33970.0	195.00000000000003	-6396.0	7404262.0	225960.14404296875	-1019.0	137.9268292682927	-4524.0	31.06707317073171	2635.0	3860.805860805861	516.0	-1.2344497607655502	1.770334928229665	2792.0	4780096.0	98.63845436666999	6.679425837320574	-740.0	
1931.0	8.456521739130434	1475.0	3.5	-0.08695652173913043	2261.0	-205.0	0.3073463268365817	-0.17991004497751123	358.0	22226.5625	-0.5367316341829085	-120.0	32.95726577197784	33970.0	202.95731707317074	-6657.0	7404582.0	225969.90966796875	-970.0	133.8109756097561	-4389.0	29.573170731707318	2647.0	3878.388278388278	956.0	-2.2870813397129184	1.4354066985645932	2984.0	4780096.0	98.63845436666999	7.1387559808612435	-600.0	
1975.0	8.83695652173913	1440.0	3.0217391304347827	-0.2826086956521739	2279.0	-212.0	0.31784107946026985	-0.1889055472263868	345.0	22236.328125	-0.5172413793103449	-126.0	32.95726577197784	33970.0	209.1158536585366	-6859.0	7404902.0	225979.67529296875	-723.0	138.9329268292683	-4557.0	22.04268292682927	2643.0	3872.5274725274726	1036.0	-2.478468899521531	0.8229665071770335	3220.0	4780096.0	98.63845436666999	7.70334928229665	-344.0	
2006.0	9.119565217391305	1414.0	2.684782608695652	-0.5869565217391304	2307.0	-205.0	0.3073463268365817	-0.18590704647676162	323.0	22246.09375	-0.48425787106446777	-124.0	32.95726577197784	33970.0	215.70121951219514	-7075.0	7405222.0	225989.44091796875	-678.0	146.64634146341464	-4810.0	20.670731707317074	2639.0	3866.6666666666665	1164.0	-2.784688995215311	0.3923444976076555	3352.0	4779968.0	98.63975668590989	8.019138755980862	-164.0	
2014.0	9.33695652173913	1394.0	2.5978260869565215	-1.0217391304347825	2347.0	-205.0	0.3073463268365817	-0.1934032983508246	317.0	22255.859375	-0.4752623688155922	-129.0	32.95726577197784	33970.0	221.28048780487808	-7258.0	7405542.0	225999.20654296875	-763.0	150.0	-4920.0	23.262195121951223	2641.0	3869.5970695970695	1412.0	-3.3779904306220097	0.2583732057416268	3468.0	4779968.0	98.63975668590989	8.296650717703349	-108.0	
2036.0	9.815217391304348	1350.0	2.358695652173913	-0.9565217391304348	2341.0	-209.0	0.31334332833583206	-0.1934032983508246	301.0	22265.625	-0.4512743628185907	-129.0	32.95726577197784	33970.0	223.99390243902442	-7347.0	7405862.0	226008.97216796875	-808.0	155.0609756097561	-5086.0	24.634146341463417	2628.0	3850.5494505494507	1292.0	-3.090909090909091	0.08612440191387559	3688.0	4779968.0	98.63975668590989	8.822966507177034	-36.0	
2044.0	10.108695652173912	1323.0	2.2717391304347827	-0.41304347826086957	2291.0	-208.0	0.3118440779610195	-0.19490254872563717	285.0	22275.390625	-0.42728635682158916	-130.0	32.95726577197784	33970.0	226.859756097561	-7441.0	7406182.0	226018.73779296875	-1010.0	158.01829268292684	-5183.0	30.792682926829272	2638.0	3865.2014652014655	1172.0	-2.803827751196172	-0.03827751196172249	3764.0	4779968.0	98.63975668590989	9.004784688995215	16.0	
2059.0	10.228260869565217	1312.0	2.108695652173913	0.15217391304347827	2239.0	-204.0	0.3058470764617691	-0.19490254872563717	259.0	22285.15625	-0.38830584707646176	-130.0	32.95726577197784	33970.0	232.9878048780488	-7642.0	7406502.0	226028.50341796875	-1370.0	151.82926829268294	-4980.0	41.768292682926834	2640.0	3868.131868131868	848.0	-2.028708133971292	-0.20095693779904306	3796.0	4779968.0	98.63975668590989	9.081339712918659	84.0	
2064.0	10.043478260869565	1329.0	2.0543478260869565	0.17391304347826086	2237.0	-200.0	0.29985007496251875	-0.19940029985007496	252.0	22294.921875	-0.3778110944527736	-133.0	32.95726577197784	33970.0	237.50000000000003	-7790.0	7406822.0	226038.26904296875	-1668.0	136.00609756097563	-4461.0	50.85365853658537	2629.0	3852.0146520146523	840.0	-2.0095693779904304	-0.2200956937799043	3752.0	4780016.0	98.63926831612643	8.976076555023923	92.0	
2086.0	10.25	1310.0	1.8152173913043477	0.03260869565217391	2250.0	-198.0	0.29685157421289354	-0.1889055472263868	235.0	22304.6875	-0.3523238380809595	-126.0	32.95726577197784	33970.0	240.30487804878052	-7882.0	7407142.0	226048.03466796875	-1682.0	118.56707317073172	-3889.0	51.28048780487806	2636.0	3862.2710622710624	900.0	-2.15311004784689	-0.4593301435406698	3792.0	4780016.0	98.63926831612643	9.07177033492823	192.0	
2131.0	10.815217391304348	1258.0	1.326086956521739	-0.42391304347826086	2292.0	-200.0	0.29985007496251875	-0.18440779610194902	217.0	22314.453125	-0.32533733133433285	-123.0	32.95726577197784	33970.0	243.44512195121953	-7985.0	7407462.0	226057.80029296875	-1640.0	99.96951219512196	-3279.0	50.00000000000001	2651.0	3884.2490842490843	1152.0	-2.755980861244019	-1.0047846889952152	4048.0	4780016.0	98.63926831612643	9.68421052631579	420.0	
2203.0	11.445652173913043	1200.0	0.5434782608695652	-0.8695652173913043	2333.0	-192.0	0.28785607196401797	-0.17541229385307347	199.0	22324.21875	-0.2983508245877061	-117.0	32.95726577197784	33970.0	249.45121951219514	-8182.0	7407782.0	226067.56591796875	-1366.0	85.64024390243904	-2809.0	41.646341463414636	2640.0	3868.131868131868	1320.0	-3.1578947368421053	-1.7129186602870812	4328.0	4780016.0	98.63926831612643	10.354066985645932	716.0	
2251.0	11.369565217391305	1207.0	0.021739130434782608	-0.46739130434782605	2296.0	-190.0	0.2848575712143928	-0.17691154422788605	184.0	22333.984375	-0.27586206896551724	-118.0	32.95726577197784	33970.0	255.15243902439028	-8369.0	7408102.0	226077.33154296875	-1070.0	78.75000000000001	-2583.0	32.6219512195122	2653.0	3887.1794871794873	1236.0	-2.956937799043062	-2.6411483253588517	4396.0	4780016.0	98.63926831612643	10.516746411483254	1104.0	
2329.0	11.0	1241.0	-0.8260869565217391	-0.31521739130434784	2282.0	-190.0	0.2848575712143928	-0.1649175412293853	178.0	22343.75	-0.26686656671664166	-110.0	32.95726577197784	33970.0	261.5243902439025	-8578.0	7408422.0	226087.09716796875	-1058.0	77.8658536585366	-2554.0	32.25609756097561	2635.0	3860.805860805861	1056.0	-2.526315789473684	-3.464114832535885	4172.0	4779968.0	98.63975668590989	9.980861244019138	1448.0	
2369.0	10.402173913043478	1296.0	-1.2608695652173914	0.05434782608695652	2248.0	-187.0	0.280359820089955	-0.15592203898050974	163.0	22353.515625	-0.24437781109445278	-104.0	32.95726577197784	33970.0	267.8658536585366	-8786.0	7408742.0	226096.86279296875	-1026.0	77.7439024390244	-2550.0	31.280487804878053	2649.0	3881.3186813186812	900.0	-2.15311004784689	-4.0765550239234445	3916.0	4779968.0	98.63975668590989	9.368421052631579	1704.0	
2400.0	10.119565217391305	1322.0	-1.5978260869565217	0.2717391304347826	2228.0	-180.0	0.2698650674662669	-0.1454272863568216	143.0	22363.28125	-0.2143928035982009	-97.0	32.95726577197784	33970.0	271.9817073170732	-8921.0	7409062.0	226106.62841796875	-856.0	76.00609756097562	-2493.0	26.09756097560976	2635.0	3860.805860805861	784.0	-1.875598086124402	-4.45933014354067	3748.0	4779968.0	98.63975668590989	8.966507177033492	1864.0	
2428.0	9.880434782608695	1344.0	-1.9021739130434783	0.41304347826086957	2215.0	-176.0	0.2638680659670165	-0.1409295352323838	130.0	22373.046875	-0.19490254872563717	-94.0	32.95726577197784	33970.0	273.7804878048781	-8980.0	7409382.0	226116.39404296875	-704.0	75.54878048780489	-2478.0	21.463414634146343	2634.0	3859.3406593406594	752.0	-1.7990430622009568	-4.794258373205741	3676.0	4779968.0	98.63975668590989	8.794258373205741	2004.0	
2470.0	9.804347826086957	1351.0	-2.358695652173913	0.358695652173913	2220.0	-172.0	0.2578710644677661	-0.13043478260869565	111.0	22382.8125	-0.1664167916041979	-87.0	32.95726577197784	33970.0	277.2256097560976	-9093.0	7409702.0	226126.15966796875	-640.0	74.81707317073172	-2454.0	19.512195121951223	2648.0	3879.8534798534797	760.0	-1.8181818181818181	-5.263157894736842	3596.0	4779968.0	98.63975668590989	8.602870813397129	2200.0	
2518.0	9.728260869565217	1358.0	-2.880434782608696	0.06521739130434782	2247.0	-168.0	0.2518740629685157	-0.11094452773613193	103.0	22392.578125	-0.15442278860569714	-74.0	32.95726577197784	33970.0	282.31707317073176	-9260.0	7410022.0	226135.92529296875	-696.0	70.85365853658537	-2324.0	21.219512195121954	2637.0	3863.736263736264	964.0	-2.3062200956937797	-5.866028708133971	3592.0	4779936.0	98.6400822658112	8.593301435406698	2452.0	
2570.0	10.184782608695652	1316.0	-3.4456521739130435	-0.5869565217391304	2307.0	-164.0	0.24587706146926536	-0.10344827586206896	87.0	22402.34375	-0.13043478260869565	-69.0	32.95726577197784	33970.0	287.7743902439025	-9439.0	7410342.0	226145.69091796875	-761.0	62.926829268292686	-2064.0	23.201219512195124	2632.0	3856.4102564102564	1232.0	-2.9473684210526314	-6.650717703349282	3800.0	4779936.0	98.6400822658112	9.09090909090909	2780.0	
2648.0	10.489130434782608	1288.0	-4.293478260869565	-0.41304347826086957	2291.0	-164.0	0.24587706146926536	-0.10344827586206896	87.0	22412.109375	-0.13043478260869565	-69.0	32.95726577197784	33970.0	293.07926829268297	-9613.0	7410662.0	226155.45654296875	-476.0	57.804878048780495	-1896.0	14.51219512195122	2647.0	3878.388278388278	1140.0	-2.727272727272727	-7.8086124401913874	3968.0	4779936.0	98.6400822658112	9.492822966507177	3264.0	
2774.0	10.380434782608695	1298.0	-5.663043478260869	-0.4891304347826087	2298.0	-166.0	0.24887556221889054	-0.08845577211394302	73.0	22421.875	-0.10944527736131934	-59.0	32.95726577197784	33970.0	298.9024390243903	-9804.0	7410982.0	226165.22216796875	-263.0	65.1829268292683	-2138.0	8.01829268292683	2630.0	3853.479853479854	1112.0	-2.660287081339713	-9.263157894736842	3816.0	4779936.0	98.6400822658112	9.129186602870814	3872.0	
2871.0	9.641304347826086	1366.0	-6.717391304347826	-0.5978260869565217	2308.0	-166.0	0.24887556221889054	-0.08845577211394302	73.0	22431.640625	-0.10944527736131934	-59.0	32.95726577197784	33970.0	306.6463414634147	-10058.0	7411302.0	226174.98779296875	-428.0	85.70121951219512	-2811.0	13.04878048780488	2642.0	3871.062271062271	1104.0	-2.6411483253588517	-10.0	3644.0	4779936.0	98.6400822658112	8.717703349282296	4180.0	
2927.0	8.967391304347826	1428.0	-7.326086956521739	-0.43478260869565216	2293.0	-164.0	0.24587706146926536	-0.04947526236881559	46.0	22441.40625	-0.06896551724137931	-33.0	32.95726577197784	33970.0	310.4878048780488	-10184.0	7411622.0	226184.75341796875	-889.0	102.13414634146342	-3350.0	27.103658536585368	2649.0	3881.3186813186812	1148.0	-2.7464114832535884	-11.052631578947368	3284.0	4779888.0	98.64057063573168	7.85645933014354	4620.0	
2923.0	8.706521739130434	1452.0	-7.282608695652174	-0.14130434782608695	2266.0	-155.0	0.23238380809595202	-0.029985007496251874	34.0	22451.171875	-0.050974512743628186	-20.0	32.95726577197784	33970.0	308.8109756097561	-10129.0	7411942.0	226194.51904296875	-1220.0	103.96341463414635	-3410.0	37.19512195121951	2646.0	3876.923076923077	1040.0	-2.488038277511962	-11.177033492822966	3140.0	4779888.0	98.64057063573168	7.511961722488038	4672.0	
2929.0	8.880434782608695	1436.0	-7.3478260869565215	0.07608695652173914	2246.0	-151.0	0.22638680659670163	-0.005997001499250375	24.0	22460.9375	-0.035982008995502246	-4.0	32.95726577197784	33970.0	306.18902439024396	-10043.0	7412262.0	226204.28466796875	-1460.0	99.81707317073172	-3274.0	44.51219512195122	2638.0	3865.2014652014655	928.0	-2.2200956937799043	-11.033492822966506	3156.0	4779888.0	98.64057063573168	7.55023923444976	4612.0	
2939.0	9.119565217391305	1414.0	-7.456521739130435	0.32608695652173914	2223.0	-147.0	0.22038980509745126	0.01649175412293853	17.0	22470.703125	-0.025487256371814093	11.0	32.95726577197784	33970.0	308.9024390243903	-10132.0	7412582.0	226214.05029296875	-1752.0	91.15853658536587	-2990.0	53.41463414634147	2640.0	3868.131868131868	852.0	-2.0382775119617222	-11.062200956937799	3284.0	4779888.0	98.64057063573168	7.85645933014354	4624.0	
2980.0	9.206521739130434	1406.0	-7.902173913043478	0.34782608695652173	2221.0	-141.0	0.21139430284857572	0.034482758620689655	0.0	22480.46875	0.0	23.0	32.95726577197784	33970.0	316.3414634146342	-10376.0	7412902.0	226223.81591796875	-1995.0	82.50000000000001	-2706.0	60.82317073170732	2641.0	3869.5970695970695	828.0	-1.9808612440191387	-11.54066985645933	3340.0	4779888.0	98.64057063573168	7.990430622009569	4824.0	
3061.0	9.032608695652174	1422.0	-8.782608695652174	0.40217391304347827	2216.0	-126.0	0.1889055472263868	0.047976011994003	-9.0	22490.234375	0.013493253373313342	32.0	32.95726577197784	33970.0	322.19512195121956	-10568.0	7413222.0	226233.58154296875	-2148.0	77.5	-2542.0	65.48780487804879	2618.0	3835.897435897436	776.0	-1.8564593301435406	-12.497607655502392	3280.0	4779936.0	98.6400822658112	7.84688995215311	5224.0	
3139.0	8.891304347826086	1435.0	-9.630434782608695	0.6739130434782609	2191.0	-127.0	0.19040479760119938	0.08095952023988005	-23.0	22500.0	0.034482758620689655	54.0	32.95726577197784	33970.0	325.0914634146342	-10663.0	7413542.0	226243.34716796875	-2378.0	72.07317073170732	-2364.0	72.5	2645.0	3875.4578754578756	664.0	-1.588516746411483	-13.617224880382775	3188.0	4779936.0	98.6400822658112	7.626794258373206	5692.0	
3210.0	9.054347826086957	1420.0	-10.402173913043478	0.8478260869565217	2175.0	-119.0	0.17841079460269865	0.10344827586206896	-34.0	22509.765625	0.050974512743628186	69.0	32.95726577197784	33970.0	324.2987804878049	-10637.0	7413862.0	226253.11279296875	-2711.0	64.66463414634147	-2121.0	82.65243902439025	2650.0	3882.7838827838827	596.0	-1.4258373205741626	-14.526315789473683	3268.0	4779936.0	98.6400822658112	7.8181818181818175	6072.0	
3236.0	9.565217391304348	1373.0	-10.684782608695652	0.9456521739130435	2166.0	-121.0	0.18140929535232383	0.12743628185907047	-33.0	22519.53125	0.04947526236881559	85.0	32.95726577197784	33970.0	322.6829268292683	-10584.0	7414182.0	226262.87841796875	-3195.0	55.335365853658544	-1815.0	97.40853658536587	2642.0	3871.062271062271	560.0	-1.339712918660287	-14.822966507177034	3472.0	4779936.0	98.6400822658112	8.30622009569378	6196.0	
3236.0	10.01086956521739	1332.0	-10.684782608695652	1.184782608695652	2144.0	-113.0	0.16941529235382308	0.15142428785607195	-44.0	22529.296875	0.06596701649175413	101.0	32.95726577197784	33970.0	322.25609756097566	-10570.0	7414502.0	226272.64404296875	-3747.0	43.963414634146346	-1442.0	114.23780487804879	2632.0	3856.4102564102564	448.0	-1.0717703349282297	-14.765550239234448	3732.0	4779936.0	98.6400822658112	8.92822966507177	6172.0	
3222.0	10.391304347826086	1297.0	-10.532608695652174	1.3043478260869565	2133.0	-104.0	0.15592203898050974	0.17391304347826086	-45.0	22539.0625	0.06746626686656672	116.0	32.95726577197784	33970.0	320.9146341463415	-10526.0	7414822.0	226282.40966796875	-4345.0	31.219512195121954	-1024.0	132.46951219512195	2645.0	3875.4578754578756	396.0	-0.9473684210526315	-14.593301435406698	3876.0	4779984.0	98.63959389597294	9.272727272727272	6100.0	
3198.0	10.195652173913043	1315.0	-10.271739130434783	1.3478260869565217	2129.0	-104.0	0.15592203898050974	0.19790104947526235	-46.0	22548.828125	0.06896551724137931	132.0	32.95726577197784	33970.0	316.2804878048781	-10374.0	7415142.0	226292.17529296875	-4945.0	18.29268292682927	-600.0	150.76219512195124	2629.0	3852.0146520146523	388.0	-0.9282296650717703	-14.267942583732056	3808.0	4779984.0	98.63959389597294	9.110047846889952	5964.0	
3155.0	9.728260869565217	1358.0	-9.804347826086957	1.2608695652173914	2137.0	-105.0	0.15742128935532235	0.22788605697151423	-53.0	22558.59375	0.07946026986506746	152.0	32.95726577197784	33970.0	307.01219512195127	-10070.0	7415462.0	226301.94091796875	-5513.0	6.250000000000001	-205.0	168.07926829268294	2633.0	3857.875457875458	396.0	-0.9473684210526315	-13.808612440191387	3584.0	4779984.0	98.63959389597294	8.574162679425838	5772.0	
3115.0	8.826086956521738	1441.0	-9.369565217391305	0.9239130434782609	2168.0	-98.0	0.14692653673163417	0.2518740629685157	-44.0	22568.359375	0.06596701649175413	168.0	32.95726577197784	33970.0	290.9756097560976	-9544.0	7415782.0	226311.70654296875	-5645.0	-2.8353658536585367	93.0	172.10365853658539	2644.0	3873.992673992674	532.0	-1.2727272727272727	-13.205741626794257	3148.0	4779984.0	98.63959389597294	7.5311004784688995	5520.0	
3082.0	7.489130434782608	1564.0	-9.01086956521739	1.576086956521739	2108.0	-107.0	0.16041979010494753	0.272863568215892	-43.0	22578.125	0.06446776611694152	182.0	32.95726577197784	33970.0	266.6463414634147	-8746.0	7416102.0	226321.47216796875	-5478.0	-12.378048780487806	406.0	167.01219512195124	2630.0	3853.479853479854	364.0	-0.8708133971291866	-13.004784688995215	2832.0	4779984.0	98.63959389597294	6.77511961722488	5436.0	
3031.0	6.608695652173913	1645.0	-8.456521739130434	2.010869565217391	2068.0	-101.0	0.15142428785607195	0.28785607196401797	-42.0	22587.890625	0.06296851574212893	192.0	32.95726577197784	33970.0	239.32926829268294	-7850.0	7416422.0	226331.23779296875	-4980.0	-26.981707317073173	885.0	151.82926829268294	2641.0	3869.5970695970695	96.0	-0.2296650717703349	-12.354066985645932	2344.0	4779776.0	98.64171016586577	5.607655502392344	5164.0	
3008.0	6.260869565217391	1677.0	-8.206521739130434	2.3369565217391304	2038.0	-107.0	0.16041979010494753	0.3073463268365817	-44.0	22597.65625	0.06596701649175413	205.0	32.95726577197784	33970.0	208.93292682926833	-6853.0	7416742.0	226341.00341796875	-4239.0	-38.75	1271.0	129.2378048780488	2640.0	3868.131868131868	-64.0	0.15311004784688995	-11.913875598086124	2100.0	4779776.0	98.64171016586577	5.023923444976076	4980.0	
3005.0	5.880434782608695	1712.0	-8.17391304347826	2.5217391304347827	2021.0	-107.0	0.16041979010494753	0.32233883058470764	-46.0	22607.421875	0.06896551724137931	215.0	32.95726577197784	33970.0	178.2926829268293	-5848.0	7417062.0	226350.76904296875	-3454.0	-50.701219512195124	1663.0	105.3048780487805	2627.0	3849.084249084249	-192.0	0.4593301435406698	-11.818181818181818	1976.0	4779776.0	98.64171016586577	4.7272727272727275	4940.0	
3012.0	5.771739130434782	1722.0	-8.25	2.4565217391304346	2027.0	-117.0	0.17541229385307347	0.34182908545727136	-44.0	22617.1875	0.06596701649175413	228.0	32.95726577197784	33970.0	148.71951219512198	-4878.0	7417382.0	226360.53466796875	-2867.0	-57.6829268292683	1892.0	87.40853658536587	2642.0	3871.062271062271	-180.0	0.43062200956937796	-11.866028708133971	1920.0	4779776.0	98.64171016586577	4.5933014354066986	4960.0	
3001.0	5.663043478260869	1732.0	-8.130434782608695	2.391304347826087	2033.0	-118.0	0.17691154422788605	0.3523238380809595	-46.0	22626.953125	0.06896551724137931	235.0	32.95726577197784	33970.0	128.47560975609758	-4214.0	7417702.0	226370.30029296875	-2378.0	-60.1829268292683	1974.0	72.5	2629.0	3852.0146520146523	-152.0	0.36363636363636365	-11.904306220095693	1856.0	4779776.0	98.64171016586577	4.440191387559809	4976.0	
3030.0	5.728260869565217	1726.0	-8.445652173913043	2.369565217391304	2035.0	-113.0	0.16941529235382308	0.35982008995502246	-36.0	22636.71875	0.05397301349325337	240.0	32.95726577197784	33970.0	101.98170731707317	-3345.0	7418022.0	226380.06591796875	-1760.0	-62.89634146341464	2063.0	53.65853658536586	2631.0	3854.945054945055	-124.0	0.2966507177033493	-12.143540669856458	1892.0	4779840.0	98.64105900573433	4.526315789473684	5076.0	
3031.0	5.793478260869565	1720.0	-8.456521739130434	2.260869565217391	2045.0	-128.0	0.191904047976012	0.3658170914542728	-32.0	22646.484375	0.047976011994003	244.0	32.95726577197784	33970.0	70.94512195121952	-2327.0	7418342.0	226389.83154296875	-1260.0	-56.554878048780495	1855.0	38.41463414634147	2647.0	3878.388278388278	-72.0	0.17224880382775118	-12.392344497607654	1968.0	4779840.0	98.64105900573433	4.708133971291866	5180.0	
3029.0	5.967391304347826	1704.0	-8.434782608695652	2.0760869565217392	2062.0	-122.0	0.1829085457271364	0.3658170914542728	-34.0	22656.25	0.050974512743628186	244.0	32.95726577197784	33970.0	51.3109756097561	-1683.0	7418662.0	226399.59716796875	-882.0	-48.62804878048781	1595.0	26.89024390243903	2626.0	3847.6190476190477	-16.0	0.03827751196172249	-12.17224880382775	1980.0	4779840.0	98.64105900573433	4.7368421052631575	5088.0	
2998.0	5.923913043478261	1708.0	-8.097826086956522	2.130434782608696	2057.0	-131.0	0.19640179910044978	0.3703148425787106	-23.0	22666.015625	0.034482758620689655	247.0	32.95726577197784	33970.0	37.713414634146346	-1237.0	7418982.0	226409.36279296875	-353.0	-42.743902439024396	1402.0	10.76219512195122	2646.0	3876.923076923077	-60.0	0.14354066985645933	-11.789473684210526	1944.0	4779840.0	98.64105900573433	4.650717703349282	4928.0	
2951.0	5.923913043478261	1708.0	-7.58695652173913	2.0869565217391304	2061.0	-130.0	0.19490254872563717	0.37181409295352325	-35.0	22675.78125	0.05247376311844078	248.0	32.95726577197784	33970.0	22.621951219512198	-742.0	7419302.0	226419.12841796875	58.0	-34.32926829268293	1126.0	-1.7682926829268295	2647.0	3878.388278388278	-44.0	0.10526315789473684	-11.129186602870814	1900.0	4779840.0	98.64105900573433	4.545454545454545	4652.0	
2907.0	5.869565217391304	1713.0	-7.108695652173913	2.1739130434782608	2053.0	-131.0	0.19640179910044978	0.38530734632683655	-33.0	22685.546875	0.04947526236881559	257.0	32.95726577197784	33970.0	9.05487804878049	-297.0	7419622.0	226428.89404296875	432.0	-26.646341463414636	874.0	-13.170731707317074	2631.0	3854.945054945055	-76.0	0.18181818181818182	-10.516746411483254	1912.0	4779664.0	98.64284969644744	4.574162679425837	4396.0	
2868.0	6.054347826086956	1696.0	-6.684782608695652	2.3260869565217392	2039.0	-139.0	0.2083958020989505	0.383808095952024	-24.0	22695.3125	0.035982008995502246	256.0	32.95726577197784	33970.0	-1.0975609756097562	36.0	7419942.0	226438.65966796875	816.0	-21.06707317073171	691.0	-24.878048780487806	2648.0	3879.8534798534797	-160.0	0.3827751196172249	-9.952153110047847	1932.0	4779664.0	98.64284969644744	4.62200956937799	4160.0	
2834.0	6.065217391304348	1695.0	-6.315217391304348	2.532608695652174	2020.0	-138.0	0.20689655172413793	0.3823088455772114	-30.0	22705.078125	0.04497751124437781	255.0	32.95726577197784	33970.0	-9.695121951219512	318.0	7420262.0	226448.42529296875	1107.0	-16.707317073170735	548.0	-33.75	2637.0	3863.736263736264	-232.0	0.5550239234449761	-9.54066985645933	1964.0	4779664.0	98.64284969644744	4.698564593301435	3988.0	
2798.0	6.119565217391304	1690.0	-5.923913043478261	2.4891304347826084	2024.0	-135.0	0.20239880059970014	0.3913043478260869	-25.0	22714.84375	0.037481259370314844	261.0	32.95726577197784	33970.0	-17.682926829268293	580.0	7420582.0	226458.19091796875	1331.0	-11.707317073170733	384.0	-40.57926829268293	2638.0	3865.2014652014655	-216.0	0.5167464114832536	-9.167464114832535	1996.0	4779664.0	98.64284969644744	4.77511961722488	3832.0	
2773.0	6.173913043478261	1685.0	-5.6521739130434785	2.5543478260869565	2018.0	-133.0	0.19940029985007496	0.3793103448275862	-37.0	22724.609375	0.05547226386806597	253.0	32.95726577197784	33970.0	-24.39024390243903	800.0	7420902.0	226467.95654296875	1453.0	-6.250000000000001	205.0	-44.29878048780488	2650.0	3882.7838827838827	-236.0	0.5645933014354066	-8.985645933014354	2012.0	4779664.0	98.64284969644744	4.813397129186603	3756.0	
2754.0	6.304347826086956	1673.0	-5.445652173913043	2.630434782608696	2011.0	-139.0	0.2083958020989505	0.383808095952024	-33.0	22734.375	0.04947526236881559	256.0	32.95726577197784	33970.0	-29.512195121951223	968.0	7421222.0	226477.72216796875	1504.0	-1.9207317073170733	63.0	-45.85365853658537	2634.0	3859.3406593406594	-264.0	0.631578947368421	-8.708133971291865	2056.0	4779696.0	98.64252411623559	4.918660287081339	3640.0	
2725.0	6.4021739130434785	1664.0	-5.130434782608695	2.6739130434782608	2007.0	-133.0	0.19940029985007496	0.3748125937031484	-30.0	22744.140625	0.04497751124437781	250.0	32.95726577197784	33970.0	-33.32317073170732	1093.0	7421542.0	226487.48779296875	1480.0	0.8231707317073171	-27.0	-45.1219512195122	2641.0	3869.5970695970695	-264.0	0.631578947368421	-8.4688995215311	2112.0	4779696.0	98.64252411623559	5.052631578947368	3540.0	
2730.0	6.6521739130434785	1641.0	-5.184782608695652	2.6739130434782608	2007.0	-140.0	0.2098950524737631	0.38080959520239877	-28.0	22753.90625	0.041979010494752625	254.0	32.95726577197784	33970.0	-36.463414634146346	1196.0	7421862.0	226497.25341796875	1396.0	3.079268292682927	-101.0	-42.5609756097561	2638.0	3865.2014652014655	-280.0	0.6698564593301435	-8.325358851674642	2176.0	4779696.0	98.64252411623559	5.205741626794258	3480.0	
2728.0	6.684782608695652	1638.0	-5.163043478260869	2.7065217391304346	2004.0	-131.0	0.19640179910044978	0.3823088455772114	-23.0	22763.671875	0.034482758620689655	255.0	32.95726577197784	33970.0	-37.957317073170735	1245.0	7422182.0	226507.01904296875	1256.0	4.969512195121951	-163.0	-38.29268292682927	2647.0	3878.388278388278	-276.0	0.6602870813397129	-8.344497607655502	2212.0	4779696.0	98.64252411623559	5.291866028708133	3488.0	
2717.0	6.641304347826087	1642.0	-5.043478260869565	2.5760869565217392	2016.0	-124.0	0.18590704647676162	0.3793103448275862	-26.0	22773.4375	0.038980509745127435	253.0	32.95726577197784	33970.0	-32.80487804878049	1076.0	7422502.0	226516.78466796875	1037.0	8.079268292682928	-265.0	-31.615853658536587	2642.0	3871.062271062271	-256.0	0.6124401913875598	-8.287081339712918	2228.0	4779696.0	98.64252411623559	5.330143540669856	3464.0	
2749.0	6.717391304347826	1635.0	-5.391304347826087	2.630434782608696	2011.0	-134.0	0.20089955022488756	0.3778110944527736	-27.0	22783.203125	0.04047976011994003	252.0	32.95726577197784	33970.0	-35.33536585365854	1159.0	7422822.0	226526.55029296875	977.0	6.981707317073171	-229.0	-29.78658536585366	2637.0	3863.736263736264	-224.0	0.5358851674641149	-8.516746411483254	2244.0	4779728.0	98.64219853606026	5.368421052631579	3560.0	
2768.0	6.641304347826087	1642.0	-5.5978260869565215	2.5217391304347827	2021.0	-136.0	0.20389805097451275	0.3778110944527736	-37.0	22792.96875	0.05547226386806597	252.0	32.95726577197784	33970.0	-45.0609756097561	1478.0	7423142.0	226536.31591796875	871.0	10.03048780487805	-329.0	-26.55487804878049	2640.0	3868.131868131868	-224.0	0.5358851674641149	-8.851674641148325	2244.0	4779728.0	98.64219853606026	5.368421052631579	3700.0	
2764.0	6.684782608695652	1638.0	-5.554347826086956	2.5760869565217392	2016.0	-133.0	0.19940029985007496	0.37181409295352325	-38.0	22802.734375	0.05697151424287856	248.0	32.95726577197784	33970.0	-45.15243902439025	1481.0	7423462.0	226546.08154296875	622.0	10.426829268292684	-342.0	-18.963414634146343	2647.0	3878.388278388278	-188.0	0.4497607655502392	-9.052631578947368	2240.0	4779728.0	98.64219853606026	5.358851674641148	3784.0	
2792.0	6.771739130434782	1630.0	-5.858695652173913	2.4782608695652173	2025.0	-133.0	0.19940029985007496	0.3793103448275862	-29.0	22812.5	0.043478260869565216	253.0	32.95726577197784	33970.0	-44.268292682926834	1452.0	7423782.0	226555.84716796875	519.0	10.060975609756099	-330.0	-15.823170731707318	2625.0	3846.153846153846	-176.0	0.42105263157894735	-9.177033492822966	2288.0	4779728.0	98.64219853606026	5.473684210526316	3836.0	
2803.0	6.858695652173913	1622.0	-5.978260869565217	2.4130434782608696	2031.0	-131.0	0.19640179910044978	0.36881559220389803	-37.0	22822.265625	0.05547226386806597	246.0	32.95726577197784	33970.0	-46.25000000000001	1517.0	7424102.0	226565.61279296875	356.0	7.865853658536586	-258.0	-10.853658536585368	2642.0	3871.062271062271	-136.0	0.3253588516746411	-9.330143540669857	2304.0	4779728.0	98.64219853606026	5.511961722488038	3900.0	
2830.0	6.891304347826087	1619.0	-6.271739130434782	2.3043478260869565	2041.0	-127.0	0.19040479760119938	0.3583208395802099	-25.0	22832.03125	0.037481259370314844	239.0	32.9721792090917	33973.0	-49.57317073170732	1626.0	7424422.0	226575.37841796875	139.0	6.920731707317074	-227.0	-4.237804878048781	2641.0	3869.5970695970695	-84.0	0.20095693779904306	-9.626794258373206	2308.0	4779728.0	98.64472285979001	5.521531100478469	4024.0	
2855.0	6.815217391304348	1626.0	-6.543478260869565	2.2065217391304346	2050.0	-125.0	0.1874062968515742	0.3523238380809595	-32.0	22841.796875	0.047976011994003	235.0	32.9721792090917	33973.0	-52.53048780487806	1723.0	7424742.0	226585.14404296875	-61.0	6.00609756097561	-197.0	1.8597560975609757	2637.0	3863.736263736264	-32.0	0.07655502392344497	-9.866028708133971	2288.0	4779728.0	98.64472285979001	5.473684210526316	4124.0	
2859.0	6.782608695652174	1629.0	-6.58695652173913	2.152173913043478	2055.0	-125.0	0.1874062968515742	0.3493253373313343	-31.0	22851.5625	0.046476761619190406	233.0	32.9721792090917	33973.0	-56.524390243902445	1854.0	7425062.0	226594.90966796875	-288.0	5.396341463414634	-177.0	8.78048780487805	2643.0	3872.5274725274726	-12.0	0.028708133971291863	-10.066985645933014	2280.0	4779728.0	98.64472285979001	5.454545454545454	4208.0	
2880.0	6.771739130434782	1630.0	-6.815217391304348	2.0760869565217392	2062.0	-129.0	0.1934032983508246	0.34782608695652173	-37.0	22861.328125	0.05547226386806597	232.0	32.9721792090917	33973.0	-61.615853658536594	2021.0	7425382.0	226604.67529296875	-524.0	4.969512195121951	-163.0	15.975609756097562	2626.0	3847.6190476190477	4.0	-0.009569377990430622	-10.181818181818182	2264.0	4779728.0	98.64472285979001	5.4162679425837315	4256.0	
2884.0	6.706521739130435	1636.0	-6.858695652173913	2.0543478260869565	2064.0	-131.0	0.19640179910044978	0.3448275862068965	-33.0	22871.09375	0.04947526236881559	230.0	32.9721792090917	33973.0	-66.67682926829269	2187.0	7425702.0	226614.44091796875	-729.0	3.658536585365854	-120.0	22.225609756097562	2632.0	3856.4102564102564	4.0	-0.009569377990430622	-10.33492822966507	2236.0	4779728.0	98.64472285979001	5.349282296650718	4320.0	
2887.0	6.554347826086956	1650.0	-6.891304347826087	2.0978260869565215	2060.0	-128.0	0.191904047976012	0.33883058470764615	-36.0	22880.859375	0.05397301349325337	226.0	32.9721792090917	33973.0	-72.10365853658537	2365.0	7426022.0	226624.20654296875	-893.0	2.5914634146341466	-85.0	27.225609756097562	2647.0	3878.388278388278	20.0	-0.04784688995215311	-10.430622009569378	2216.0	4778928.0	98.65286257285798	5.301435406698564	4360.0	
2919.0	6.510869565217391	1654.0	-7.239130434782608	2.0	2069.0	-124.0	0.18590704647676162	0.3328335832083958	-34.0	22890.625	0.050974512743628186	222.0	32.9721792090917	33973.0	-77.7439024390244	2550.0	7426342.0	226633.97216796875	-1023.0	1.8597560975609757	-61.0	31.189024390243905	2638.0	3865.2014652014655	44.0	-0.10526315789473684	-10.602870813397129	2160.0	4778928.0	98.65286257285798	5.167464114832535	4432.0	
2934.0	6.315217391304348	1672.0	-7.4021739130434785	2.0217391304347827	2067.0	-131.0	0.19640179910044978	0.32533733133433285	-35.0	22900.390625	0.05247376311844078	217.0	32.9721792090917	33973.0	-84.08536585365854	2758.0	7426662.0	226643.73779296875	-1133.0	1.5548780487804879	-51.0	34.54268292682927	2638.0	3865.2014652014655	52.0	-0.12440191387559808	-10.78468899521531	2072.0	4778928.0	98.65286257285798	4.956937799043062	4508.0	
2937.0	6.184782608695652	1684.0	-7.434782608695652	1.9456521739130435	2074.0	-129.0	0.1934032983508246	0.3238380809595202	-40.0	22910.15625	0.05997001499250375	216.0	32.9721792090917	33973.0	-90.94512195121952	2983.0	7426982.0	226653.50341796875	-1203.0	0.8231707317073171	-27.0	36.676829268292686	2622.0	3841.758241758242	44.0	-0.10526315789473684	-10.909090909090908	2036.0	4778928.0	98.65286257285798	4.8708133971291865	4560.0	
2949.0	6.271739130434782	1676.0	-7.565217391304348	1.8478260869565217	2083.0	-125.0	0.1874062968515742	0.3043478260869565	-44.0	22919.921875	0.06596701649175413	203.0	32.9721792090917	33973.0	-97.8658536585366	3210.0	7427302.0	226663.26904296875	-1141.0	0.15243902439024393	-5.0	34.78658536585366	2629.0	3852.0146520146523	92.0	-0.2200956937799043	-11.119617224880383	2052.0	4778928.0	98.65286257285798	4.909090909090909	4648.0	
2973.0	6.304347826086956	1673.0	-7.826086956521739	1.7065217391304348	2096.0	-131.0	0.19640179910044978	0.30134932533733133	-35.0	22929.6875	0.05247376311844078	201.0	32.9721792090917	33973.0	-103.96341463414635	3410.0	7427622.0	226673.03466796875	-1122.0	0.6707317073170732	-22.0	34.207317073170735	2639.0	3866.6666666666665	164.0	-0.3923444976076555	-11.301435406698564	2060.0	4779232.0	98.64976947920215	4.92822966507177	4724.0	
2978.0	6.217391304347826	1681.0	-7.880434782608695	1.576086956521739	2108.0	-133.0	0.19940029985007496	0.29685157421289354	-42.0	22939.453125	0.06296851574212893	198.0	32.9721792090917	33973.0	-109.87804878048782	3604.0	7427942.0	226682.80029296875	-1177.0	2.804878048780488	-92.0	35.88414634146342	2632.0	3856.4102564102564	240.0	-0.5741626794258373	-11.473684210526315	2028.0	4779232.0	98.64976947920215	4.851674641148326	4796.0	
2978.0	6.141304347826087	1688.0	-7.880434782608695	1.5434782608695652	2111.0	-127.0	0.19040479760119938	0.28785607196401797	-42.0	22949.21875	0.06296851574212893	192.0	32.9721792090917	33973.0	-117.34756097560977	3849.0	7428262.0	226692.56591796875	-1143.0	4.298780487804878	-141.0	34.84756097560976	2643.0	3872.5274725274726	260.0	-0.6220095693779905	-11.559808612440191	2004.0	4779232.0	98.64976947920215	4.794258373205741	4832.0	
2971.0	6.119565217391304	1690.0	-7.804347826086956	1.4891304347826086	2116.0	-130.0	0.19490254872563717	0.27436281859070466	-42.0	22958.984375	0.06296851574212893	183.0	32.9721792090917	33973.0	-125.42682926829269	4114.0	7428582.0	226702.33154296875	-1064.0	5.640243902439025	-185.0	32.43902439024391	2643.0	3872.5274725274726	288.0	-0.6889952153110047	-11.665071770334928	2016.0	4779232.0	98.64976947920215	4.822966507177033	4876.0	
2998.0	6.184782608695652	1684.0	-8.097826086956522	1.315217391304348	2132.0	-137.0	0.20539730134932532	0.2623688155922039	-46.0	22968.75	0.06896551724137931	175.0	32.9721792090917	33973.0	-132.59146341463415	4349.0	7428902.0	226712.09716796875	-989.0	6.951219512195123	-228.0	30.152439024390247	2629.0	3852.0146520146523	348.0	-0.8325358851674641	-11.760765550239235	2036.0	4779232.0	98.64976947920215	4.8708133971291865	4916.0	
3005.0	6.326086956521739	1671.0	-8.17391304347826	1.2717391304347825	2136.0	-133.0	0.19940029985007496	0.25487256371814093	-37.0	22978.515625	0.05547226386806597	170.0	32.9721792090917	33973.0	-140.1829268292683	4598.0	7429222.0	226721.86279296875	-962.0	8.902439024390246	-292.0	29.32926829268293	2648.0	3879.8534798534797	376.0	-0.8995215311004784	-11.866028708133971	2080.0	4779408.0	98.64797874227696	4.976076555023924	4960.0	
3013.0	6.434782608695652	1661.0	-8.26086956521739	1.25	2138.0	-128.0	0.191904047976012	0.24287856071964017	-44.0	22988.28125	0.06596701649175413	162.0	32.9721792090917	33973.0	-148.01829268292684	4855.0	7429542.0	226731.62841796875	-944.0	10.457317073170733	-343.0	28.780487804878053	2648.0	3879.8534798534797	392.0	-0.937799043062201	-11.952153110047847	2100.0	4779408.0	98.64797874227696	5.023923444976076	4996.0	
3022.0	6.58695652173913	1647.0	-8.358695652173912	1.2065217391304348	2142.0	-127.0	0.19040479760119938	0.22638680659670163	-40.0	22998.046875	0.05997001499250375	151.0	32.9721792090917	33973.0	-156.6768292682927	5139.0	7429862.0	226741.39404296875	-878.0	10.823170731707318	-355.0	26.76829268292683	2635.0	3860.805860805861	392.0	-0.937799043062201	-11.990430622009569	2196.0	4779408.0	98.64797874227696	5.253588516746412	5012.0	
3037.0	6.880434782608695	1620.0	-8.521739130434783	1.0869565217391304	2153.0	-129.0	0.1934032983508246	0.2128935532233883	-42.0	23007.8125	0.06296851574212893	142.0	32.9721792090917	33973.0	-164.60365853658539	5399.0	7430182.0	226751.15966796875	-724.0	11.49390243902439	-377.0	22.073170731707318	2646.0	3876.923076923077	448.0	-1.0717703349282297	-12.114832535885167	2272.0	4779408.0	98.64797874227696	5.435406698564593	5064.0	
3045.0	6.923913043478261	1616.0	-8.608695652173912	0.9021739130434783	2170.0	-129.0	0.1934032983508246	0.19790104947526235	-43.0	23017.578125	0.06446776611694152	132.0	32.9721792090917	33973.0	-173.65853658536588	5696.0	7430502.0	226760.92529296875	-584.0	12.591463414634147	-413.0	17.80487804878049	2625.0	3846.153846153846	540.0	-1.2918660287081338	-12.258373205741627	2344.0	4779408.0	98.64797874227696	5.607655502392344	5124.0	
3044.0	6.923913043478261	1616.0	-8.597826086956522	0.7391304347826086	2185.0	-130.0	0.19490254872563717	0.19040479760119938	-35.0	23027.34375	0.05247376311844078	127.0	32.9721792090917	33973.0	-182.6829268292683	5992.0	7430822.0	226770.69091796875	-393.0	14.176829268292684	-465.0	11.981707317073171	2633.0	3857.875457875458	580.0	-1.38755980861244	-12.354066985645932	2348.0	4779600.0	98.64602521234636	5.617224880382775	5164.0	
3034.0	6.858695652173913	1622.0	-8.48913043478261	0.6956521739130435	2189.0	-131.0	0.19640179910044978	0.17841079460269865	-46.0	23037.109375	0.06896551724137931	119.0	32.9721792090917	33973.0	-193.44512195121953	6345.0	7431142.0	226780.45654296875	-144.0	15.060975609756099	-494.0	4.390243902439025	2636.0	3862.2710622710624	616.0	-1.4736842105263157	-12.363636363636363	2332.0	4779600.0	98.64602521234636	5.578947368421052	5168.0	
3057.0	7.0	1609.0	-8.73913043478261	0.6086956521739131	2197.0	-125.0	0.1874062968515742	0.15142428785607195	-34.0	23046.875	0.050974512743628186	101.0	32.9721792090917	33973.0	-205.27439024390245	6733.0	7431462.0	226790.22216796875	174.0	14.573170731707318	-478.0	-5.3048780487804885	2637.0	3863.736263736264	644.0	-1.5406698564593302	-12.411483253588516	2352.0	4779600.0	98.64602521234636	5.626794258373206	5188.0	
3041.0	7.195652173913043	1591.0	-8.565217391304348	0.6086956521739131	2197.0	-125.0	0.1874062968515742	0.136431784107946	-35.0	23056.640625	0.05247376311844078	91.0	32.9721792090917	33973.0	-217.77439024390245	7143.0	7431782.0	226799.98779296875	513.0	12.896341463414636	-423.0	-15.640243902439027	2641.0	3869.5970695970695	668.0	-1.5980861244019138	-12.459330143540669	2456.0	4779600.0	98.64602521234636	5.875598086124402	5208.0	
3050.0	7.663043478260869	1548.0	-8.66304347826087	0.46739130434782605	2210.0	-129.0	0.1934032983508246	0.11544227886056971	-28.0	23066.40625	0.041979010494752625	77.0	32.9721792090917	33973.0	-228.87195121951223	7507.0	7432102.0	226809.75341796875	775.0	11.097560975609758	-364.0	-23.628048780487806	2645.0	3875.4578754578756	724.0	-1.7320574162679425	-12.545454545454545	2636.0	4779600.0	98.64602521234636	6.30622009569378	5244.0	
3057.0	8.271739130434783	1492.0	-8.73913043478261	0.30434782608695654	2225.0	-121.0	0.18140929535232383	0.10194902548725637	-22.0	23076.171875	0.03298350824587706	68.0	32.9721792090917	33973.0	-239.66463414634148	7861.0	7432422.0	226819.51904296875	929.0	9.878048780487806	-324.0	-28.323170731707318	2651.0	3884.2490842490843	800.0	-1.9138755980861244	-12.545454545454545	2892.0	4779584.0	98.64618800645701	6.918660287081339	5244.0	
3064.0	9.043478260869565	1421.0	-8.815217391304348	-0.010869565217391304	2254.0	-127.0	0.19040479760119938	0.08245877061469264	-21.0	23085.9375	0.031484257871064465	55.0	32.9721792090917	33973.0	-248.99390243902442	8167.0	7432742.0	226829.28466796875	1002.0	8.78048780487805	-288.0	-30.54878048780488	2640.0	3868.131868131868	936.0	-2.2392344497607652	-12.488038277511961	3252.0	4779584.0	98.64618800645701	7.779904306220096	5220.0	
3060.0	9.608695652173912	1369.0	-8.771739130434783	-0.021739130434782608	2255.0	-129.0	0.1934032983508246	0.07196401799100449	-21.0	23095.703125	0.031484257871064465	48.0	32.9721792090917	33973.0	-256.6158536585366	8417.0	7433062.0	226839.05029296875	926.0	8.079268292682928	-265.0	-28.231707317073173	2654.0	3888.644688644689	1012.0	-2.4210526315789473	-12.583732057416267	3556.0	4779584.0	98.64618800645701	8.507177033492823	5260.0	
3056.0	9.91304347826087	1341.0	-8.728260869565217	-0.358695652173913	2286.0	-133.0	0.19940029985007496	0.04497751124437781	-9.0	23105.46875	0.013493253373313342	30.0	32.9721792090917	33973.0	-263.9024390243903	8656.0	7433382.0	226848.81591796875	705.0	5.76219512195122	-189.0	-21.493902439024392	2642.0	3871.062271062271	1116.0	-2.6698564593301435	-12.61244019138756	3688.0	4779584.0	98.64618800645701	8.822966507177034	5272.0	
3023.0	10.271739130434783	1308.0	-8.369565217391305	-0.5760869565217391	2306.0	-130.0	0.19490254872563717	0.02848575712143928	0.0	23115.234375	0.0	19.0	32.9721792090917	33973.0	-273.32317073170736	8965.0	7433702.0	226858.58154296875	635.0	3.079268292682927	-101.0	-19.35975609756098	2637.0	3863.736263736264	1228.0	-2.937799043062201	-12.44976076555024	3880.0	4779584.0	98.64618800645701	9.282296650717702	5204.0	
3035.0	10.793478260869565	1260.0	-8.5	-0.7065217391304348	2318.0	-138.0	0.20689655172413793	0.008995502248875561	13.0	23125.0	-0.019490254872563718	6.0	32.9721792090917	33973.0	-285.7926829268293	9374.0	7434022.0	226868.34716796875	740.0	-2.1951219512195124	72.0	-22.5609756097561	2629.0	3852.0146520146523	1264.0	-3.0239234449760763	-12.33492822966507	4116.0	4779584.0	98.64618800645701	9.84688995215311	5156.0	
3023.0	11.097826086956522	1232.0	-8.369565217391305	-0.6304347826086957	2311.0	-127.0	0.19040479760119938	-0.01649175412293853	17.0	23134.765625	-0.025487256371814093	-11.0	32.9721792090917	33973.0	-295.88414634146346	9705.0	7434342.0	226878.11279296875	937.0	-10.335365853658537	339.0	-28.56707317073171	2623.0	3843.223443223443	1252.0	-2.9952153110047846	-12.143540669856458	4232.0	4779584.0	98.64618800645701	10.124401913875598	5076.0	
2994.0	11.282608695652174	1215.0	-8.054347826086957	-0.717391304347826	2319.0	-138.0	0.20689655172413793	-0.038980509745127435	24.0	23144.53125	-0.035982008995502246	-26.0	32.9721792090917	33973.0	-304.26829268292687	9980.0	7434662.0	226887.87841796875	1184.0	-21.34146341463415	700.0	-36.09756097560976	2650.0	3882.7838827838827	1332.0	-3.186602870813397	-11.808612440191387	4308.0	4779584.0	98.64618800645701	10.30622009569378	4936.0	
2959.0	11.228260869565217	1220.0	-7.673913043478261	-0.9347826086956521	2339.0	-137.0	0.20539730134932532	-0.06446776611694152	32.0	23154.296875	-0.047976011994003	-43.0	32.9721792090917	33973.0	-312.5304878048781	10251.0	7434982.0	226897.64404296875	1529.0	-33.62804878048781	1103.0	-46.61585365853659	2634.0	3859.3406593406594	1404.0	-3.3588516746411483	-11.330143540669855	4296.0	4779584.0	98.64618800645701	10.277511961722487	4736.0	
2924.0	11.380434782608695	1206.0	-7.293478260869565	-1.25	2368.0	-135.0	0.20239880059970014	-0.07796101949025487	49.0	23164.0625	-0.07346326836581708	-52.0	32.9721792090917	33973.0	-322.31707317073176	10572.0	7435302.0	226907.40966796875	1815.0	-45.03048780487805	1477.0	-55.335365853658544	2653.0	3887.1794871794873	1544.0	-3.69377990430622	-10.75598086124402	4352.0	4779584.0	98.64618800645701	10.411483253588516	4496.0	
2874.0	11.706521739130434	1176.0	-6.75	-1.3478260869565217	2377.0	-146.0	0.21889055472263869	-0.08695652173913043	64.0	23173.828125	-0.095952023988006	-58.0	32.9721792090917	33973.0	-330.2439024390244	10832.0	7435622.0	226917.17529296875	2169.0	-58.17073170731708	1908.0	-66.12804878048782	2623.0	3843.223443223443	1564.0	-3.741626794258373	-10.124401913875598	4536.0	4779952.0	98.64244374422309	10.851674641148325	4232.0	
2808.0	12.119565217391305	1138.0	-6.032608695652174	-1.4021739130434783	2382.0	-152.0	0.22788605697151423	-0.1169415292353823	79.0	23183.59375	-0.1184407796101949	-78.0	32.9721792090917	33973.0	-332.5304878048781	10907.0	7435942.0	226926.94091796875	2505.0	-74.96951219512196	2459.0	-76.3719512195122	2638.0	3865.2014652014655	1572.0	-3.7607655502392343	-9.808612440191387	4624.0	4779952.0	98.64244374422309	11.062200956937799	4100.0	
2763.0	12.347826086956522	1117.0	-5.543478260869565	-1.5978260869565217	2400.0	-155.0	0.23238380809595202	-0.13493253373313344	94.0	23193.359375	-0.1409295352323838	-90.0	32.9721792090917	33973.0	-331.95121951219517	10888.0	7436262.0	226936.70654296875	2862.0	-91.34146341463415	2996.0	-87.25609756097562	2637.0	3863.736263736264	1668.0	-3.990430622009569	-9.09090909090909	4768.0	4779952.0	98.64244374422309	11.4066985645933	3800.0	
2708.0	12.380434782608695	1114.0	-4.945652173913043	-1.967391304347826	2434.0	-156.0	0.2338830584707646	-0.1454272863568216	110.0	23203.125	-0.1649175412293853	-97.0	32.9721792090917	33973.0	-331.7987804878049	10883.0	7436582.0	226946.47216796875	3077.0	-105.91463414634147	3474.0	-93.81097560975611	2628.0	3850.5494505494507	1800.0	-4.30622009569378	-8.44976076555024	4812.0	4779952.0	98.64244374422309	11.511961722488039	3532.0	
2655.0	12.42391304347826	1110.0	-4.369565217391305	-2.1847826086956523	2454.0	-160.0	0.239880059970015	-0.15292353823088456	133.0	23212.890625	-0.19940029985007496	-102.0	32.9721792090917	33973.0	-332.4085365853659	10903.0	7436902.0	226956.23779296875	3083.0	-119.45121951219514	3918.0	-93.9939024390244	2643.0	3872.5274725274726	1872.0	-4.4784688995215305	-7.827751196172248	4828.0	4779952.0	98.64244374422309	11.55023923444976	3272.0	
2617.0	12.445652173913043	1108.0	-3.9565217391304346	-2.641304347826087	2496.0	-160.0	0.239880059970015	-0.15292353823088456	133.0	23222.65625	-0.19940029985007496	-102.0	32.9721792090917	33973.0	-331.76829268292687	10882.0	7437222.0	226966.00341796875	3063.0	-129.359756097561	4243.0	-93.38414634146342	2657.0	3893.040293040293	2144.0	-5.1291866028708135	-7.253588516746412	4832.0	4780048.0	98.64146698095672	11.559808612440191	3032.0	
2579.0	12.119565217391305	1138.0	-3.543478260869565	-2.510869565217391	2484.0	-178.0	0.26686656671664166	-0.17991004497751123	158.0	23232.421875	-0.2368815592203898	-120.0	32.9721792090917	33973.0	-330.609756097561	10844.0	7437542.0	226975.76904296875	2935.0	-137.65243902439025	4515.0	-89.48170731707317	2638.0	3865.2014652014655	2084.0	-4.985645933014354	-6.784688995215311	4704.0	4780048.0	98.64146698095672	11.253588516746412	2836.0	
2527.0	11.66304347826087	1180.0	-2.9782608695652173	-2.717391304347826	2503.0	-178.0	0.26686656671664166	-0.17991004497751123	158.0	23242.1875	-0.2368815592203898	-120.0	32.9721792090917	33973.0	-328.26219512195127	10767.0	7437862.0	226985.53466796875	2693.0	-147.46951219512195	4837.0	-82.10365853658537	2641.0	3869.5970695970695	2144.0	-5.1291866028708135	-6.057416267942584	4508.0	4780048.0	98.64146698095672	10.78468899521531	2532.0	
2461.0	11.16304347826087	1226.0	-2.260869565217391	-2.402173913043478	2474.0	-185.0	0.2773613193403298	-0.1829085457271364	186.0	23251.953125	-0.2788605697151424	-122.0	32.9721792090917	33973.0	-330.64024390243907	10845.0	7438182.0	226995.30029296875	2725.0	-154.2378048780488	5059.0	-83.07926829268294	2630.0	3853.479853479854	2008.0	-4.803827751196172	-5.358851674641148	4260.0	4780048.0	98.64146698095672	10.191387559808613	2240.0	
2396.0	10.978260869565217	1243.0	-1.5543478260869565	-2.1630434782608696	2452.0	-193.0	0.2893553223388306	-0.1934032983508246	207.0	23261.71875	-0.3103448275862069	-129.0	32.9721792090917	33973.0	-328.75000000000006	10783.0	7438502.0	227005.06591796875	2864.0	-163.56707317073173	5365.0	-87.31707317073172	2638.0	3865.2014652014655	1904.0	-4.555023923444976	-4.507177033492823	4172.0	4780048.0	98.64146698095672	9.980861244019138	1884.0	
2326.0	10.608695652173912	1277.0	-0.7934782608695652	-1.7717391304347825	2416.0	-197.0	0.29535232383808097	-0.1889055472263868	232.0	23271.484375	-0.34782608695652173	-126.0	32.9721792090917	33973.0	-322.07317073170736	10564.0	7438822.0	227014.83154296875	3169.0	-170.2439024390244	5584.0	-96.6158536585366	2634.0	3859.3406593406594	1716.0	-4.105263157894736	-3.799043062200957	4012.0	4780288.0	98.63902507422948	9.598086124401913	1588.0	
2294.0	9.826086956521738	1349.0	-0.44565217391304346	-1.5108695652173914	2392.0	-207.0	0.3103448275862069	-0.19640179910044978	250.0	23281.25	-0.3748125937031484	-131.0	32.9721792090917	33973.0	-313.44512195121956	10281.0	7439142.0	227024.59716796875	3568.0	-176.31097560975613	5783.0	-108.78048780487806	2626.0	3847.6190476190477	1572.0	-3.7607655502392343	-3.177033492822966	3640.0	4780288.0	98.63902507422948	8.708133971291865	1328.0	
2255.0	9.097826086956522	1416.0	-0.021739130434782608	-1.1195652173913042	2356.0	-213.0	0.3193403298350824	-0.19040479760119938	278.0	23291.015625	-0.416791604197901	-127.0	32.9721792090917	33973.0	-307.6524390243903	10091.0	7439462.0	227034.36279296875	3975.0	-176.4329268292683	5787.0	-121.18902439024392	2638.0	3865.2014652014655	1376.0	-3.291866028708134	-2.727272727272727	3288.0	4780288.0	98.63902507422948	7.866028708133971	1140.0	
2221.0	8.67391304347826	1455.0	0.34782608695652173	-0.9239130434782609	2338.0	-223.0	0.33433283358320837	-0.17991004497751123	293.0	23300.78125	-0.43928035982008995	-120.0	32.9721792090917	33973.0	-304.4207317073171	9985.0	7439782.0	227044.12841796875	4148.0	-180.03048780487808	5905.0	-126.46341463414635	2650.0	3882.7838827838827	1360.0	-3.253588516746411	-2.2392344497607652	3108.0	4780288.0	98.63902507422948	7.435406698564593	936.0	
2180.0	8.456521739130434	1475.0	0.7934782608695652	-1.0434782608695652	2349.0	-227.0	0.3403298350824588	-0.1874062968515742	315.0	23310.546875	-0.472263868065967	-125.0	32.9721792090917	33973.0	-295.4268292682927	9690.0	7440102.0	227053.89404296875	4238.0	-178.81097560975613	5865.0	-129.20731707317074	2635.0	3860.805860805861	1332.0	-3.186602870813397	-1.6650717703349283	2984.0	4780288.0	98.63902507422948	7.1387559808612435	696.0	
2158.0	8.01086956521739	1516.0	1.0326086956521738	-0.4891304347826087	2298.0	-226.0	0.33883058470764615	-0.17091454272863568	334.0	23320.3125	-0.5007496251874063	-114.0	32.9721792090917	33973.0	-278.8719512195122	9147.0	7440422.0	227063.65966796875	4491.0	-171.25000000000003	5617.0	-136.9207317073171	2650.0	3882.7838827838827	1032.0	-2.4688995215311005	-1.3492822966507176	2704.0	4780192.0	98.64000183667375	6.4688995215311005	564.0	
2129.0	7.184782608695652	1592.0	1.3478260869565217	-0.40217391304347827	2290.0	-231.0	0.34632683658170915	-0.1649175412293853	356.0	23330.078125	-0.5337331334332833	-110.0	32.9721792090917	33973.0	-264.1768292682927	8665.0	7440742.0	227073.42529296875	4787.0	-160.6707317073171	5270.0	-145.94512195121953	2642.0	3871.062271062271	1036.0	-2.478468899521531	-1.215311004784689	2524.0	4780192.0	98.64000183667375	6.038277511961723	508.0	
2111.0	6.695652173913043	1637.0	1.5434782608695652	0.25	2230.0	-234.0	0.35082458770614694	-0.15442278860569714	370.0	23339.84375	-0.5547226386806596	-103.0	32.9721792090917	33973.0	-249.87804878048783	8196.0	7441062.0	227083.19091796875	5133.0	-143.2317073170732	4698.0	-156.4939024390244	2632.0	3856.4102564102564	796.0	-1.9043062200956937	-0.8899521531100478	2236.0	4780192.0	98.64000183667375	5.349282296650718	372.0	
2061.0	6.5978260869565215	1646.0	2.0869565217391304	0.7391304347826086	2185.0	-241.0	0.3613193403298351	-0.1409295352323838	389.0	23349.609375	-0.5832083958020989	-94.0	32.9721792090917	33973.0	-233.07926829268294	7645.0	7441382.0	227092.95654296875	5246.0	-142.0426829268293	4659.0	-159.93902439024393	2645.0	3875.4578754578756	620.0	-1.4832535885167464	-0.5454545454545454	2152.0	4780192.0	98.64000183667375	5.148325358851674	228.0	
1968.0	6.75	1632.0	3.0978260869565215	0.8478260869565217	2175.0	-233.0	0.3493253373313343	-0.13343328335832083	409.0	23359.375	-0.6131934032983508	-89.0	32.9721792090917	33973.0	-213.50609756097563	7003.0	7441702.0	227102.72216796875	5160.0	-151.34146341463415	4964.0	-157.31707317073173	2636.0	3862.2710622710624	532.0	-1.2727272727272727	0.6889952153110047	2180.0	4780192.0	98.64000183667375	5.215311004784689	-288.0	
1862.0	6.58695652173913	1647.0	4.25	1.1739130434782608	2145.0	-238.0	0.3568215892053973	-0.11244377811094453	420.0	23369.140625	-0.6296851574212894	-75.0	32.9721792090917	33973.0	-195.64024390243904	6417.0	7442022.0	227112.48779296875	5269.0	-152.5609756097561	5004.0	-160.64024390243904	2642.0	3871.062271062271	384.0	-0.9186602870813396	1.9808612440191387	2184.0	4780192.0	98.64000183667375	5.22488038277512	-828.0	
1804.0	6.380434782608695	1666.0	4.880434782608695	1.3478260869565217	2129.0	-244.0	0.3658170914542728	-0.10794602698650674	430.0	23378.90625	-0.6446776611694153	-72.0	32.9721792090917	33973.0	-179.14634146341464	5876.0	7442342.0	227122.25341796875	4785.0	-156.95121951219514	5148.0	-145.88414634146343	2652.0	3885.714285714286	376.0	-0.8995215311004784	2.909090909090909	2088.0	4780192.0	98.64000183667375	4.9952153110047846	-1216.0	
1766.0	6.315217391304348	1672.0	5.293478260869565	1.6304347826086956	2103.0	-249.0	0.3733133433283358	-0.08545727136431784	446.0	23388.671875	-0.6686656671664167	-57.0	32.9721792090917	33973.0	-161.95121951219514	5312.0	7442662.0	227132.01904296875	4054.0	-167.65243902439025	5499.0	-123.59756097560977	2636.0	3862.2710622710624	236.0	-0.5645933014354066	3.4449760765550237	2060.0	4780192.0	98.64000183667375	4.92822966507177	-1440.0	
1756.0	6.217391304347826	1681.0	5.4021739130434785	1.9782608695652173	2071.0	-240.0	0.35982008995502246	-0.06746626686656672	457.0	23398.4375	-0.6851574212893553	-45.0	32.9721792090917	33973.0	-146.46341463414635	4804.0	7442982.0	227141.78466796875	3706.0	-173.75000000000003	5699.0	-112.98780487804879	2640.0	3868.131868131868	36.0	-0.08612440191387559	3.69377990430622	2016.0	4780192.0	98.64000183667375	4.822966507177033	-1544.0	
1759.0	5.663043478260869	1732.0	5.369565217391304	2.0978260869565215	2060.0	-246.0	0.36881559220389803	-0.05547226386806597	469.0	23408.203125	-0.7031484257871065	-37.0	32.9721792090917	33973.0	-132.8048780487805	4356.0	7443302.0	227151.55029296875	3450.0	-175.51829268292684	5757.0	-105.1829268292683	2635.0	3860.805860805861	-60.0	0.14354066985645933	3.5598086124401913	1788.0	4780192.0	98.64000183667375	4.277511961722488	-1488.0	
1776.0	5.163043478260869	1778.0	5.184782608695652	1.8804347826086956	2080.0	-241.0	0.3613193403298351	-0.041979010494752625	478.0	23417.96875	-0.7166416791604198	-28.0	32.9721792090917	33973.0	-121.09756097560977	3972.0	7443622.0	227161.31591796875	3068.0	-170.03048780487808	5577.0	-93.53658536585367	2637.0	3863.736263736264	12.0	-0.028708133971291863	3.38755980861244	1544.0	4780336.0	98.63853669313065	3.69377990430622	-1416.0	
1788.0	4.967391304347826	1796.0	5.054347826086956	1.5652173913043477	2109.0	-236.0	0.3538230884557721	-0.038980509745127435	491.0	23427.734375	-0.7361319340329835	-26.0	32.9721792090917	33973.0	-112.8048780487805	3700.0	7443942.0	227171.08154296875	2700.0	-157.01219512195124	5150.0	-82.31707317073172	2628.0	3850.5494505494507	148.0	-0.354066985645933	3.2822966507177034	1468.0	4780336.0	98.63853669313065	3.511961722488038	-1372.0	
1776.0	4.923913043478261	1800.0	5.184782608695652	1.717391304347826	2095.0	-239.0	0.3583208395802099	-0.0239880059970015	496.0	23437.5	-0.7436281859070465	-16.0	32.9721792090917	33973.0	-104.1158536585366	3415.0	7444262.0	227180.84716796875	2353.0	-135.82317073170734	4455.0	-71.73780487804879	2623.0	3843.223443223443	32.0	-0.07655502392344497	3.38755980861244	1460.0	4780336.0	98.63853669313065	3.492822966507177	-1416.0	
1739.0	4.858695652173913	1806.0	5.58695652173913	2.119565217391304	2058.0	-228.0	0.34182908545727136	-0.014992503748125937	507.0	23447.265625	-0.760119940029985	-10.0	32.9721792090917	33973.0	-94.78658536585367	3109.0	7444582.0	227190.61279296875	2191.0	-115.76219512195124	3797.0	-66.79878048780489	2644.0	3873.992673992674	-128.0	0.3062200956937799	3.875598086124402	1404.0	4780336.0	98.63853669313065	3.3588516746411483	-1620.0	
1693.0	4.3478260869565215	1853.0	6.08695652173913	2.6956521739130435	2005.0	-232.0	0.34782608695652173	-0.01199400299850075	518.0	23457.03125	-0.7766116941529235	-8.0	32.9721792090917	33973.0	-85.91463414634147	2818.0	7444902.0	227200.37841796875	2110.0	-100.15243902439025	3285.0	-64.32926829268293	2654.0	3888.644688644689	-344.0	0.8229665071770335	4.535885167464115	1132.0	4780336.0	98.63853669313065	2.7081339712918657	-1896.0	
1639.0	3.858695652173913	1898.0	6.673913043478261	2.5978260869565215	2014.0	-226.0	0.33883058470764615	0.0074962518740629685	518.0	23466.796875	-0.7766116941529235	5.0	32.9721792090917	33973.0	-76.4939024390244	2509.0	7445222.0	227210.14404296875	1986.0	-90.64024390243904	2973.0	-60.54878048780488	2635.0	3860.805860805861	-312.0	0.7464114832535885	5.186602870813397	944.0	4780016.0	98.64179256867565	2.2583732057416266	-2168.0	
1588.0	4.032608695652174	1882.0	7.228260869565217	2.5760869565217392	2016.0	-224.0	0.335832083958021	0.0074962518740629685	523.0	23476.5625	-0.7841079460269865	5.0	32.9721792090917	33973.0	-67.10365853658537	2201.0	7445542.0	227219.90966796875	1928.0	-85.1219512195122	2792.0	-58.78048780487806	2639.0	3866.6666666666665	-288.0	0.6889952153110047	5.8086124401913874	1068.0	4780016.0	98.64179256867565	2.555023923444976	-2428.0	
1565.0	4.358695652173913	1852.0	7.478260869565217	2.4782608695652173	2025.0	-223.0	0.33433283358320837	0.022488755622188904	530.0	23486.328125	-0.7946026986506747	15.0	32.9721792090917	33973.0	-55.15243902439025	1809.0	7445862.0	227229.67529296875	1747.0	-79.14634146341464	2596.0	-53.26219512195122	2618.0	3835.897435897436	-300.0	0.7177033492822966	5.990430622009569	1148.0	4780016.0	98.64179256867565	2.7464114832535884	-2504.0	
1557.0	4.25	1862.0	7.565217391304348	2.5217391304347827	2021.0	-217.0	0.32533733133433285	0.026986506746626684	532.0	23496.09375	-0.7976011994002998	18.0	32.9721792090917	33973.0	-44.29878048780488	1453.0	7446182.0	227239.44091796875	1498.0	-73.10975609756098	2398.0	-45.670731707317074	2635.0	3860.805860805861	-268.0	0.6411483253588517	6.095693779904306	1180.0	4780016.0	98.64179256867565	2.8229665071770333	-2548.0	
1553.0	3.717391304347826	1911.0	7.608695652173913	2.630434782608696	2011.0	-220.0	0.3298350824587706	0.034482758620689655	538.0	23505.859375	-0.8065967016491754	23.0	32.9721792090917	33973.0	-36.3109756097561	1191.0	7446502.0	227249.20654296875	1439.0	-62.01219512195122	2034.0	-43.8719512195122	2645.0	3875.4578754578756	-336.0	0.8038277511961722	6.114832535885167	948.0	4780016.0	98.64179256867565	2.2679425837320575	-2556.0	
1556.0	3.5869565217391304	1923.0	7.576086956521739	2.0978260869565215	2060.0	-219.0	0.328335832083958	0.043478260869565216	539.0	23515.625	-0.808095952023988	29.0	32.9721792090917	33973.0	-31.493902439024392	1033.0	7446822.0	227258.97216796875	1468.0	-51.00609756097561	1673.0	-44.75609756097561	2636.0	3862.2710622710624	-200.0	0.4784688995215311	6.124401913875598	824.0	4780496.0	98.63690875672826	1.971291866028708	-2560.0	
1529.0	4.043478260869565	1881.0	7.869565217391304	1.75	2092.0	-210.0	0.3148425787106447	0.038980509745127435	549.0	23525.390625	-0.8230884557721139	26.0	32.9721792090917	33973.0	-28.10975609756098	922.0	7447142.0	227268.73779296875	1297.0	-34.420731707317074	1129.0	-39.54268292682927	2649.0	3881.3186813186812	80.0	-0.19138755980861244	6.287081339712919	1036.0	4780496.0	98.63690875672826	2.478468899521531	-2628.0	
1509.0	4.369565217391305	1851.0	8.08695652173913	1.8369565217391304	2084.0	-214.0	0.32083958020989506	0.046476761619190406	541.0	23535.15625	-0.8110944527736131	31.0	32.9721792090917	33973.0	-23.963414634146343	786.0	7447462.0	227278.50341796875	1190.0	-21.03658536585366	690.0	-36.28048780487805	2646.0	3876.923076923077	16.0	-0.03827751196172249	6.650717703349282	1172.0	4780496.0	98.63690875672826	2.803827751196172	-2780.0	
1484.0	4.706521739130435	1820.0	8.358695652173912	1.8152173913043477	2086.0	-209.0	0.31334332833583206	0.047976011994003	549.0	23544.921875	-0.8230884557721139	32.0	32.9721792090917	33973.0	-19.32926829268293	634.0	7447782.0	227288.26904296875	974.0	-17.103658536585368	561.0	-29.695121951219516	2650.0	3882.7838827838827	60.0	-0.14354066985645933	7.0047846889952154	1296.0	4780496.0	98.63690875672826	3.1004784688995213	-2928.0	
1462.0	4.858695652173913	1806.0	8.597826086956522	1.684782608695652	2098.0	-214.0	0.32083958020989506	0.05547226386806597	544.0	23554.6875	-0.815592203898051	37.0	32.9721792090917	33973.0	-16.25	533.0	7448102.0	227298.03466796875	928.0	-10.457317073170733	343.0	-28.292682926829272	2638.0	3865.2014652014655	88.0	-0.21052631578947367	7.282296650717703	1444.0	4780496.0	98.63690875672826	3.4545454545454546	-3044.0	
1453.0	5.184782608695652	1776.0	8.695652173913043	1.1630434782608696	2146.0	-215.0	0.32233883058470764	0.04947526236881559	551.0	23564.453125	-0.8260869565217391	33.0	32.9721792090917	33973.0	-10.213414634146343	335.0	7448422.0	227307.80029296875	441.0	-7.713414634146342	253.0	-13.445121951219514	2635.0	3860.805860805861	372.0	-0.8899521531100478	7.330143540669856	1588.0	4780592.0	98.63593199532527	3.799043062200957	-3064.0	
1440.0	5.25	1770.0	8.83695652173913	1.1195652173913042	2150.0	-210.0	0.3148425787106447	0.046476761619190406	551.0	23574.21875	-0.8260869565217391	31.0	32.9721792090917	33973.0	-8.231707317073171	270.0	7448742.0	227317.56591796875	272.0	1.1585365853658538	-38.0	-8.292682926829269	2645.0	3875.4578754578756	368.0	-0.8803827751196172	7.588516746411483	1608.0	4780592.0	98.63593199532527	3.8468899521531097	-3172.0	
1426.0	4.989130434782608	1794.0	8.98913043478261	1.0	2161.0	-218.0	0.3268365817091454	0.05397301349325337	545.0	23583.984375	-0.8170914542728636	36.0	32.9721792090917	33973.0	-2.530487804878049	83.0	7449062.0	227327.33154296875	82.0	2.7439024390243905	-90.0	-2.5000000000000004	2634.0	3859.3406593406594	432.0	-1.0334928229665072	7.617224880382775	1484.0	4780592.0	98.63593199532527	3.5502392344497604	-3184.0	
1430.0	4.8478260869565215	1807.0	8.945652173913043	0.5434782608695652	2203.0	-217.0	0.32533733133433285	0.05547226386806597	549.0	23593.75	-0.8230884557721139	37.0	32.9721792090917	33973.0	-0.7621951219512196	25.0	7449382.0	227337.09716796875	-64.0	8.01829268292683	-263.0	1.9512195121951221	2620.0	3838.827838827839	628.0	-1.5023923444976075	7.655502392344498	1452.0	4780592.0	98.63593199532527	3.4736842105263155	-3200.0	
1421.0	4.967391304347826	1796.0	9.043478260869565	0.13043478260869565	2241.0	-217.0	0.32533733133433285	0.06146926536731634	545.0	23603.515625	-0.8170914542728636	41.0	32.9721792090917	33973.0	-1.7682926829268295	58.0	7449702.0	227346.86279296875	-121.0	15.79268292682927	-518.0	3.689024390243903	2645.0	3875.4578754578756	836.0	-2.0	7.732057416267942	1500.0	4780592.0	98.63593199532527	3.588516746411483	-3232.0	
1400.0	5.054347826086956	1788.0	9.271739130434783	-0.15217391304347827	2267.0	-214.0	0.32083958020989506	0.05397301349325337	552.0	23613.28125	-0.8275862068965517	36.0	32.9721792090917	33973.0	-3.2012195121951224	105.0	7450022.0	227356.62841796875	-125.0	21.707317073170735	-712.0	3.810975609756098	2653.0	3887.1794871794873	1016.0	-2.430622009569378	8.066985645933014	1572.0	4780352.0	98.63837389944929	3.7607655502392343	-3372.0	
1372.0	5.282608695652174	1767.0	9.576086956521738	-0.44565217391304346	2294.0	-215.0	0.32233883058470764	0.05547226386806597	556.0	23623.046875	-0.833583208395802	37.0	32.9721792090917	33973.0	-5.000000000000001	164.0	7450342.0	227366.39404296875	-114.0	23.353658536585368	-766.0	3.4756097560975614	2629.0	3852.0146520146523	1072.0	-2.5645933014354068	8.440191387559809	1644.0	4780352.0	98.63837389944929	3.9330143540669855	-3528.0	
1347.0	5.33695652173913	1762.0	9.847826086956522	-0.21739130434782608	2273.0	-220.0	0.3298350824587706	0.05547226386806597	543.0	23632.8125	-0.8140929535232384	37.0	32.9721792090917	33973.0	-5.884146341463415	193.0	7450662.0	227376.15966796875	-35.0	20.762195121951223	-681.0	1.0670731707317074	2651.0	3884.2490842490843	1020.0	-2.4401913875598087	8.669856459330143	1660.0	4780352.0	98.63837389944929	3.9712918660287078	-3624.0	
1332.0	5.369565217391304	1759.0	10.01086956521739	-0.17391304347826086	2269.0	-220.0	0.3298350824587706	0.05547226386806597	542.0	23642.578125	-0.8125937031484257	37.0	32.9721792090917	33973.0	-5.426829268292684	178.0	7450982.0	227385.92529296875	42.0	13.079268292682928	-429.0	-1.2804878048780488	2619.0	3837.3626373626375	992.0	-2.373205741626794	8.889952153110048	1652.0	4780352.0	98.63837389944929	3.952153110047847	-3716.0	
1334.0	5.521739130434782	1745.0	9.989130434782608	-0.33695652173913043	2284.0	-217.0	0.32533733133433285	0.06446776611694152	548.0	23652.34375	-0.8215892053973013	43.0	32.9721792090917	33973.0	-4.420731707317073	145.0	7451302.0	227395.69091796875	85.0	6.829268292682928	-224.0	-2.5914634146341466	2636.0	3862.2710622710624	1016.0	-2.430622009569378	8.880382775119617	1712.0	4780352.0	98.63837389944929	4.095693779904306	-3712.0	
1353.0	5.521739130434782	1745.0	9.782608695652174	-0.33695652173913043	2284.0	-213.0	0.3193403298350824	0.05397301349325337	544.0	23662.109375	-0.815592203898051	36.0	32.9721792090917	33973.0	-3.8414634146341466	126.0	7451622.0	227405.45654296875	96.0	8.567073170731708	-281.0	-2.9268292682926833	2636.0	3862.2710622710624	1040.0	-2.488038277511962	8.602870813397129	1752.0	4780368.0	98.63821110577709	4.1913875598086126	-3596.0	
1367.0	5.184782608695652	1776.0	9.630434782608695	-0.010869565217391304	2254.0	-219.0	0.328335832083958	0.05697151424287856	546.0	23671.875	-0.8185907046476761	38.0	32.9721792090917	33973.0	-3.536585365853659	116.0	7451942.0	227415.22216796875	71.0	13.871951219512196	-455.0	-2.164634146341464	2636.0	3862.2710622710624	908.0	-2.172248803827751	8.392344497607656	1632.0	4780368.0	98.63821110577709	3.9043062200956937	-3508.0	
1358.0	5.043478260869565	1789.0	9.728260869565217	0.31521739130434784	2224.0	-220.0	0.3298350824587706	0.06146926536731634	542.0	23681.640625	-0.8125937031484257	41.0	32.9721792090917	33973.0	-3.0182926829268295	99.0	7452262.0	227424.98779296875	81.0	14.359756097560977	-471.0	-2.4695121951219514	2650.0	3882.7838827838827	760.0	-1.8181818181818181	8.411483253588516	1544.0	4780368.0	98.63821110577709	3.69377990430622	-3516.0	
1367.0	5.282608695652174	1767.0	9.630434782608695	0.31521739130434784	2224.0	-226.0	0.33883058470764615	0.05997001499250375	545.0	23691.40625	-0.8170914542728636	40.0	32.9721792090917	33973.0	-1.3109756097560976	43.0	7452582.0	227434.75341796875	49.0	14.085365853658537	-462.0	-1.4939024390243905	2646.0	3876.923076923077	744.0	-1.7799043062200957	8.440191387559809	1600.0	4780368.0	98.63821110577709	3.827751196172249	-3528.0	
1375.0	5.304347826086956	1765.0	9.543478260869565	0.3913043478260869	2217.0	-222.0	0.3328335832083958	0.06896551724137931	542.0	23701.171875	-0.8125937031484257	46.0	32.9721792090917	33973.0	1.676829268292683	-55.0	7452902.0	227444.51904296875	21.0	16.676829268292686	-547.0	-0.6402439024390244	2644.0	3873.992673992674	692.0	-1.6555023923444976	8.344497607655502	1620.0	4780368.0	98.63821110577709	3.875598086124402	-3488.0	
1390.0	5.021739130434782	1791.0	9.380434782608695	0.717391304347826	2187.0	-224.0	0.335832083958021	0.07196401799100449	541.0	23710.9375	-0.8110944527736131	48.0	32.9721792090917	33973.0	3.8719512195121957	-127.0	7453222.0	227454.28466796875	-36.0	20.823170731707318	-683.0	1.0975609756097562	2643.0	3872.5274725274726	552.0	-1.3205741626794258	8.220095693779903	1496.0	4780256.0	98.63935066167436	3.5789473684210527	-3436.0	
1391.0	4.913043478260869	1801.0	9.369565217391305	0.8913043478260869	2171.0	-227.0	0.3403298350824588	0.05397301349325337	539.0	23720.703125	-0.808095952023988	36.0	32.9721792090917	33973.0	6.737804878048781	-221.0	7453542.0	227464.05029296875	-71.0	24.695121951219516	-810.0	2.164634146341464	2632.0	3856.4102564102564	460.0	-1.1004784688995215	8.105263157894736	1452.0	4780256.0	98.63935066167436	3.4736842105263155	-3388.0	
1392.0	4.8478260869565215	1807.0	9.358695652173912	1.0108695652173914	2160.0	-220.0	0.3298350824587706	0.05697151424287856	540.0	23730.46875	-0.8095952023988006	38.0	32.9721792090917	33973.0	10.060975609756099	-330.0	7453862.0	227473.81591796875	-138.0	26.463414634146343	-868.0	4.207317073170732	2643.0	3872.5274725274726	416.0	-0.9952153110047847	8.17224880382775	1436.0	4780256.0	98.63935066167436	3.4354066985645932	-3416.0	
1388.0	4.804347826086956	1811.0	9.402173913043478	1.0978260869565217	2152.0	-229.0	0.34332833583208394	0.05547226386806597	538.0	23740.234375	-0.8065967016491754	37.0	32.9721792090917	33973.0	13.78048780487805	-452.0	7454182.0	227483.58154296875	-196.0	27.5609756097561	-904.0	5.975609756097562	2634.0	3859.3406593406594	368.0	-0.8803827751196172	8.095693779904305	1392.0	4780256.0	98.63935066167436	3.3301435406698565	-3384.0	
1414.0	4.684782608695652	1822.0	9.119565217391305	1.0869565217391304	2153.0	-231.0	0.34632683658170915	0.05847076461769115	534.0	23750.0	-0.800599700149925	39.0	32.9721792090917	33973.0	18.10975609756098	-594.0	7454502.0	227493.34716796875	-238.0	28.84146341463415	-946.0	7.25609756097561	2626.0	3847.6190476190477	384.0	-0.9186602870813396	7.84688995215311	1344.0	4780256.0	98.63935066167436	3.215311004784689	-3280.0	
1435.0	4.576086956521739	1832.0	8.891304347826086	1.2282608695652173	2140.0	-228.0	0.34182908545727136	0.06296851574212893	538.0	23759.765625	-0.8065967016491754	42.0	32.9721792090917	33973.0	23.50609756097561	-771.0	7454822.0	227503.11279296875	-282.0	34.60365853658537	-1135.0	8.597560975609756	2639.0	3866.6666666666665	324.0	-0.7751196172248803	7.521531100478469	1296.0	4780288.0	98.63902507422948	3.1004784688995213	-3144.0	
1460.0	4.358695652173913	1852.0	8.619565217391305	1.467391304347826	2118.0	-230.0	0.3448275862068965	0.050974512743628186	537.0	23769.53125	-0.8050974512743628	34.0	32.9721792090917	33973.0	27.926829268292686	-916.0	7455142.0	227512.87841796875	-299.0	42.65243902439025	-1399.0	9.115853658536587	2654.0	3888.644688644689	228.0	-0.5454545454545454	7.263157894736842	1188.0	4780288.0	98.63902507422948	2.8421052631578947	-3036.0	
1482.0	4.304347826086956	1857.0	8.380434782608695	1.4891304347826086	2116.0	-233.0	0.3493253373313343	0.06446776611694152	537.0	23779.296875	-0.8050974512743628	43.0	32.9721792090917	33973.0	33.07926829268293	-1085.0	7455462.0	227522.64404296875	-352.0	48.8719512195122	-1603.0	10.731707317073171	2628.0	3850.5494505494507	172.0	-0.41148325358851673	7.119617224880383	1172.0	4780288.0	98.63902507422948	2.803827751196172	-2976.0	
1508.0	4.206521739130435	1866.0	8.097826086956522	1.7065217391304348	2096.0	-230.0	0.3448275862068965	0.047976011994003	535.0	23789.0625	-0.8020989505247376	32.0	32.9721792090917	33973.0	38.38414634146342	-1259.0	7455782.0	227532.40966796875	-377.0	55.09146341463415	-1807.0	11.49390243902439	2657.0	3893.040293040293	136.0	-0.3253588516746411	6.8708133971291865	1148.0	4780288.0	98.63902507422948	2.7464114832535884	-2872.0	
1537.0	4.163043478260869	1870.0	7.782608695652174	1.576086956521739	2108.0	-231.0	0.34632683658170915	0.046476761619190406	527.0	23798.828125	-0.7901049475262368	31.0	32.9721792090917	33973.0	44.75609756097561	-1468.0	7456102.0	227542.17529296875	-415.0	59.29878048780488	-1945.0	12.652439024390246	2627.0	3849.084249084249	140.0	-0.33492822966507174	6.555023923444976	1084.0	4780288.0	98.63902507422948	2.5933014354066986	-2740.0	
1565.0	4.326086956521739	1855.0	7.478260869565217	1.4130434782608696	2123.0	-240.0	0.35982008995502246	0.046476761619190406	527.0	23808.59375	-0.7901049475262368	31.0	32.9721792090917	33973.0	50.73170731707317	-1664.0	7456422.0	227551.94091796875	-475.0	67.13414634146342	-2202.0	14.481707317073171	2638.0	3865.2014652014655	200.0	-0.4784688995215311	6.105263157894736	1148.0	4780544.0	98.63642037598568	2.7464114832535884	-2552.0	
1593.0	4.532608695652174	1836.0	7.173913043478261	1.2934782608695652	2134.0	-235.0	0.3523238380809595	0.035982008995502246	527.0	23818.359375	-0.7901049475262368	24.0	32.9721792090917	33973.0	57.743902439024396	-1894.0	7456742.0	227561.70654296875	-589.0	78.59756097560977	-2578.0	17.957317073170735	2639.0	3866.6666666666665	264.0	-0.631578947368421	5.70334928229665	1240.0	4780544.0	98.63642037598568	2.9665071770334928	-2384.0	
1612.0	4.467391304347826	1842.0	6.967391304347826	1.3695652173913042	2127.0	-245.0	0.36731634182908546	0.04497751124437781	518.0	23828.125	-0.7766116941529235	30.0	32.9721792090917	33973.0	65.54878048780489	-2150.0	7457062.0	227571.47216796875	-680.0	91.28048780487806	-2994.0	20.731707317073173	2635.0	3860.805860805861	240.0	-0.5741626794258373	5.454545454545454	1252.0	4780544.0	98.63642037598568	2.9952153110047846	-2280.0	
1609.0	4.293478260869565	1858.0	7.0	1.5652173913043477	2109.0	-247.0	0.3703148425787106	0.03298350824587706	518.0	23837.890625	-0.7766116941529235	22.0	32.9721792090917	33973.0	73.68902439024392	-2417.0	7457382.0	227581.23779296875	-727.0	101.46341463414635	-3328.0	22.164634146341466	2652.0	3885.714285714286	172.0	-0.41148325358851673	5.339712918660287	1172.0	4780544.0	98.63642037598568	2.803827751196172	-2232.0	
1628.0	4.25	1862.0	6.793478260869565	1.6739130434782608	2099.0	-244.0	0.3658170914542728	0.020989505247376312	510.0	23847.65625	-0.7646176911544228	14.0	32.9721792090917	33973.0	81.06707317073172	-2659.0	7457702.0	227591.00341796875	-803.0	108.59756097560977	-3562.0	24.481707317073173	2652.0	3885.714285714286	112.0	-0.2679425837320574	5.196172248803827	1132.0	4780544.0	98.63642037598568	2.7081339712918657	-2172.0	
1650.0	4.228260869565217	1864.0	6.554347826086956	1.608695652173913	2105.0	-245.0	0.36731634182908546	0.022488755622188904	505.0	23857.421875	-0.7571214392803598	15.0	32.9721792090917	33973.0	89.75609756097562	-2944.0	7458022.0	227600.76904296875	-896.0	114.81707317073172	-3766.0	27.31707317073171	2639.0	3866.6666666666665	152.0	-0.36363636363636365	4.966507177033493	1136.0	4780192.0	98.64000183667375	2.7177033492822966	-2076.0	
1686.0	4.358695652173913	1852.0	6.163043478260869	1.2717391304347825	2136.0	-261.0	0.3913043478260869	0.013493253373313342	496.0	23867.1875	-0.7436281859070465	9.0	32.9721792090917	33973.0	99.66463414634147	-3269.0	7458342.0	227610.53466796875	-932.0	121.09756097560977	-3972.0	28.414634146341466	2640.0	3868.131868131868	300.0	-0.7177033492822966	4.583732057416268	1164.0	4780192.0	98.64000183667375	2.784688995215311	-1916.0	
1720.0	4.4021739130434785	1848.0	5.793478260869565	0.6195652173913043	2196.0	-265.0	0.39730134932533734	0.014992503748125937	485.0	23876.953125	-0.7271364317841079	10.0	32.9721792090917	33973.0	109.23780487804879	-3583.0	7458662.0	227620.30029296875	-933.0	128.47560975609758	-4214.0	28.445121951219516	2626.0	3847.6190476190477	576.0	-1.3779904306220094	4.095693779904306	1196.0	4780192.0	98.64000183667375	2.861244019138756	-1712.0	
1763.0	4.576086956521739	1832.0	5.326086956521739	0.21739130434782608	2233.0	-264.0	0.3958020989505247	-0.0029985007496251873	472.0	23886.71875	-0.7076461769115442	-2.0	32.9721792090917	33973.0	117.53048780487806	-3855.0	7458982.0	227630.06591796875	-985.0	142.6219512195122	-4678.0	30.030487804878053	2639.0	3866.6666666666665	736.0	-1.7607655502392343	3.5598086124401913	1272.0	4780192.0	98.64000183667375	3.0430622009569377	-1488.0	
1780.0	4.6521739130434785	1825.0	5.141304347826087	-0.07608695652173914	2260.0	-277.0	0.41529235382308843	-0.0074962518740629685	476.0	23896.484375	-0.7136431784107946	-5.0	32.9721792090917	33973.0	125.3048780487805	-4110.0	7459302.0	227639.83154296875	-1067.0	158.90243902439025	-5212.0	32.53048780487805	2631.0	3854.945054945055	860.0	-2.0574162679425836	3.263157894736842	1296.0	4780192.0	98.64000183667375	3.1004784688995213	-1364.0	
1798.0	4.793478260869565	1812.0	4.945652173913043	-0.3804347826086956	2288.0	-273.0	0.40929535232383807	-0.014992503748125937	460.0	23906.25	-0.689655172413793	-10.0	32.9721792090917	33973.0	132.34756097560978	-4341.0	7459622.0	227649.59716796875	-1209.0	169.87804878048783	-5572.0	36.85975609756098	2624.0	3844.6886446886447	1012.0	-2.4210526315789473	3.129186602870813	1376.0	4780432.0	98.63755993117961	3.291866028708134	-1308.0	
1808.0	5.08695652173913	1785.0	4.83695652173913	-0.358695652173913	2286.0	-277.0	0.41529235382308843	-0.019490254872563718	450.0	23916.015625	-0.6746626686656672	-13.0	32.9721792090917	33973.0	138.90243902439025	-4556.0	7459942.0	227659.36279296875	-1318.0	177.9878048780488	-5838.0	40.1829268292683	2652.0	3885.714285714286	1060.0	-2.5358851674641145	2.9952153110047846	1516.0	4780432.0	98.63755993117961	3.626794258373206	-1252.0	
1815.0	5.358695652173913	1760.0	4.760869565217392	-0.6086956521739131	2309.0	-277.0	0.41529235382308843	-0.0239880059970015	441.0	23925.78125	-0.6611694152923538	-16.0	32.9721792090917	33973.0	147.71341463414635	-4845.0	7460262.0	227669.12841796875	-1414.0	181.12804878048783	-5941.0	43.10975609756098	2653.0	3887.1794871794873	1180.0	-2.8229665071770333	2.813397129186603	1608.0	4780432.0	98.63755993117961	3.8468899521531097	-1176.0	
1844.0	5.630434782608695	1735.0	4.445652173913043	-1.0217391304347825	2347.0	-289.0	0.4332833583208396	-0.047976011994003	426.0	23935.546875	-0.6386806596701649	-32.0	32.9721792090917	33973.0	157.22560975609758	-5157.0	7460582.0	227678.89404296875	-1564.0	179.39024390243904	-5884.0	47.6829268292683	2630.0	3853.479853479854	1288.0	-3.0813397129186604	2.7464114832535884	1680.0	4780432.0	98.63755993117961	4.019138755980861	-1148.0	
1879.0	5.923913043478261	1708.0	4.065217391304348	-1.25	2368.0	-288.0	0.43178410794602695	-0.047976011994003	412.0	23945.3125	-0.6176911544227885	-32.0	32.9721792090917	33973.0	166.5548780487805	-5463.0	7460902.0	227688.65966796875	-1668.0	179.20731707317074	-5878.0	50.85365853658537	2626.0	3847.6190476190477	1440.0	-3.4449760765550237	2.2870813397129184	1840.0	4780432.0	98.63755993117961	4.401913875598086	-956.0	
1925.0	6.228260869565217	1680.0	3.5652173913043477	-1.3695652173913042	2379.0	-287.0	0.4302848575712144	-0.05847076461769115	400.0	23955.078125	-0.5997001499250375	-39.0	32.9721792090917	33973.0	175.609756097561	-5760.0	7461222.0	227698.42529296875	-1799.0	184.1158536585366	-6039.0	54.84756097560976	2616.0	3832.967032967033	1464.0	-3.5023923444976077	1.69377990430622	1984.0	4780464.0	98.63723434393566	4.746411483253588	-708.0	
1953.0	6.380434782608695	1666.0	3.260869565217391	-1.4130434782608696	2383.0	-288.0	0.43178410794602695	-0.06146926536731634	386.0	23964.84375	-0.5787106446776612	-41.0	32.9721792090917	33973.0	185.4878048780488	-6084.0	7461542.0	227708.19091796875	-1945.0	190.27439024390245	-6241.0	59.29878048780488	2633.0	3857.875457875458	1488.0	-3.5598086124401913	1.2344497607655502	2060.0	4780464.0	98.63723434393566	4.92822966507177	-516.0	
1972.0	6.521739130434782	1653.0	3.0543478260869565	-1.75	2414.0	-294.0	0.4407796101949025	-0.06446776611694152	363.0	23974.609375	-0.5442278860569715	-43.0	32.9721792090917	33973.0	195.91463414634148	-6426.0	7461862.0	227717.95654296875	-2115.0	190.3658536585366	-6244.0	64.48170731707317	2653.0	3887.1794871794873	1652.0	-3.952153110047847	0.8612440191387559	2100.0	4780464.0	98.63723434393566	5.023923444976076	-360.0	
2008.0	6.967391304347826	1612.0	2.6630434782608696	-2.2282608695652173	2458.0	-294.0	0.4407796101949025	-0.07346326836581708	354.0	23984.375	-0.5307346326836582	-49.0	32.9721792090917	33973.0	205.3658536585366	-6736.0	7462182.0	227727.72216796875	-2286.0	189.20731707317074	-6206.0	69.69512195121952	2629.0	3852.0146520146523	1868.0	-4.4688995215311005	0.5454545454545454	2304.0	4780464.0	98.63723434393566	5.511961722488038	-228.0	
2033.0	7.521739130434782	1561.0	2.391304347826087	-2.8369565217391304	2514.0	-288.0	0.43178410794602695	-0.07496251874062969	330.0	23994.140625	-0.4947526236881559	-50.0	32.9721792090917	33973.0	216.6768292682927	-7107.0	7462502.0	227737.48779296875	-2243.0	188.84146341463418	-6194.0	68.38414634146342	2654.0	3888.644688644689	2088.0	-4.9952153110047846	0.028708133971291863	2548.0	4780464.0	98.63723434393566	6.095693779904306	-12.0	
2071.0	7.902173913043478	1526.0	1.9782608695652173	-3.869565217391304	2609.0	-290.0	0.43478260869565216	-0.08545727136431784	322.0	24003.90625	-0.48275862068965514	-57.0	32.9721792090917	33973.0	229.08536585365854	-7514.0	7462822.0	227747.25341796875	-2085.0	183.9329268292683	-6033.0	63.56707317073171	2654.0	3888.644688644689	2704.0	-6.4688995215311005	-0.354066985645933	2716.0	4780368.0	98.63821110577709	6.497607655502392	148.0	
2119.0	8.184782608695652	1500.0	1.4565217391304348	-4.130434782608695	2633.0	-290.0	0.43478260869565216	-0.08545727136431784	322.0	24013.671875	-0.48275862068965514	-57.0	32.9721792090917	33973.0	235.76219512195124	-7733.0	7463142.0	227757.01904296875	-1902.0	189.78658536585368	-6225.0	57.987804878048784	2636.0	3862.2710622710624	2748.0	-6.574162679425837	-0.9186602870813396	2888.0	4780368.0	98.63821110577709	6.909090909090909	384.0	
2182.0	8.369565217391305	1483.0	0.7717391304347826	-3.5978260869565215	2584.0	-291.0	0.43628185907046474	-0.0944527736131934	305.0	24023.4375	-0.45727136431784104	-63.0	32.9721792090917	33973.0	240.24390243902442	-7880.0	7463462.0	227766.78466796875	-1765.0	200.15243902439028	-6565.0	53.8109756097561	2643.0	3872.5274725274726	2460.0	-5.885167464114832	-1.7511961722488039	2964.0	4780368.0	98.63821110577709	7.090909090909091	732.0	
2218.0	8.17391304347826	1501.0	0.3804347826086956	-3.1956521739130435	2547.0	-291.0	0.43628185907046474	-0.0944527736131934	305.0	24033.203125	-0.45727136431784104	-63.0	32.9721792090917	33973.0	247.37804878048783	-8114.0	7463782.0	227776.55029296875	-1766.0	202.9878048780488	-6658.0	53.84146341463415	2637.0	3863.736263736264	2328.0	-5.569377990430622	-2.2392344497607652	2880.0	4780368.0	98.63821110577709	6.889952153110047	936.0	
2248.0	7.869565217391304	1529.0	0.05434782608695652	-2.75	2506.0	-284.0	0.4257871064467766	-0.09745127436281859	269.0	24042.96875	-0.4032983508245877	-65.0	32.9721792090917	33973.0	255.18292682926833	-8370.0	7464102.0	227786.31591796875	-1675.0	200.5487804878049	-6578.0	51.06707317073171	2642.0	3871.062271062271	2116.0	-5.062200956937799	-2.61244019138756	2740.0	4780368.0	98.63821110577709	6.555023923444976	1092.0	
2287.0	7.923913043478261	1524.0	-0.3695652173913043	-2.793478260869565	2510.0	-281.0	0.4212893553223388	-0.09295352323838081	253.0	24052.734375	-0.3793103448275862	-62.0	32.9721792090917	33973.0	260.3963414634147	-8541.0	7464422.0	227796.08154296875	-1520.0	191.7378048780488	-6289.0	46.34146341463415	2655.0	3890.10989010989	2192.0	-5.244019138755981	-3.0813397129186604	2756.0	4780240.0	98.63951345541051	6.5933014354066986	1288.0	
2320.0	8.630434782608695	1459.0	-0.7282608695652174	-4.239130434782608	2643.0	-281.0	0.4212893553223388	-0.0914542728635682	229.0	24062.5	-0.34332833583208394	-61.0	32.9721792090917	33973.0	261.6158536585366	-8581.0	7464742.0	227805.84716796875	-1623.0	170.97560975609758	-5608.0	49.48170731707317	2623.0	3843.223443223443	2900.0	-6.937799043062201	-3.5215311004784686	3136.0	4780240.0	98.63951345541051	7.502392344497608	1472.0	
2389.0	9.83695652173913	1348.0	-1.4782608695652173	-4.413043478260869	2659.0	-277.0	0.41529235382308843	-0.08995502248875561	212.0	24072.265625	-0.31784107946026985	-60.0	32.9721792090917	33973.0	261.95121951219517	-8592.0	7465062.0	227815.61279296875	-1413.0	160.03048780487805	-5249.0	43.07926829268293	2641.0	3869.5970695970695	2888.0	-6.909090909090909	-4.6028708133971294	3736.0	4780240.0	98.63951345541051	8.937799043062201	1924.0	
2502.0	11.380434782608695	1206.0	-2.7065217391304346	-4.684782608695652	2684.0	-273.0	0.40929535232383807	-0.08545727136431784	193.0	24082.03125	-0.2893553223388306	-57.0	32.9721792090917	33973.0	268.9024390243903	-8820.0	7465382.0	227825.37841796875	-1451.0	152.01219512195124	-4986.0	44.237804878048784	2655.0	3890.10989010989	2924.0	-6.9952153110047846	-5.253588516746412	4084.0	4780240.0	98.63951345541051	9.770334928229664	2196.0	
2603.0	12.445652173913043	1108.0	-3.8043478260869565	-5.163043478260869	2728.0	-266.0	0.3988005997001499	-0.08095952023988005	179.0	24091.796875	-0.26836581709145424	-54.0	32.9721792090917	33973.0	284.1768292682927	-9321.0	7465702.0	227835.14404296875	-1535.0	141.9207317073171	-4655.0	46.79878048780488	2634.0	3859.3406593406594	3296.0	-7.885167464114832	-6.602870813397129	4688.0	4780240.0	98.63951345541051	11.215311004784688	2760.0	
2684.0	12.467391304347826	1106.0	-4.684782608695652	-4.5	2667.0	-262.0	0.39280359820089955	-0.07796101949025487	157.0	24101.5625	-0.2353823088455772	-52.0	32.9771503553784	33974.0	298.719512195122	-9798.0	7466022.0	227844.90966796875	-1279.0	145.51829268292684	-4773.0	38.993902439024396	2646.0	3876.923076923077	3020.0	-7.224880382775119	-7.760765550239234	4836.0	4780240.0	98.64035486082386	11.569377990430622	3244.0	
2756.0	11.76086956521739	1171.0	-5.467391304347826	-3.9782608695652173	2619.0	-258.0	0.3868065967016492	-0.06596701649175413	142.0	24111.328125	-0.2128935532233883	-44.0	32.9771503553784	33974.0	308.9939024390244	-10135.0	7466342.0	227854.67529296875	-1646.0	160.4878048780488	-5264.0	50.1829268292683	2645.0	3875.4578754578756	2660.0	-6.363636363636363	-8.660287081339712	4556.0	4780240.0	98.64035486082386	10.899521531100477	3620.0	
2793.0	11.065217391304348	1235.0	-5.869565217391304	-3.9456521739130435	2616.0	-254.0	0.38080959520239877	-0.05247376311844078	129.0	24121.09375	-0.1934032983508246	-35.0	32.9771503553784	33974.0	317.5914634146342	-10417.0	7466662.0	227864.44091796875	-2275.0	182.43902439024393	-5984.0	69.35975609756098	2637.0	3863.736263736264	2632.0	-6.296650717703349	-9.444976076555024	4216.0	4780240.0	98.64035486082386	10.086124401913874	3948.0	
2811.0	10.043478260869565	1329.0	-6.065217391304348	-4.543478260869565	2671.0	-254.0	0.38080959520239877	-0.038980509745127435	102.0	24130.859375	-0.15292353823088456	-26.0	32.9771503553784	33974.0	326.31097560975616	-10703.0	7466982.0	227874.20654296875	-2379.0	198.07926829268294	-6497.0	72.53048780487805	2635.0	3860.805860805861	2760.0	-6.602870813397129	-9.502392344497608	3808.0	4780240.0	98.64035486082386	9.110047846889952	3972.0	
2892.0	8.228260869565217	1496.0	-6.945652173913043	-3.608695652173913	2585.0	-241.0	0.3613193403298351	-0.038980509745127435	83.0	24140.625	-0.12443778110944527	-26.0	32.9771503553784	33974.0	323.7804878048781	-10620.0	7467302.0	227883.97216796875	-2381.0	241.55487804878052	-7923.0	72.59146341463415	2638.0	3865.2014652014655	2492.0	-5.961722488038277	-10.650717703349281	3012.0	4780240.0	98.64035486082386	7.205741626794258	4452.0	
2851.0	7.380434782608695	1574.0	-6.5	-1.6630434782608696	2406.0	-231.0	0.34632683658170915	-0.017991004497751123	78.0	24150.390625	-0.1169415292353823	-12.0	32.9771503553784	33974.0	322.9878048780488	-10594.0	7467622.0	227893.73779296875	-2778.0	236.21951219512198	-7748.0	84.69512195121952	2659.0	3895.970695970696	1768.0	-4.229665071770334	-10.373205741626794	2512.0	4779152.0	98.65142494594575	6.00956937799043	4336.0	
2836.0	7.434782608695652	1569.0	-6.33695652173913	-0.14130434782608695	2266.0	-223.0	0.33433283358320837	0.0	55.0	24160.15625	-0.08245877061469264	0.0	32.9771503553784	33974.0	323.26219512195127	-10603.0	7467942.0	227903.50341796875	-2994.0	202.9268292682927	-6656.0	91.28048780487806	2655.0	3890.10989010989	1192.0	-2.851674641148325	-9.837320574162678	2540.0	4779152.0	98.65142494594575	6.0765550239234445	4112.0	
2910.0	7.956521739130435	1521.0	-7.141304347826087	0.31521739130434784	2224.0	-210.0	0.3148425787106447	0.026986506746626684	40.0	24169.921875	-0.05997001499250375	18.0	32.9771503553784	33974.0	322.5304878048781	-10579.0	7468262.0	227913.26904296875	-2942.0	171.40243902439025	-5622.0	89.69512195121952	2644.0	3873.992673992674	880.0	-2.1052631578947367	-10.717703349282296	2784.0	4779152.0	98.65142494594575	6.660287081339713	4480.0	
3043.0	8.42391304347826	1478.0	-8.58695652173913	0.5543478260869565	2202.0	-197.0	0.29535232383808097	0.035982008995502246	28.0	24179.6875	-0.041979010494752625	24.0	32.9771503553784	33974.0	331.3719512195122	-10869.0	7468582.0	227923.03466796875	-3069.0	147.95731707317074	-4853.0	93.56707317073172	2639.0	3866.6666666666665	752.0	-1.7990430622009568	-12.382775119617225	2944.0	4779152.0	98.65142494594575	7.043062200956937	5176.0	
3172.0	8.67391304347826	1455.0	-9.989130434782608	0.532608695652174	2204.0	-189.0	0.2833583208395802	0.05697151424287856	12.0	24189.453125	-0.017991004497751123	38.0	32.9771503553784	33974.0	345.3048780487805	-11326.0	7468902.0	227932.80029296875	-3320.0	128.2317073170732	-4206.0	101.21951219512196	2632.0	3856.4102564102564	752.0	-1.7990430622009568	-14.143540669856458	3056.0	4779152.0	98.65142494594575	7.311004784688995	5912.0	
3293.0	8.847826086956522	1439.0	-11.304347826086957	0.41304347826086957	2215.0	-176.0	0.2638680659670165	0.07946026986506746	6.0	24199.21875	-0.008995502248875561	53.0	32.9771503553784	33974.0	350.64024390243907	-11501.0	7469222.0	227942.56591796875	-3495.0	112.37804878048782	-3686.0	106.5548780487805	2633.0	3857.875457875458	776.0	-1.8564593301435406	-15.655502392344497	3148.0	4779552.0	98.6473550568001	7.5311004784688995	6544.0	
3385.0	9.16304347826087	1410.0	-12.304347826086957	0.45652173913043476	2211.0	-172.0	0.2578710644677661	0.09895052473763118	-10.0	24208.984375	0.014992503748125937	66.0	32.9771503553784	33974.0	351.70731707317077	-11536.0	7469542.0	227952.33154296875	-3764.0	96.40243902439025	-3162.0	114.75609756097562	2655.0	3890.10989010989	812.0	-1.9425837320574162	-16.717703349282296	3336.0	4779552.0	98.6473550568001	7.980861244019138	6988.0	
3436.0	9.66304347826087	1364.0	-12.858695652173912	0.22826086956521738	2232.0	-169.0	0.25337331334332835	0.12293853073463268	-14.0	24218.75	0.020989505247376312	82.0	32.9771503553784	33974.0	351.6463414634147	-11534.0	7469862.0	227962.09716796875	-4071.0	82.89634146341464	-2719.0	124.1158536585366	2653.0	3887.1794871794873	900.0	-2.15311004784689	-17.38755980861244	3576.0	4779552.0	98.6473550568001	8.555023923444976	7268.0	
3512.0	10.293478260869565	1306.0	-13.684782608695652	0.2608695652173913	2229.0	-155.0	0.23238380809595202	0.15142428785607195	-24.0	24228.515625	0.035982008995502246	101.0	32.9771503553784	33974.0	353.81097560975616	-11605.0	7470182.0	227971.86279296875	-4295.0	66.92073170731707	-2195.0	130.94512195121953	2655.0	3890.10989010989	928.0	-2.2200956937799043	-18.27751196172249	3864.0	4779552.0	98.6473550568001	9.24401913875598	7640.0	
3539.0	10.782608695652174	1261.0	-13.978260869565217	-0.043478260869565216	2257.0	-156.0	0.2338830584707646	0.1664167916041979	-29.0	24238.28125	0.043478260869565216	111.0	32.9771503553784	33974.0	353.9329268292683	-11609.0	7470502.0	227981.62841796875	-4696.0	54.96951219512196	-1803.0	143.1707317073171	2650.0	3882.7838827838827	996.0	-2.3827751196172247	-18.421052631578945	3996.0	4779552.0	98.6473550568001	9.559808612440191	7700.0	
3529.0	11.021739130434783	1239.0	-13.869565217391305	-0.3804347826086956	2288.0	-155.0	0.23238380809595202	0.19640179910044978	-33.0	24248.046875	0.04947526236881559	131.0	32.9771503553784	33974.0	350.57926829268297	-11499.0	7470822.0	227991.39404296875	-5179.0	45.518292682926834	-1493.0	157.89634146341464	2634.0	3859.3406593406594	1124.0	-2.688995215311005	-18.421052631578945	4136.0	4779440.0	98.64849462518542	9.894736842105262	7700.0	
3479.0	10.858695652173912	1254.0	-13.326086956521738	-0.19565217391304346	2271.0	-148.0	0.22188905547226387	0.21739130434782608	-43.0	24257.8125	0.06446776611694152	145.0	32.9771503553784	33974.0	341.6463414634147	-11206.0	7471142.0	228001.15966796875	-5651.0	35.640243902439025	-1169.0	172.28658536585368	2655.0	3890.10989010989	1104.0	-2.6411483253588517	-17.913875598086122	4152.0	4779440.0	98.64849462518542	9.933014354066986	7488.0	
3391.0	10.402173913043478	1296.0	-12.369565217391305	-0.2608695652173913	2277.0	-147.0	0.22038980509745126	0.24287856071964017	-42.0	24267.578125	0.06296851574212893	162.0	32.9771503553784	33974.0	327.7743902439025	-10751.0	7471462.0	228010.92529296875	-5990.0	26.89024390243903	-882.0	182.6219512195122	2624.0	3844.6886446886447	1084.0	-2.5933014354066986	-16.8133971291866	4000.0	4779440.0	98.64849462518542	9.569377990430622	7028.0	
3292.0	9.782608695652174	1353.0	-11.293478260869565	0.05434782608695652	2248.0	-144.0	0.21589205397301348	0.27436281859070466	-51.0	24277.34375	0.07646176911544228	183.0	32.9771503553784	33974.0	307.31707317073176	-10080.0	7471782.0	228020.69091796875	-6235.0	18.262195121951223	-599.0	190.09146341463418	2641.0	3869.5970695970695	964.0	-2.3062200956937797	-15.655502392344497	3736.0	4779440.0	98.64849462518542	8.937799043062201	6544.0	
3203.0	9.195652173913043	1407.0	-10.326086956521738	0.2717391304347826	2228.0	-141.0	0.21139430284857572	0.2893553223388306	-43.0	24287.109375	0.06446776611694152	193.0	32.9771503553784	33974.0	281.7987804878049	-9243.0	7472102.0	228030.45654296875	-6388.0	9.664634146341465	-317.0	194.75609756097563	2633.0	3857.875457875458	812.0	-1.9425837320574162	-14.564593301435407	3436.0	4779440.0	98.64849462518542	8.220095693779903	6088.0	
3126.0	8.532608695652174	1468.0	-9.48913043478261	0.7934782608695652	2180.0	-145.0	0.21739130434782608	0.3088455772113943	-41.0	24296.875	0.06146926536731634	206.0	32.9771503553784	33974.0	252.07317073170734	-8268.0	7472422.0	228040.22216796875	-6465.0	1.6463414634146343	-54.0	197.10365853658539	2634.0	3859.3406593406594	628.0	-1.5023923444976075	-13.569377990430622	3196.0	4779728.0	98.64556430738459	7.645933014354067	5672.0	
3052.0	7.956521739130435	1521.0	-8.684782608695652	1.2826086956521738	2135.0	-143.0	0.2143928035982009	0.32233883058470764	-40.0	24306.640625	0.05997001499250375	215.0	32.9771503553784	33974.0	219.4207317073171	-7197.0	7472742.0	228049.98779296875	-6476.0	-7.835365853658537	257.0	197.43902439024393	2648.0	3879.8534798534797	384.0	-0.9186602870813396	-12.736842105263158	2924.0	4779728.0	98.64556430738459	6.9952153110047846	5324.0	
3022.0	7.130434782608695	1597.0	-8.358695652173912	1.7391304347826086	2093.0	-147.0	0.22038980509745126	0.33433283358320837	-43.0	24316.40625	0.06446776611694152	223.0	32.9771503553784	33974.0	185.76219512195124	-6093.0	7473062.0	228059.75341796875	-6283.0	-16.79878048780488	551.0	191.5548780487805	2629.0	3852.0146520146523	152.0	-0.36363636363636365	-12.133971291866029	2556.0	4779728.0	98.64556430738459	6.114832535885167	5072.0	
2996.0	6.282608695652174	1675.0	-8.076086956521738	1.934782608695652	2075.0	-146.0	0.21889055472263869	0.3448275862068965	-42.0	24326.171875	0.06296851574212893	230.0	32.9771503553784	33974.0	154.5426829268293	-5069.0	7473382.0	228069.51904296875	-5913.0	-24.939024390243905	818.0	180.27439024390245	2637.0	3863.736263736264	68.0	-0.16267942583732056	-11.770334928229664	2148.0	4779728.0	98.64556430738459	5.1387559808612435	4920.0	
2986.0	5.423913043478261	1754.0	-7.967391304347826	2.0760869565217392	2062.0	-147.0	0.22038980509745126	0.35532233883058467	-41.0	24335.9375	0.06146926536731634	237.0	32.9771503553784	33974.0	124.17682926829269	-4073.0	7473702.0	228079.28466796875	-5222.0	-28.62804878048781	939.0	159.20731707317074	2640.0	3868.131868131868	20.0	-0.04784688995215311	-11.598086124401913	1736.0	4779728.0	98.64556430738459	4.15311004784689	4848.0	
2973.0	4.760869565217392	1815.0	-7.826086956521739	2.141304347826087	2056.0	-147.0	0.22038980509745126	0.35532233883058467	-42.0	24345.703125	0.06296851574212893	237.0	32.9771503553784	33974.0	94.26829268292684	-3092.0	7474022.0	228089.05029296875	-4292.0	-29.78658536585366	977.0	130.85365853658539	2628.0	3850.5494505494507	-56.0	0.1339712918660287	-11.435406698564593	1420.0	4779568.0	98.64719226135301	3.3971291866028706	4780.0	
2925.0	4.434782608695652	1845.0	-7.304347826086956	2.152173913043478	2055.0	-159.0	0.2383808095952024	0.36431784107946025	-36.0	24355.46875	0.05397301349325337	243.0	32.9771503553784	33974.0	78.68902439024392	-2581.0	7474342.0	228098.81591796875	-3267.0	-27.83536585365854	913.0	99.60365853658537	2637.0	3863.736263736264	-84.0	0.20095693779904306	-10.650717703349281	1140.0	4779568.0	98.64719226135301	2.727272727272727	4452.0	
2944.0	4.239130434782608	1863.0	-7.510869565217391	2.3260869565217392	2039.0	-156.0	0.2338830584707646	0.3703148425787106	-32.0	24365.234375	0.047976011994003	247.0	32.9771503553784	33974.0	54.63414634146342	-1792.0	7474662.0	228108.58154296875	-1869.0	-32.43902439024391	1064.0	56.98170731707317	2626.0	3847.6190476190477	-168.0	0.4019138755980861	-11.129186602870814	1156.0	4779568.0	98.64719226135301	2.7655502392344498	4652.0	
2956.0	4.010869565217392	1884.0	-7.641304347826087	2.010869565217391	2068.0	-159.0	0.2383808095952024	0.36881559220389803	-29.0	24375.0	0.043478260869565216	246.0	32.9771503553784	33974.0	28.902439024390247	-948.0	7474982.0	228118.34716796875	-708.0	-26.82926829268293	880.0	21.585365853658537	2622.0	3841.758241758242	-36.0	0.08612440191387559	-11.186602870813397	1064.0	4779568.0	98.64719226135301	2.5454545454545454	4676.0	
2934.0	3.9782608695652173	1887.0	-7.4021739130434785	1.9891304347826086	2070.0	-165.0	0.24737631184407796	0.36431784107946025	-26.0	24384.765625	0.038980509745127435	243.0	32.9771503553784	33974.0	14.573170731707318	-478.0	7475302.0	228128.11279296875	112.0	-16.82926829268293	552.0	-3.414634146341464	2645.0	3875.4578754578756	4.0	-0.009569377990430622	-11.119617224880383	1036.0	4779568.0	98.64719226135301	2.478468899521531	4648.0	
2900.0	4.076086956521739	1878.0	-7.032608695652174	2.1739130434782608	2053.0	-157.0	0.2353823088455772	0.3748125937031484	-30.0	24394.53125	0.04497751124437781	250.0	32.9771503553784	33974.0	4.390243902439025	-144.0	7475622.0	228137.87841796875	1047.0	-7.439024390243903	244.0	-31.920731707317078	2654.0	3888.644688644689	-52.0	0.12440191387559808	-10.698564593301436	1040.0	4779760.0	98.6452387167005	2.488038277511962	4472.0	
2853.0	4.445652173913043	1844.0	-6.521739130434782	2.2065217391304346	2050.0	-162.0	0.24287856071964017	0.36431784107946025	-23.0	24404.296875	0.034482758620689655	243.0	32.9771503553784	33974.0	-7.408536585365854	243.0	7475942.0	228147.64404296875	1924.0	-1.2195121951219514	40.0	-58.65853658536586	2636.0	3862.2710622710624	-128.0	0.3062200956937799	-10.01913875598086	1188.0	4779760.0	98.6452387167005	2.8421052631578947	4188.0	
2815.0	4.8478260869565215	1807.0	-6.108695652173913	2.3043478260869565	2041.0	-169.0	0.25337331334332835	0.37631184407796103	-23.0	24414.0625	0.034482758620689655	251.0	32.9771503553784	33974.0	-18.597560975609756	610.0	7476262.0	228157.40966796875	2644.0	7.408536585365854	-243.0	-80.60975609756099	2651.0	3884.2490842490843	-120.0	0.28708133971291866	-9.492822966507177	1392.0	4779760.0	98.6452387167005	3.3301435406698565	3968.0	
2790.0	5.141304347826087	1780.0	-5.83695652173913	2.130434782608696	2057.0	-156.0	0.2338830584707646	0.3733133433283358	-29.0	24423.828125	0.043478260869565216	249.0	32.9771503553784	33974.0	-24.02439024390244	788.0	7476582.0	228167.17529296875	3212.0	15.823170731707318	-519.0	-97.92682926829269	2621.0	3840.2930402930406	-60.0	0.14354066985645933	-9.119617224880383	1528.0	4779760.0	98.6452387167005	3.6555023923444976	3812.0	
2763.0	5.467391304347826	1750.0	-5.543478260869565	2.0652173913043477	2063.0	-160.0	0.239880059970015	0.3748125937031484	-30.0	24433.59375	0.04497751124437781	250.0	32.9771503553784	33974.0	-27.926829268292686	916.0	7476902.0	228176.94091796875	3594.0	24.664634146341466	-809.0	-109.57317073170732	2636.0	3862.2710622710624	-36.0	0.08612440191387559	-8.822966507177034	1664.0	4779760.0	98.6452387167005	3.9808612440191387	3688.0	
2724.0	5.83695652173913	1716.0	-5.119565217391304	1.934782608695652	2075.0	-159.0	0.2383808095952024	0.3748125937031484	-26.0	24443.359375	0.038980509745127435	250.0	32.9771503553784	33974.0	-32.07317073170732	1052.0	7477222.0	228186.70654296875	3803.0	33.04878048780488	-1084.0	-115.94512195121952	2639.0	3866.6666666666665	0.0	0.0	-8.373205741626794	1800.0	4779984.0	98.64295958293505	4.30622009569378	3500.0	
2690.0	6.021739130434782	1699.0	-4.75	2.0	2069.0	-152.0	0.22788605697151423	0.37631184407796103	-33.0	24453.125	0.04947526236881559	251.0	32.9771503553784	33974.0	-35.0	1148.0	7477542.0	228196.47216796875	3836.0	39.90853658536586	-1309.0	-116.95121951219514	2635.0	3860.805860805861	28.0	-0.06698564593301436	-7.913875598086124	1944.0	4779984.0	98.64295958293505	4.650717703349282	3308.0	
2654.0	6.3478260869565215	1669.0	-4.358695652173913	1.967391304347826	2072.0	-148.0	0.22188905547226387	0.383808095952024	-30.0	24462.890625	0.04497751124437781	256.0	32.9771503553784	33974.0	-37.04268292682927	1215.0	7477862.0	228206.23779296875	3664.0	44.72560975609756	-1467.0	-111.70731707317074	2648.0	3879.8534798534797	32.0	-0.07655502392344497	-7.5406698564593295	2052.0	4779984.0	98.64295958293505	4.909090909090909	3152.0	
2648.0	6.630434782608695	1643.0	-4.293478260869565	1.9891304347826086	2070.0	-138.0	0.20689655172413793	0.3733133433283358	-30.0	24472.65625	0.04497751124437781	249.0	32.9771503553784	33974.0	-37.5	1230.0	7478182.0	228216.00341796875	3381.0	48.53658536585366	-1592.0	-103.07926829268294	2646.0	3876.923076923077	28.0	-0.06698564593301436	-7.330143540669856	2164.0	4779984.0	98.64295958293505	5.177033492822966	3064.0	
2642.0	6.706521739130435	1636.0	-4.228260869565217	2.217391304347826	2049.0	-135.0	0.20239880059970014	0.3778110944527736	-35.0	24482.421875	0.05247376311844078	252.0	32.9771503553784	33974.0	-37.6829268292683	1236.0	7478502.0	228225.76904296875	3005.0	51.03658536585366	-1674.0	-91.6158536585366	2657.0	3893.040293040293	-28.0	0.06698564593301436	-7.282296650717703	2212.0	4779984.0	98.64295958293505	5.291866028708133	3044.0	
2653.0	6.75	1632.0	-4.3478260869565215	2.141304347826087	2056.0	-139.0	0.2083958020989505	0.37631184407796103	-37.0	24492.1875	0.05547226386806597	251.0	32.9771503553784	33974.0	-37.53048780487805	1231.0	7478822.0	228235.53466796875	2592.0	52.22560975609757	-1713.0	-79.02439024390245	2631.0	3854.945054945055	-48.0	0.11483253588516745	-7.282296650717703	2256.0	4779728.0	98.64556430738459	5.3971291866028706	3044.0	
2651.0	6.641304347826087	1642.0	-4.326086956521739	2.2065217391304346	2050.0	-136.0	0.20389805097451275	0.38530734632683655	-36.0	24501.953125	0.05397301349325337	257.0	32.9771503553784	33974.0	-38.201219512195124	1253.0	7479142.0	228245.30029296875	2171.0	52.46951219512196	-1721.0	-66.18902439024392	2630.0	3853.479853479854	-64.0	0.15311004784688995	-7.349282296650717	2228.0	4779728.0	98.64556430738459	5.330143540669856	3072.0	
2656.0	6.630434782608695	1643.0	-4.380434782608695	2.2282608695652173	2048.0	-133.0	0.19940029985007496	0.38080959520239877	-31.0	24511.71875	0.046476761619190406	254.0	32.9771503553784	33974.0	-38.53658536585366	1264.0	7479462.0	228255.06591796875	1750.0	51.21951219512196	-1680.0	-53.35365853658537	2639.0	3866.6666666666665	-112.0	0.2679425837320574	-7.492822966507177	2184.0	4779728.0	98.64556430738459	5.22488038277512	3132.0	
2680.0	6.521739130434782	1653.0	-4.641304347826087	2.3043478260869565	2041.0	-129.0	0.1934032983508246	0.37631184407796103	-41.0	24521.484375	0.06146926536731634	251.0	32.9771503553784	33974.0	-40.57926829268293	1331.0	7479782.0	228264.83154296875	1445.0	47.07317073170732	-1544.0	-44.054878048780495	2625.0	3846.153846153846	-100.0	0.23923444976076555	-7.751196172248804	2144.0	4779728.0	98.64556430738459	5.1291866028708135	3240.0	
2709.0	6.434782608695652	1661.0	-4.956521739130435	2.3369565217391304	2038.0	-125.0	0.1874062968515742	0.37631184407796103	-40.0	24531.25	0.05997001499250375	251.0	32.9771503553784	33974.0	-43.04878048780488	1412.0	7480102.0	228274.59716796875	1177.0	43.018292682926834	-1411.0	-35.88414634146342	2621.0	3840.2930402930406	-160.0	0.3827751196172249	-8.057416267942584	2100.0	4779728.0	98.64556430738459	5.023923444976076	3368.0	
2726.0	6.358695652173913	1668.0	-5.141304347826087	2.4565217391304346	2027.0	-122.0	0.1829085457271364	0.37631184407796103	-47.0	24541.015625	0.0704647676161919	251.0	32.9771503553784	33974.0	-45.64024390243903	1497.0	7480422.0	228284.36279296875	1017.0	37.07317073170732	-1216.0	-31.00609756097561	2642.0	3871.062271062271	-152.0	0.36363636363636365	-8.258373205741627	2092.0	4779936.0	98.6434479685912	5.0047846889952154	3452.0	
2766.0	6.33695652173913	1670.0	-5.576086956521739	2.5217391304347827	2021.0	-118.0	0.17691154422788605	0.3658170914542728	-44.0	24550.78125	0.06596701649175413	244.0	32.9771503553784	33974.0	-48.56707317073171	1593.0	7480742.0	228294.12841796875	889.0	30.975609756097565	-1016.0	-27.103658536585368	2653.0	3887.1794871794873	-128.0	0.3062200956937799	-8.669856459330143	2084.0	4779936.0	98.6434479685912	4.985645933014354	3624.0	
2798.0	6.423913043478261	1662.0	-5.923913043478261	2.3260869565217392	2039.0	-116.0	0.17391304347826086	0.36731634182908546	-49.0	24560.546875	0.07346326836581708	245.0	32.9771503553784	33974.0	-52.835365853658544	1733.0	7481062.0	228303.89404296875	780.0	24.84756097560976	-815.0	-23.78048780487805	2636.0	3862.2710622710624	-132.0	0.3157894736842105	-9.062200956937799	2096.0	4779936.0	98.6434479685912	5.0143540669856455	3788.0	
2833.0	6.489130434782608	1656.0	-6.304347826086956	2.380434782608696	2034.0	-109.0	0.1634182908545727	0.36431784107946025	-37.0	24570.3125	0.05547226386806597	243.0	32.9771503553784	33974.0	-58.32317073170732	1913.0	7481382.0	228313.65966796875	736.0	20.396341463414636	-669.0	-22.439024390243905	2645.0	3875.4578754578756	-84.0	0.20095693779904306	-9.55023923444976	2152.0	4779936.0	98.6434479685912	5.148325358851674	3992.0	
2852.0	6.576086956521739	1648.0	-6.510869565217391	2.25	2046.0	-112.0	0.1679160419790105	0.3583208395802099	-45.0	24580.078125	0.06746626686656672	239.0	32.9771503553784	33974.0	-64.1158536585366	2103.0	7481702.0	228323.42529296875	587.0	16.463414634146343	-540.0	-17.896341463414636	2646.0	3876.923076923077	-44.0	0.10526315789473684	-9.837320574162678	2200.0	4779936.0	98.6434479685912	5.263157894736842	4112.0	
2854.0	6.793478260869565	1628.0	-6.532608695652174	2.2717391304347827	2044.0	-112.0	0.1679160419790105	0.34782608695652173	-51.0	24589.84375	0.07646176911544228	232.0	32.9771503553784	33974.0	-73.29268292682927	2404.0	7482022.0	228333.19091796875	459.0	12.682926829268293	-416.0	-13.993902439024392	2642.0	3871.062271062271	-60.0	0.14354066985645933	-9.933014354066986	2280.0	4780192.0	98.6408432460416	5.454545454545454	4152.0	
2866.0	7.043478260869565	1605.0	-6.663043478260869	2.1739130434782608	2053.0	-109.0	0.1634182908545727	0.3403298350824588	-52.0	24599.609375	0.07796101949025487	227.0	32.9771503553784	33974.0	-82.77439024390245	2715.0	7482342.0	228342.95654296875	459.0	7.865853658536586	-258.0	-13.993902439024392	2639.0	3866.6666666666665	-56.0	0.1339712918660287	-10.047846889952153	2384.0	4780192.0	98.6408432460416	5.70334928229665	4200.0	
2878.0	7.010869565217391	1608.0	-6.793478260869565	2.2717391304347827	2044.0	-112.0	0.1679160419790105	0.3493253373313343	-61.0	24609.375	0.0914542728635682	233.0	32.9771503553784	33974.0	-92.40853658536587	3031.0	7482662.0	228352.72216796875	235.0	4.0548780487804885	-133.0	-7.164634146341464	2630.0	3853.479853479854	-80.0	0.19138755980861244	-10.267942583732056	2420.0	4780192.0	98.6408432460416	5.789473684210526	4292.0	
2895.0	7.108695652173913	1599.0	-6.978260869565217	2.380434782608696	2034.0	-116.0	0.17391304347826086	0.3373313343328336	-51.0	24619.140625	0.07646176911544228	225.0	32.9771503553784	33974.0	-104.84756097560977	3439.0	7482982.0	228362.48779296875	9.0	0.48780487804878053	-16.0	-0.27439024390243905	2643.0	3872.5274725274726	-124.0	0.2966507177033493	-10.440191387559809	2452.0	4780192.0	98.6408432460416	5.866028708133971	4364.0	
2904.0	7.184782608695652	1592.0	-7.076086956521739	2.4565217391304346	2027.0	-109.0	0.1634182908545727	0.32083958020989506	-50.0	24628.90625	0.07496251874062969	214.0	32.9771503553784	33974.0	-118.14024390243904	3875.0	7483302.0	228372.25341796875	-179.0	-4.5426829268292686	149.0	5.457317073170732	2650.0	3882.7838827838827	-140.0	0.33492822966507174	-10.583732057416267	2492.0	4780192.0	98.6408432460416	5.961722488038277	4424.0	
2916.0	7.282608695652174	1583.0	-7.206521739130435	2.5	2023.0	-107.0	0.16041979010494753	0.3148425787106447	-57.0	24638.671875	0.08545727136431784	210.0	32.9771503553784	33974.0	-132.8658536585366	4358.0	7483622.0	228382.01904296875	-330.0	-10.03048780487805	329.0	10.060975609756099	2636.0	3862.2710622710624	-156.0	0.37320574162679426	-10.736842105263158	2556.0	4780080.0	98.64198281186933	6.114832535885167	4488.0	
2944.0	7.4021739130434785	1572.0	-7.510869565217391	2.293478260869565	2042.0	-110.0	0.1649175412293853	0.2983508245877061	-51.0	24648.4375	0.07646176911544228	199.0	32.9771503553784	33974.0	-147.25609756097563	4830.0	7483942.0	228391.78466796875	-448.0	-16.06707317073171	527.0	13.658536585365855	2640.0	3868.131868131868	-104.0	0.24880382775119617	-11.033492822966506	2588.0	4780080.0	98.64198281186933	6.1913875598086126	4612.0	
2971.0	7.271739130434782	1584.0	-7.804347826086956	1.9891304347826086	2070.0	-117.0	0.17541229385307347	0.28785607196401797	-49.0	24658.203125	0.07346326836581708	192.0	32.9771503553784	33974.0	-162.19512195121953	5320.0	7484262.0	228401.55029296875	-599.0	-16.79878048780488	551.0	18.262195121951223	2636.0	3862.2710622710624	72.0	-0.17224880382775118	-11.416267942583731	2524.0	4780080.0	98.64198281186933	6.038277511961723	4772.0	
2989.0	7.195652173913043	1591.0	-8.0	1.9565217391304348	2073.0	-110.0	0.1649175412293853	0.27586206896551724	-44.0	24667.96875	0.06596701649175413	184.0	32.9771503553784	33974.0	-181.4939024390244	5953.0	7484582.0	228411.31591796875	-716.0	-18.628048780487806	611.0	21.82926829268293	2636.0	3862.2710622710624	36.0	-0.08612440191387559	-11.732057416267942	2496.0	4780080.0	98.64198281186933	5.971291866028708	4904.0	
3011.0	7.1521739130434785	1595.0	-8.23913043478261	2.010869565217391	2068.0	-128.0	0.191904047976012	0.2608695652173913	-48.0	24677.734375	0.07196401799100449	174.0	32.9771503553784	33974.0	-198.41463414634148	6508.0	7484902.0	228421.08154296875	-612.0	-23.932926829268293	785.0	18.658536585365855	2630.0	3853.479853479854	68.0	-0.16267942583732056	-11.904306220095693	2464.0	4780080.0	98.64198281186933	5.894736842105263	4976.0	
3018.0	7.33695652173913	1578.0	-8.315217391304348	1.7826086956521738	2089.0	-114.0	0.17091454272863568	0.24287856071964017	-49.0	24687.5	0.07346326836581708	162.0	32.9771503553784	33974.0	-214.60365853658539	7039.0	7485222.0	228430.84716796875	-597.0	-25.762195121951223	845.0	18.201219512195124	2648.0	3879.8534798534797	116.0	-0.27751196172248804	-12.038277511961722	2504.0	4780144.0	98.64133163134153	5.990430622009569	5032.0	
3039.0	7.956521739130435	1521.0	-8.543478260869565	1.6956521739130435	2097.0	-124.0	0.18590704647676162	0.22188905547226387	-45.0	24697.265625	0.06746626686656672	148.0	32.9771503553784	33974.0	-231.18902439024393	7583.0	7485542.0	228440.61279296875	-496.0	-26.402439024390247	866.0	15.121951219512196	2649.0	3881.3186813186812	188.0	-0.4497607655502392	-12.239234449760765	2752.0	4780144.0	98.64133163134153	6.583732057416268	5116.0	
3066.0	8.619565217391305	1460.0	-8.83695652173913	1.6739130434782608	2099.0	-116.0	0.17391304347826086	0.20239880059970014	-44.0	24707.03125	0.06596701649175413	135.0	32.9771503553784	33974.0	-242.9268292682927	7968.0	7485862.0	228450.37841796875	-304.0	-27.042682926829272	887.0	9.26829268292683	2651.0	3884.2490842490843	252.0	-0.6028708133971291	-12.564593301435407	3060.0	4780144.0	98.64133163134153	7.320574162679425	5252.0	
3079.0	9.076086956521738	1418.0	-8.978260869565217	1.576086956521739	2108.0	-123.0	0.18440779610194902	0.17691154422788605	-44.0	24716.796875	0.06596701649175413	118.0	32.9771503553784	33974.0	-250.18292682926833	8206.0	7486182.0	228460.14404296875	-81.0	-29.725609756097565	975.0	2.4695121951219514	2638.0	3865.2014652014655	236.0	-0.5645933014354066	-12.832535885167463	3288.0	4780144.0	98.64133163134153	7.866028708133971	5364.0	
3086.0	9.402173913043478	1388.0	-9.054347826086957	1.3478260869565217	2129.0	-125.0	0.1874062968515742	0.1649175412293853	-40.0	24726.5625	0.05997001499250375	110.0	32.9771503553784	33974.0	-256.2804878048781	8406.0	7486502.0	228469.90966796875	67.0	-31.676829268292686	1039.0	-2.0426829268292686	2649.0	3881.3186813186812	340.0	-0.8133971291866028	-12.937799043062201	3436.0	4780144.0	98.64133163134153	8.220095693779903	5408.0	
3092.0	9.554347826086957	1374.0	-9.119565217391305	1.3043478260869565	2133.0	-127.0	0.19040479760119938	0.13343328335832083	-42.0	24736.328125	0.06296851574212893	89.0	32.9771503553784	33974.0	-264.2987804878049	8669.0	7486822.0	228479.67529296875	125.0	-35.274390243902445	1157.0	-3.810975609756098	2634.0	3859.3406593406594	376.0	-0.8995215311004784	-13.033492822966506	3540.0	4780272.0	98.64002927072438	8.4688995215311	5448.0	
3087.0	9.717391304347826	1359.0	-9.065217391304348	1.184782608695652	2144.0	-118.0	0.17691154422788605	0.12143928035982009	-36.0	24746.09375	0.05397301349325337	81.0	32.9771503553784	33974.0	-271.0975609756098	8892.0	7487142.0	228489.44091796875	321.0	-40.701219512195124	1335.0	-9.786585365853659	2644.0	3873.992673992674	424.0	-1.014354066985646	-12.995215311004785	3572.0	4780272.0	98.64002927072438	8.545454545454545	5432.0	
3067.0	9.75	1356.0	-8.847826086956522	1.0326086956521738	2158.0	-128.0	0.191904047976012	0.0914542728635682	-20.0	24755.859375	0.029985007496251874	61.0	32.9771503553784	33974.0	-276.7378048780488	9077.0	7487462.0	228499.20654296875	518.0	-47.50000000000001	1558.0	-15.79268292682927	2655.0	3890.10989010989	472.0	-1.1291866028708133	-12.870813397129186	3608.0	4780272.0	98.64002927072438	8.631578947368421	5380.0	
3051.0	9.902173913043478	1342.0	-8.67391304347826	0.9239130434782609	2168.0	-132.0	0.19790104947526235	0.06146926536731634	-16.0	24765.625	0.0239880059970015	41.0	32.9771503553784	33974.0	-284.9085365853659	9345.0	7487782.0	228508.97216796875	720.0	-53.68902439024391	1761.0	-21.951219512195124	2639.0	3866.6666666666665	564.0	-1.3492822966507176	-12.679425837320574	3704.0	4780272.0	98.64002927072438	8.861244019138756	5300.0	
3042.0	10.369565217391305	1299.0	-8.576086956521738	0.717391304347826	2187.0	-133.0	0.19940029985007496	0.050974512743628186	-4.0	24775.390625	0.005997001499250375	34.0	32.9771503553784	33974.0	-291.7378048780488	9569.0	7488102.0	228518.73779296875	844.0	-60.15243902439025	1973.0	-25.731707317073173	2655.0	3890.10989010989	652.0	-1.5598086124401913	-12.401913875598085	3900.0	4780272.0	98.64002927072438	9.330143540669857	5184.0	
3014.0	10.815217391304348	1258.0	-8.271739130434783	0.32608695652173914	2223.0	-136.0	0.20389805097451275	0.02848575712143928	-5.0	24785.15625	0.0074962518740629685	19.0	32.9771503553784	33974.0	-296.4024390243903	9722.0	7488422.0	228528.50341796875	853.0	-64.14634146341464	2104.0	-26.00609756097561	2650.0	3882.7838827838827	820.0	-1.9617224880382775	-12.105263157894736	4096.0	4780160.0	98.64116883623241	9.799043062200957	5060.0	
2991.0	11.239130434782608	1219.0	-8.021739130434783	0.010869565217391304	2252.0	-145.0	0.21739130434782608	0.0	16.0	24794.921875	-0.0239880059970015	0.0	32.9771503553784	33974.0	-301.12804878048786	9877.0	7488742.0	228538.26904296875	983.0	-67.5609756097561	2216.0	-29.969512195121954	2646.0	3876.923076923077	972.0	-2.325358851674641	-11.789473684210526	4292.0	4780160.0	98.64116883623241	10.267942583732056	4928.0	
2971.0	11.41304347826087	1203.0	-7.804347826086956	-0.06521739130434782	2259.0	-147.0	0.22038980509745126	-0.019490254872563718	19.0	24804.6875	-0.02848575712143928	-13.0	32.9771503553784	33974.0	-303.07926829268297	9941.0	7489062.0	228548.03466796875	1214.0	-75.1829268292683	2466.0	-37.01219512195122	2630.0	3853.479853479854	960.0	-2.2966507177033493	-11.464114832535884	4356.0	4780160.0	98.64116883623241	10.421052631578947	4792.0	
2936.0	11.467391304347826	1198.0	-7.423913043478261	-0.043478260869565216	2257.0	-147.0	0.22038980509745126	-0.04497751124437781	32.0	24814.453125	-0.047976011994003	-30.0	32.9771503553784	33974.0	-303.4756097560976	9954.0	7489382.0	228557.80029296875	1199.0	-83.90243902439025	2752.0	-36.55487804878049	2629.0	3852.0146520146523	992.0	-2.373205741626794	-11.062200956937799	4388.0	4780160.0	98.64116883623241	10.497607655502392	4624.0	
2897.0	11.75	1172.0	-7.0	-0.03260869565217391	2256.0	-147.0	0.22038980509745126	-0.04497751124437781	32.0	24824.21875	-0.047976011994003	-30.0	32.9771503553784	33974.0	-305.8536585365854	10032.0	7489702.0	228567.56591796875	1195.0	-95.1219512195122	3120.0	-36.4329268292683	2639.0	3866.6666666666665	956.0	-2.2870813397129184	-10.62200956937799	4548.0	4780160.0	98.64116883623241	10.880382775119617	4440.0	
2862.0	12.076086956521738	1142.0	-6.619565217391304	0.043478260869565216	2249.0	-159.0	0.2383808095952024	-0.05397301349325337	44.0	24833.984375	-0.06596701649175413	-36.0	32.9771503553784	33974.0	-305.2439024390244	10012.0	7490022.0	228577.33154296875	1143.0	-108.29268292682927	3552.0	-34.84756097560976	2654.0	3888.644688644689	964.0	-2.3062200956937797	-10.363636363636363	4656.0	4780192.0	98.6408432460416	11.138755980861244	4332.0	
2833.0	11.978260869565217	1151.0	-6.304347826086956	0.043478260869565216	2249.0	-159.0	0.2383808095952024	-0.05397301349325337	44.0	24843.75	-0.06596701649175413	-36.0	32.9771503553784	33974.0	-300.3963414634147	9853.0	7490342.0	228587.09716796875	924.0	-120.3048780487805	3946.0	-28.170731707317074	2626.0	3847.6190476190477	940.0	-2.248803827751196	-9.904306220095693	4640.0	4780192.0	98.6408432460416	11.10047846889952	4140.0	
2775.0	11.467391304347826	1198.0	-5.673913043478261	-0.13043478260869565	2265.0	-165.0	0.24737631184407796	-0.08845577211394302	73.0	24853.515625	-0.10944527736131934	-59.0	32.9771503553784	33974.0	-296.95121951219517	9740.0	7490662.0	228596.86279296875	630.0	-130.64024390243904	4285.0	-19.207317073170735	2649.0	3881.3186813186812	1004.0	-2.401913875598086	-9.339712918660286	4460.0	4780192.0	98.6408432460416	10.669856459330143	3904.0	
2735.0	11.195652173913043	1223.0	-5.239130434782608	-0.6956521739130435	2317.0	-165.0	0.24737631184407796	-0.10644677661169415	83.0	24863.28125	-0.12443778110944527	-71.0	32.9771503553784	33974.0	-299.4817073170732	9823.0	7490982.0	228606.62841796875	429.0	-137.83536585365854	4521.0	-13.079268292682928	2651.0	3884.2490842490843	1292.0	-3.090909090909091	-8.717703349282296	4268.0	4780192.0	98.6408432460416	10.210526315789473	3644.0	
2697.0	11.054347826086957	1236.0	-4.826086956521739	-0.7065217391304348	2318.0	-169.0	0.25337331334332835	-0.12593703148425786	112.0	24873.046875	-0.1679160419790105	-84.0	32.9771503553784	33974.0	-300.0	9840.0	7491302.0	228616.39404296875	504.0	-148.0487804878049	4856.0	-15.365853658536587	2640.0	3868.131868131868	1276.0	-3.052631578947368	-8.210526315789473	4224.0	4780192.0	98.6408432460416	10.105263157894736	3432.0	
2655.0	10.826086956521738	1257.0	-4.369565217391305	-0.7282608695652174	2320.0	-173.0	0.2593703148425787	-0.13493253373313344	123.0	24882.8125	-0.18440779610194902	-90.0	32.9771503553784	33974.0	-294.20731707317077	9650.0	7491622.0	228626.15966796875	304.0	-155.94512195121953	5115.0	-9.26829268292683	2616.0	3832.967032967033	1316.0	-3.1483253588516744	-7.636363636363636	4108.0	4780320.0	98.63954088564367	9.82775119617225	3192.0	
2614.0	10.652173913043478	1273.0	-3.9239130434782608	-0.5652173913043478	2305.0	-180.0	0.2698650674662669	-0.15592203898050974	135.0	24892.578125	-0.20239880059970014	-104.0	32.9771503553784	33974.0	-291.5548780487805	9563.0	7491942.0	228635.92529296875	20.0	-163.32317073170734	5357.0	-0.6097560975609757	2650.0	3882.7838827838827	1204.0	-2.880382775119617	-7.205741626794258	4000.0	4780320.0	98.63954088564367	9.569377990430622	3012.0	
2572.0	10.902173913043478	1250.0	-3.467391304347826	-0.5869565217391304	2307.0	-185.0	0.2773613193403298	-0.1649175412293853	164.0	24902.34375	-0.24587706146926536	-110.0	32.9771503553784	33974.0	-288.75	9471.0	7492262.0	228645.69091796875	-195.0	-168.68902439024393	5533.0	5.945121951219512	2643.0	3872.5274725274726	1208.0	-2.889952153110048	-6.62200956937799	4080.0	4780320.0	98.63954088564367	9.760765550239235	2768.0	
2536.0	11.032608695652174	1238.0	-3.0760869565217392	-0.07608695652173914	2260.0	-184.0	0.27586206896551724	-0.17241379310344826	179.0	24912.109375	-0.26836581709145424	-115.0	32.9771503553784	33974.0	-281.00609756097566	9217.0	7492582.0	228655.45654296875	-296.0	-173.59756097560978	5694.0	9.02439024390244	2638.0	3865.2014652014655	960.0	-2.2966507177033493	-6.162679425837321	4148.0	4780320.0	98.63954088564367	9.923444976076555	2576.0	
2493.0	10.58695652173913	1279.0	-2.608695652173913	-0.07608695652173914	2260.0	-186.0	0.2788605697151424	-0.1829085457271364	200.0	24921.875	-0.29985007496251875	-122.0	32.9771503553784	33974.0	-271.06707317073176	8891.0	7492902.0	228665.22216796875	-484.0	-176.9817073170732	5805.0	14.756097560975611	2632.0	3856.4102564102564	956.0	-2.2870813397129184	-5.588516746411483	3980.0	4780320.0	98.63954088564367	9.521531100478468	2336.0	
2455.0	9.978260869565217	1335.0	-2.1956521739130435	-0.03260869565217391	2256.0	-190.0	0.2848575712143928	-0.191904047976012	211.0	24931.640625	-0.31634182908545727	-128.0	32.9771503553784	33974.0	-265.76219512195127	8717.0	7493222.0	228674.98779296875	-372.0	-176.28048780487808	5782.0	11.341463414634147	2655.0	3890.10989010989	936.0	-2.2392344497607652	-5.1387559808612435	3692.0	4780256.0	98.64019206576955	8.832535885167463	2148.0	
2407.0	9.51086956521739	1378.0	-1.6739130434782608	-0.19565217391304346	2271.0	-188.0	0.2818590704647676	-0.191904047976012	236.0	24941.40625	-0.3538230884557721	-128.0	32.9771503553784	33974.0	-262.1036585365854	8597.0	7493542.0	228684.75341796875	-232.0	-178.62804878048783	5859.0	7.073170731707318	2644.0	3873.992673992674	1028.0	-2.4593301435406696	-4.555023923444976	3488.0	4780256.0	98.64019206576955	8.344497607655502	1904.0	
2363.0	9.184782608695652	1408.0	-1.1956521739130435	0.010869565217391304	2252.0	-202.0	0.3028485757121439	-0.19490254872563717	249.0	24951.171875	-0.3733133433283358	-130.0	32.9771503553784	33974.0	-257.01219512195127	8430.0	7493862.0	228694.51904296875	69.0	-179.60365853658539	5891.0	-2.103658536585366	2654.0	3888.644688644689	928.0	-2.2200956937799043	-3.9808612440191387	3336.0	4780256.0	98.64019206576955	7.980861244019138	1664.0	
2318.0	8.978260869565217	1427.0	-0.7065217391304348	-0.17391304347826086	2269.0	-199.0	0.2983508245877061	-0.20389805097451275	265.0	24960.9375	-0.39730134932533734	-136.0	32.9771503553784	33974.0	-254.81707317073173	8358.0	7494182.0	228704.28466796875	271.0	-178.07926829268294	5841.0	-8.26219512195122	2649.0	3881.3186813186812	1032.0	-2.4688995215311005	-3.511961722488038	3248.0	4780256.0	98.64019206576955	7.770334928229665	1468.0	
2310.0	8.619565217391305	1460.0	-0.6195652173913043	-0.06521739130434782	2259.0	-192.0	0.28785607196401797	-0.2098950524737631	286.0	24970.703125	-0.4287856071964018	-140.0	32.9771503553784	33974.0	-247.56097560975613	8120.0	7494502.0	228714.05029296875	494.0	-174.2987804878049	5717.0	-15.060975609756099	2634.0	3859.3406593406594	908.0	-2.172248803827751	-3.2344497607655502	3028.0	4780256.0	98.64019206576955	7.244019138755981	1352.0	
2280.0	8.184782608695652	1500.0	-0.2934782608695652	0.14130434782608695	2240.0	-190.0	0.2848575712143928	-0.2083958020989505	308.0	24980.46875	-0.46176911544227883	-139.0	32.9771503553784	33974.0	-237.8658536585366	7802.0	7494822.0	228723.81591796875	699.0	-168.8109756097561	5537.0	-21.3109756097561	2635.0	3860.805860805861	788.0	-1.8851674641148324	-2.9186602870813396	2820.0	4780272.0	98.64002927072438	6.746411483253588	1220.0	
2252.0	7.782608695652174	1537.0	0.010869565217391304	0.21739130434782608	2233.0	-195.0	0.29235382308845576	-0.20389805097451275	321.0	24990.234375	-0.48125937031484256	-136.0	32.9771503553784	33974.0	-231.7987804878049	7603.0	7495142.0	228733.58154296875	941.0	-160.7317073170732	5272.0	-28.689024390243905	2633.0	3857.875457875458	776.0	-1.8564593301435406	-2.679425837320574	2696.0	4780272.0	98.64002927072438	6.449760765550239	1120.0	
2209.0	7.380434782608695	1574.0	0.4782608695652174	0.532608695652174	2204.0	-199.0	0.2983508245877061	-0.20389805097451275	333.0	25000.0	-0.4992503748125937	-136.0	32.9771503553784	33974.0	-227.53048780487808	7463.0	7495462.0	228743.34716796875	1254.0	-151.21951219512198	4960.0	-38.23170731707317	2642.0	3871.062271062271	644.0	-1.5406698564593302	-2.2679425837320575	2552.0	4780272.0	98.64002927072438	6.105263157894736	948.0	
2193.0	7.543478260869565	1559.0	0.6521739130434783	0.6739130434782609	2191.0	-198.0	0.29685157421289354	-0.20239880059970014	354.0	25009.765625	-0.5307346326836582	-135.0	32.9771503553784	33974.0	-217.22560975609758	7125.0	7495782.0	228753.11279296875	1533.0	-143.01829268292684	4691.0	-46.737804878048784	2638.0	3865.2014652014655	620.0	-1.4832535885167464	-1.9521531100478469	2564.0	4780272.0	98.64002927072438	6.133971291866028	816.0	
2163.0	7.608695652173913	1553.0	0.9782608695652174	1.0543478260869565	2156.0	-197.0	0.29535232383808097	-0.19790104947526235	366.0	25019.53125	-0.5487256371814093	-132.0	32.9771503553784	33974.0	-202.7439024390244	6650.0	7496102.0	228762.87841796875	1842.0	-131.70731707317074	4320.0	-56.15853658536586	2655.0	3890.10989010989	444.0	-1.062200956937799	-1.5311004784688995	2620.0	4780272.0	98.64002927072438	6.267942583732057	640.0	
2121.0	7.33695652173913	1578.0	1.434782608695652	0.9021739130434783	2170.0	-198.0	0.29685157421289354	-0.19940029985007496	381.0	25029.296875	-0.5712143928035982	-133.0	32.9771503553784	33974.0	-191.6768292682927	6287.0	7496422.0	228772.64404296875	1978.0	-129.2378048780488	4239.0	-60.304878048780495	2615.0	3831.5018315018315	456.0	-1.0909090909090908	-1.062200956937799	2528.0	4780304.0	98.63970368066144	6.047846889952153	444.0	
2070.0	7.1521739130434785	1595.0	1.9891304347826086	1.2391304347826086	2139.0	-200.0	0.29985007496251875	-0.1934032983508246	400.0	25039.0625	-0.5997001499250375	-129.0	32.9771503553784	33974.0	-182.0426829268293	5971.0	7496742.0	228782.40966796875	2213.0	-129.96951219512195	4263.0	-67.46951219512195	2647.0	3878.388278388278	372.0	-0.8899521531100478	-0.3827751196172249	2428.0	4780304.0	98.63970368066144	5.8086124401913874	160.0	
2024.0	7.010869565217391	1608.0	2.4891304347826084	1.6195652173913042	2104.0	-200.0	0.29985007496251875	-0.1679160419790105	406.0	25048.828125	-0.608695652173913	-112.0	32.9771503553784	33974.0	-169.90853658536588	5573.0	7497062.0	228792.17529296875	2345.0	-131.25	4305.0	-71.4939024390244	2652.0	3885.714285714286	188.0	-0.4497607655502392	0.2296650717703349	2356.0	4780304.0	98.63970368066144	5.636363636363636	-96.0	
1994.0	7.108695652173913	1599.0	2.8152173913043477	1.7717391304347825	2090.0	-199.0	0.2983508245877061	-0.17241379310344826	421.0	25058.59375	-0.631184407796102	-115.0	32.9771503553784	33974.0	-156.82926829268294	5144.0	7497382.0	228801.94091796875	2290.0	-132.25609756097563	4338.0	-69.81707317073172	2647.0	3878.388278388278	120.0	-0.28708133971291866	0.6985645933014354	2340.0	4780304.0	98.63970368066144	5.598086124401914	-292.0	
1961.0	7.1521739130434785	1595.0	3.1739130434782608	1.8043478260869565	2087.0	-196.0	0.29385307346326833	-0.16041979010494753	428.0	25068.359375	-0.6416791604197901	-107.0	32.9771503553784	33974.0	-145.15243902439025	4761.0	7497702.0	228811.70654296875	2192.0	-132.07317073170734	4332.0	-66.82926829268294	2637.0	3863.736263736264	64.0	-0.15311004784688995	1.0717703349282297	2380.0	4780304.0	98.63970368066144	5.69377990430622	-448.0	
1928.0	6.967391304347826	1612.0	3.532608695652174	1.5	2115.0	-197.0	0.29535232383808097	-0.15442278860569714	436.0	25078.125	-0.6536731634182908	-103.0	32.9771503553784	33974.0	-136.46341463414635	4476.0	7498022.0	228821.47216796875	1994.0	-130.0609756097561	4266.0	-60.79268292682927	2640.0	3868.131868131868	228.0	-0.5454545454545454	1.444976076555024	2364.0	4780160.0	98.64116883623241	5.655502392344498	-604.0	
1917.0	7.206521739130435	1590.0	3.652173913043478	1.5108695652173914	2114.0	-194.0	0.2908545727136432	-0.1454272863568216	451.0	25087.890625	-0.6761619190404797	-97.0	32.9771503553784	33974.0	-127.8658536585366	4194.0	7498342.0	228831.23779296875	1712.0	-125.21341463414635	4107.0	-52.19512195121952	2659.0	3895.970695970696	228.0	-0.5454545454545454	1.6842105263157894	2444.0	4780160.0	98.64116883623241	5.84688995215311	-704.0	
1897.0	7.33695652173913	1578.0	3.869565217391304	1.6956521739130435	2097.0	-193.0	0.2893553223388306	-0.13193403298350825	457.0	25097.65625	-0.6851574212893553	-88.0	32.9771503553784	33974.0	-117.37804878048782	3850.0	7498662.0	228841.00341796875	1501.0	-119.35975609756099	3915.0	-45.76219512195122	2628.0	3850.5494505494507	96.0	-0.2296650717703349	1.9330143540669855	2500.0	4780160.0	98.64116883623241	5.980861244019138	-808.0	
1869.0	7.489130434782608	1564.0	4.173913043478261	1.684782608695652	2098.0	-195.0	0.29235382308845576	-0.13493253373313344	465.0	25107.421875	-0.697151424287856	-90.0	32.9771503553784	33974.0	-108.01829268292684	3543.0	7498982.0	228850.76904296875	1067.0	-117.07317073170732	3840.0	-32.53048780487805	2651.0	3884.2490842490843	176.0	-0.42105263157894735	2.248803827751196	2596.0	4780160.0	98.64116883623241	6.2105263157894735	-940.0	
1845.0	7.6521739130434785	1549.0	4.434782608695652	1.9021739130434783	2078.0	-195.0	0.29235382308845576	-0.12143928035982009	479.0	25117.1875	-0.7181409295352323	-81.0	32.9771503553784	33974.0	-98.10975609756099	3218.0	7499302.0	228860.53466796875	812.0	-110.45731707317074	3623.0	-24.75609756097561	2643.0	3872.5274725274726	-20.0	0.04784688995215311	2.5837320574162677	2640.0	4780160.0	98.64116883623241	6.315789473684211	-1080.0	
1821.0	7.478260869565217	1565.0	4.695652173913043	2.0652173913043477	2063.0	-185.0	0.2773613193403298	-0.1199400299850075	487.0	25126.953125	-0.7301349325337331	-80.0	32.9771503553784	33974.0	-89.23780487804879	2927.0	7499622.0	228870.30029296875	689.0	-103.20121951219514	3385.0	-21.00609756097561	2638.0	3865.2014652014655	-36.0	0.08612440191387559	2.9186602870813396	2572.0	4780416.0	98.63856411572887	6.15311004784689	-1220.0	
1793.0	7.33695652173913	1578.0	5.0	2.0978260869565215	2060.0	-187.0	0.280359820089955	-0.11094452773613193	491.0	25136.71875	-0.7361319340329835	-74.0	32.9771503553784	33974.0	-82.34756097560977	2701.0	7499942.0	228880.06591796875	555.0	-97.71341463414635	3205.0	-16.920731707317074	2639.0	3866.6666666666665	24.0	-0.057416267942583726	3.1004784688995213	2560.0	4780416.0	98.63856411572887	6.124401913875598	-1296.0	
1763.0	7.043478260869565	1605.0	5.326086956521739	2.2717391304347827	2044.0	-186.0	0.2788605697151424	-0.11094452773613193	497.0	25146.484375	-0.7451274362818591	-74.0	32.9771503553784	33974.0	-77.37804878048782	2538.0	7500262.0	228889.83154296875	481.0	-89.23780487804879	2927.0	-14.664634146341465	2650.0	3882.7838827838827	-104.0	0.24880382775119617	3.4545454545454546	2432.0	4780416.0	98.63856411572887	5.818181818181818	-1444.0	
1733.0	6.826086956521739	1625.0	5.6521739130434785	2.1630434782608696	2054.0	-179.0	0.26836581709145424	-0.10644677661169415	501.0	25156.25	-0.7511244377811094	-71.0	32.9771503553784	33974.0	-72.25609756097562	2370.0	7500582.0	228899.59716796875	541.0	-86.3109756097561	2831.0	-16.493902439024392	2651.0	3884.2490842490843	-92.0	0.2200956937799043	3.799043062200957	2284.0	4780416.0	98.63856411572887	5.464114832535885	-1588.0	
1709.0	6.75	1632.0	5.913043478260869	2.369565217391304	2035.0	-182.0	0.272863568215892	-0.10194902548725637	512.0	25166.015625	-0.767616191904048	-68.0	32.9771503553784	33974.0	-68.78048780487805	2256.0	7500902.0	228909.36279296875	684.0	-81.79878048780489	2683.0	-20.853658536585368	2649.0	3881.3186813186812	-116.0	0.27751196172248804	4.143540669856459	2284.0	4780416.0	98.63856411572887	5.464114832535885	-1732.0	
1685.0	6.934782608695652	1615.0	6.173913043478261	2.4891304347826084	2024.0	-175.0	0.2623688155922039	-0.0944527736131934	511.0	25175.78125	-0.7661169415292354	-63.0	32.9771503553784	33974.0	-66.25	2173.0	7501222.0	228919.12841796875	837.0	-74.48170731707317	2443.0	-25.51829268292683	2634.0	3859.3406593406594	-256.0	0.6124401913875598	4.449760765550239	2344.0	4780464.0	98.6380757308948	5.607655502392344	-1860.0	
1667.0	7.076086956521739	1602.0	6.369565217391304	2.5	2023.0	-171.0	0.2563718140929535	-0.0914542728635682	519.0	25185.546875	-0.7781109445277361	-61.0	32.9771503553784	33974.0	-62.34756097560976	2045.0	7501542.0	228928.89404296875	1058.0	-68.75	2255.0	-32.25609756097561	2641.0	3869.5970695970695	-244.0	0.5837320574162679	4.746411483253588	2436.0	4780464.0	98.6380757308948	5.827751196172248	-1984.0	
1637.0	7.228260869565217	1588.0	6.695652173913043	2.782608695652174	1997.0	-168.0	0.2518740629685157	-0.08545727136431784	526.0	25195.3125	-0.7886056971514243	-57.0	32.9771503553784	33974.0	-59.39024390243903	1948.0	7501862.0	228938.65966796875	1204.0	-56.493902439024396	1853.0	-36.707317073170735	2653.0	3887.1794871794873	-388.0	0.9282296650717703	5.0047846889952154	2488.0	4780464.0	98.6380757308948	5.952153110047846	-2092.0	
1612.0	7.478260869565217	1565.0	6.967391304347826	2.880434782608696	1988.0	-170.0	0.25487256371814093	-0.08845577211394302	514.0	25205.078125	-0.7706146926536731	-59.0	32.9771503553784	33974.0	-57.22560975609757	1877.0	7502182.0	228948.42529296875	1208.0	-46.737804878048784	1533.0	-36.82926829268293	2652.0	3885.714285714286	-436.0	1.0430622009569377	5.368421052631579	2600.0	4780464.0	98.6380757308948	6.220095693779904	-2244.0	
1584.0	8.08695652173913	1509.0	7.271739130434782	2.760869565217391	1999.0	-164.0	0.24587706146926536	-0.07796101949025487	531.0	25214.84375	-0.7961019490254873	-52.0	32.9771503553784	33974.0	-51.89024390243903	1702.0	7502502.0	228958.19091796875	1076.0	-39.66463414634147	1301.0	-32.80487804878049	2649.0	3881.3186813186812	-352.0	0.8421052631578947	5.70334928229665	2848.0	4780464.0	98.6380757308948	6.813397129186603	-2384.0	
1551.0	8.26086956521739	1493.0	7.630434782608695	2.6739130434782608	2007.0	-168.0	0.2518740629685157	-0.0704647676161919	536.0	25224.609375	-0.8035982008995503	-47.0	32.9771503553784	33974.0	-49.420731707317074	1621.0	7502822.0	228967.95654296875	1180.0	-30.030487804878053	985.0	-35.97560975609756	2646.0	3876.923076923077	-324.0	0.7751196172248803	6.143540669856459	2960.0	4780432.0	98.63840132077505	7.08133971291866	-2568.0	
1534.0	8.402173913043478	1480.0	7.815217391304348	2.3478260869565215	2037.0	-166.0	0.24887556221889054	-0.07346326836581708	540.0	25234.375	-0.8095952023988006	-49.0	32.9771503553784	33974.0	-42.28658536585366	1387.0	7503142.0	228977.72216796875	826.0	-28.353658536585368	930.0	-25.182926829268293	2640.0	3868.131868131868	-144.0	0.34449760765550236	6.30622009569378	3048.0	4780432.0	98.63840132077505	7.291866028708133	-2636.0	
1520.0	8.521739130434783	1469.0	7.967391304347826	2.282608695652174	2043.0	-170.0	0.25487256371814093	-0.06146926536731634	527.0	25244.140625	-0.7901049475262368	-41.0	32.9771503553784	33974.0	-40.1829268292683	1318.0	7503462.0	228987.48779296875	749.0	-23.414634146341466	768.0	-22.835365853658537	2655.0	3890.10989010989	-64.0	0.15311004784688995	6.535885167464115	3112.0	4780432.0	98.63840132077505	7.444976076555023	-2732.0	
1507.0	8.608695652173912	1461.0	8.108695652173912	2.108695652173913	2059.0	-170.0	0.25487256371814093	-0.05547226386806597	535.0	25253.90625	-0.8020989505247376	-37.0	32.9771503553784	33974.0	-37.774390243902445	1239.0	7503782.0	228997.25341796875	571.0	-18.445121951219512	605.0	-17.408536585365855	2642.0	3871.062271062271	-44.0	0.10526315789473684	6.688995215311005	3144.0	4780432.0	98.63840132077505	7.521531100478469	-2796.0	
1490.0	8.543478260869565	1467.0	8.293478260869565	2.3043478260869565	2041.0	-169.0	0.25337331334332835	-0.047976011994003	535.0	25263.671875	-0.8020989505247376	-32.0	32.9771503553784	33974.0	-36.79878048780488	1207.0	7504102.0	229007.01904296875	464.0	-15.152439024390246	497.0	-14.146341463414636	2649.0	3881.3186813186812	-136.0	0.3253588516746411	6.8708133971291865	3112.0	4780432.0	98.63840132077505	7.444976076555023	-2872.0	
1472.0	8.347826086956522	1485.0	8.48913043478261	2.4456521739130435	2028.0	-166.0	0.24887556221889054	-0.06146926536731634	542.0	25273.4375	-0.8125937031484257	-41.0	32.9771503553784	33974.0	-36.3719512195122	1193.0	7504422.0	229016.78466796875	322.0	-14.695121951219514	482.0	-9.817073170731708	2647.0	3878.388278388278	-200.0	0.4784688995215311	7.110047846889952	3008.0	4780480.0	98.63791293596836	7.196172248803827	-2972.0	
1476.0	8.065217391304348	1511.0	8.445652173913043	2.380434782608696	2034.0	-169.0	0.25337331334332835	-0.05547226386806597	541.0	25283.203125	-0.8110944527736131	-37.0	32.9771503553784	33974.0	-34.29878048780488	1125.0	7504742.0	229026.55029296875	292.0	-17.378048780487806	570.0	-8.902439024390246	2636.0	3862.2710622710624	-160.0	0.3827751196172249	7.1387559808612435	2976.0	4780480.0	98.63791293596836	7.119617224880383	-2984.0	
1480.0	7.902173913043478	1526.0	8.402173913043478	2.2391304347826084	2047.0	-166.0	0.24887556221889054	-0.046476761619190406	543.0	25292.96875	-0.8140929535232384	-31.0	32.9771503553784	33974.0	-30.701219512195124	1007.0	7505062.0	229036.31591796875	216.0	-18.75	615.0	-6.585365853658537	2634.0	3859.3406593406594	-224.0	0.5358851674641149	7.023923444976076	2848.0	4780480.0	98.63791293596836	6.813397129186603	-2936.0	
1496.0	7.760869565217391	1539.0	8.228260869565217	2.25	2046.0	-162.0	0.24287856071964017	-0.046476761619190406	545.0	25302.734375	-0.8170914542728636	-31.0	32.9771503553784	33974.0	-28.231707317073173	926.0	7505382.0	229046.08154296875	178.0	-15.609756097560977	512.0	-5.426829268292684	2657.0	3893.040293040293	-128.0	0.3062200956937799	6.8708133971291865	2744.0	4780480.0	98.63791293596836	6.564593301435407	-2872.0	
1507.0	7.706521739130435	1544.0	8.108695652173912	1.934782608695652	2075.0	-164.0	0.24587706146926536	-0.046476761619190406	532.0	25312.5	-0.7976011994002998	-31.0	32.9771503553784	33974.0	-25.60975609756098	840.0	7505702.0	229055.84716796875	72.0	-9.451219512195124	310.0	-2.1951219512195124	2628.0	3850.5494505494507	-64.0	0.15311004784688995	6.727272727272727	2728.0	4780480.0	98.63791293596836	6.526315789473684	-2812.0	
1504.0	7.630434782608695	1551.0	8.141304347826086	1.8695652173913042	2081.0	-163.0	0.24437781109445278	-0.046476761619190406	553.0	25322.265625	-0.8290854572713643	-31.0	32.9771503553784	33974.0	-21.28048780487805	698.0	7506022.0	229065.61279296875	-75.0	-5.060975609756098	166.0	2.2865853658536586	2649.0	3881.3186813186812	36.0	-0.08612440191387559	6.698564593301435	2704.0	4780144.0	98.64133163134153	6.4688995215311005	-2800.0	
1508.0	7.5978260869565215	1554.0	8.097826086956522	1.5652173913043477	2109.0	-170.0	0.25487256371814093	-0.035982008995502246	547.0	25332.03125	-0.8200899550224887	-24.0	32.9771503553784	33974.0	-18.201219512195124	597.0	7506342.0	229075.37841796875	-248.0	-2.25609756097561	74.0	7.560975609756098	2653.0	3887.1794871794873	188.0	-0.4497607655502392	6.679425837320574	2692.0	4780144.0	98.64133163134153	6.440191387559809	-2792.0	
1519.0	7.445652173913043	1568.0	7.978260869565217	1.184782608695652	2144.0	-168.0	0.2518740629685157	-0.050974512743628186	556.0	25341.796875	-0.833583208395802	-34.0	32.9771503553784	33974.0	-17.31707317073171	568.0	7506662.0	229085.14404296875	-376.0	1.4329268292682928	-47.0	11.463414634146343	2634.0	3859.3406593406594	368.0	-0.8803827751196172	6.660287081339713	2612.0	4780144.0	98.64133163134153	6.248803827751196	-2784.0	
1507.0	6.978260869565217	1611.0	8.108695652173912	1.3369565217391304	2130.0	-165.0	0.24737631184407796	-0.043478260869565216	542.0	25351.5625	-0.8125937031484257	-29.0	32.9771503553784	33974.0	-17.28658536585366	567.0	7506982.0	229094.90966796875	-334.0	7.560975609756098	-248.0	10.182926829268293	2648.0	3879.8534798534797	284.0	-0.6794258373205742	6.669856459330143	2392.0	4780144.0	98.64133163134153	5.722488038277512	-2788.0	
1501.0	6.728260869565217	1634.0	8.17391304347826	1.5978260869565217	2106.0	-172.0	0.2578710644677661	-0.037481259370314844	544.0	25361.328125	-0.815592203898051	-25.0	32.9771503553784	33974.0	-16.85975609756098	553.0	7507302.0	229104.67529296875	-260.0	9.573170731707318	-314.0	7.926829268292684	2650.0	3882.7838827838827	184.0	-0.4401913875598086	6.7368421052631575	2268.0	4780144.0	98.64133163134153	5.425837320574162	-2816.0	
1502.0	6.75	1632.0	8.16304347826087	1.7391304347826086	2093.0	-168.0	0.2518740629685157	-0.037481259370314844	546.0	25371.09375	-0.8185907046476761	-25.0	32.98709264882491	33976.0	-16.890243902439025	554.0	7507622.0	229114.44091796875	-64.0	10.365853658536587	-340.0	1.9512195121951221	2650.0	3882.7838827838827	100.0	-0.23923444976076555	6.755980861244019	2244.0	4780144.0	98.64301446751166	5.368421052631579	-2824.0	
1498.0	6.576086956521739	1648.0	8.206521739130434	1.7608695652173914	2091.0	-167.0	0.25037481259370314	-0.041979010494752625	548.0	25380.859375	-0.8215892053973013	-28.0	32.98709264882491	33976.0	-14.786585365853659	485.0	7507942.0	229124.20654296875	-1.0	10.51829268292683	-345.0	0.030487804878048783	2652.0	3885.714285714286	96.0	-0.2296650717703349	6.803827751196172	2176.0	4780144.0	98.64301446751166	5.205741626794258	-2844.0	
1501.0	6.380434782608695	1666.0	8.17391304347826	1.8478260869565217	2083.0	-168.0	0.2518740629685157	-0.04047976011994003	547.0	25390.625	-0.8200899550224887	-27.0	32.98709264882491	33976.0	-12.500000000000002	410.0	7508262.0	229133.97216796875	42.0	11.463414634146343	-376.0	-1.2804878048780488	2635.0	3860.805860805861	72.0	-0.17224880382775118	6.717703349282297	2128.0	4780144.0	98.64301446751166	5.090909090909091	-2808.0	
1513.0	6.445652173913043	1660.0	8.043478260869565	1.7391304347826086	2093.0	-167.0	0.25037481259370314	-0.041979010494752625	544.0	25400.390625	-0.815592203898051	-28.0	32.98709264882491	33976.0	-9.756097560975611	320.0	7508582.0	229143.73779296875	118.0	13.963414634146343	-458.0	-3.5975609756097566	2659.0	3895.970695970696	148.0	-0.354066985645933	6.583732057416268	2152.0	4780144.0	98.64301446751166	5.148325358851674	-2752.0	
1517.0	6.565217391304348	1649.0	8.0	1.4565217391304348	2119.0	-171.0	0.2563718140929535	-0.029985007496251874	546.0	25410.15625	-0.8185907046476761	-20.0	32.98709264882491	33976.0	-6.52439024390244	214.0	7508902.0	229153.50341796875	101.0	19.969512195121954	-655.0	-3.079268292682927	2651.0	3884.2490842490843	248.0	-0.5933014354066986	6.574162679425837	2216.0	4780144.0	98.64301446751166	5.301435406698564	-2748.0	
1508.0	6.532608695652174	1652.0	8.097826086956522	1.25	2138.0	-171.0	0.2563718140929535	-0.038980509745127435	552.0	25419.921875	-0.8275862068965517	-26.0	32.98709264882491	33976.0	-4.603658536585367	151.0	7509222.0	229163.26904296875	57.0	26.920731707317074	-883.0	-1.7378048780487807	2648.0	3879.8534798534797	336.0	-0.8038277511961722	6.650717703349282	2212.0	4779504.0	98.64952638481978	5.291866028708133	-2780.0	
1496.0	6.521739130434782	1653.0	8.228260869565217	0.9782608695652174	2163.0	-176.0	0.2638680659670165	-0.035982008995502246	544.0	25429.6875	-0.815592203898051	-24.0	32.98709264882491	33976.0	-3.7500000000000004	123.0	7509542.0	229173.03466796875	23.0	30.792682926829272	-1010.0	-0.701219512195122	2637.0	3863.736263736264	436.0	-1.0430622009569377	6.842105263157895	2184.0	4779504.0	98.64952638481978	5.22488038277512	-2860.0	
1486.0	6.521739130434782	1653.0	8.33695652173913	0.9239130434782609	2168.0	-170.0	0.25487256371814093	-0.03298350824587706	547.0	25439.453125	-0.8200899550224887	-22.0	32.98709264882491	33976.0	-4.298780487804878	141.0	7509862.0	229182.80029296875	158.0	32.28658536585366	-1059.0	-4.817073170731708	2649.0	3881.3186813186812	440.0	-1.0526315789473684	6.966507177033493	2156.0	4779504.0	98.64952638481978	5.157894736842105	-2912.0	
1474.0	6.5978260869565215	1646.0	8.467391304347826	0.8913043478260869	2171.0	-178.0	0.26686656671664166	-0.03298350824587706	551.0	25449.21875	-0.8260869565217391	-22.0	32.98709264882491	33976.0	-4.695121951219512	154.0	7510182.0	229192.56591796875	265.0	33.26219512195122	-1091.0	-8.079268292682928	2648.0	3879.8534798534797	476.0	-1.138755980861244	7.071770334928229	2168.0	4779504.0	98.64952638481978	5.186602870813397	-2956.0	
1474.0	6.75	1632.0	8.467391304347826	1.1739130434782608	2145.0	-174.0	0.2608695652173913	-0.026986506746626684	539.0	25458.984375	-0.808095952023988	-18.0	32.98709264882491	33976.0	-2.8658536585365857	94.0	7510502.0	229202.33154296875	353.0	34.78658536585366	-1141.0	-10.76219512195122	2649.0	3881.3186813186812	388.0	-0.9282296650717703	7.0143540669856455	2292.0	4779504.0	98.64952638481978	5.483253588516746	-2932.0	
1475.0	6.532608695652174	1652.0	8.456521739130434	1.3804347826086956	2126.0	-177.0	0.2653673163418291	-0.034482758620689655	536.0	25468.75	-0.8035982008995503	-23.0	32.98709264882491	33976.0	0.701219512195122	-23.0	7510822.0	229212.09716796875	301.0	32.743902439024396	-1074.0	-9.176829268292684	2648.0	3879.8534798534797	312.0	-0.7464114832535885	7.043062200956937	2212.0	4779776.0	98.64675881817803	5.291866028708133	-2944.0	
1500.0	6.358695652173913	1668.0	8.184782608695652	1.4891304347826086	2116.0	-179.0	0.26836581709145424	-0.037481259370314844	536.0	25478.515625	-0.8035982008995503	-25.0	32.98709264882491	33976.0	1.829268292682927	-60.0	7511142.0	229221.86279296875	283.0	29.35975609756098	-963.0	-8.628048780487806	2640.0	3868.131868131868	252.0	-0.6028708133971291	6.880382775119617	2112.0	4779776.0	98.64675881817803	5.052631578947368	-2876.0	
1523.0	6.315217391304348	1672.0	7.934782608695652	1.6304347826086956	2103.0	-181.0	0.27136431784107945	-0.038980509745127435	541.0	25488.28125	-0.8110944527736131	-26.0	32.98709264882491	33976.0	4.481707317073171	-147.0	7511462.0	229231.62841796875	243.0	30.60975609756098	-1004.0	-7.408536585365854	2660.0	3897.4358974358975	208.0	-0.49760765550239233	6.526315789473684	2092.0	4779776.0	98.64675881817803	5.0047846889952154	-2728.0	
1549.0	6.032608695652174	1698.0	7.6521739130434785	1.684782608695652	2098.0	-183.0	0.27436281859070466	-0.02848575712143928	544.0	25498.046875	-0.815592203898051	-19.0	32.98709264882491	33976.0	8.871951219512196	-291.0	7511782.0	229241.39404296875	164.0	35.97560975609756	-1180.0	-5.000000000000001	2639.0	3866.6666666666665	144.0	-0.34449760765550236	6.200956937799043	2012.0	4779776.0	98.64675881817803	4.813397129186603	-2592.0	
1564.0	5.760869565217392	1723.0	7.489130434782608	1.9456521739130435	2074.0	-186.0	0.2788605697151424	-0.041979010494752625	542.0	25507.8125	-0.8125937031484257	-28.0	32.98709264882491	33976.0	13.567073170731708	-445.0	7512102.0	229251.15966796875	41.0	40.82317073170732	-1339.0	-1.2500000000000002	2654.0	3888.644688644689	16.0	-0.03827751196172249	5.952153110047846	1848.0	4779776.0	98.64675881817803	4.421052631578947	-2488.0	
1591.0	5.293478260869565	1766.0	7.195652173913043	2.2391304347826084	2047.0	-189.0	0.2833583208395802	-0.038980509745127435	534.0	25517.578125	-0.800599700149925	-26.0	32.98709264882491	33976.0	20.335365853658537	-667.0	7512422.0	229260.92529296875	-53.0	46.21951219512196	-1516.0	1.6158536585365855	2623.0	3843.223443223443	-124.0	0.2966507177033493	5.684210526315789	1656.0	4779840.0	98.64610762641068	3.9617224880382773	-2376.0	
1620.0	5.021739130434782	1791.0	6.880434782608695	2.4891304347826084	2024.0	-192.0	0.28785607196401797	-0.031484257871064465	544.0	25527.34375	-0.815592203898051	-21.0	32.98709264882491	33976.0	27.5609756097561	-904.0	7512742.0	229270.69091796875	-154.0	52.13414634146342	-1710.0	4.695121951219512	2648.0	3879.8534798534797	-256.0	0.6124401913875598	5.330143540669856	1444.0	4779840.0	98.64610762641068	3.4545454545454546	-2228.0	
1654.0	4.58695652173913	1831.0	6.510869565217391	2.5	2023.0	-184.0	0.27586206896551724	-0.041979010494752625	541.0	25537.109375	-0.8110944527736131	-28.0	32.98709264882491	33976.0	35.57926829268293	-1167.0	7513062.0	229280.45654296875	-179.0	59.115853658536594	-1939.0	5.457317073170732	2644.0	3873.992673992674	-256.0	0.6124401913875598	4.937799043062201	1248.0	4779840.0	98.64610762641068	2.985645933014354	-2064.0	
1691.0	4.380434782608695	1850.0	6.108695652173913	2.260869565217391	2045.0	-193.0	0.2893553223388306	-0.031484257871064465	527.0	25546.875	-0.7901049475262368	-21.0	32.98709264882491	33976.0	44.75609756097561	-1468.0	7513382.0	229290.22216796875	-180.0	67.43902439024392	-2212.0	5.487804878048781	2636.0	3862.2710622710624	-144.0	0.34449760765550236	4.4688995215311005	1176.0	4779840.0	98.64610762641068	2.813397129186603	-1868.0	
1726.0	4.3478260869565215	1853.0	5.728260869565217	1.9565217391304348	2073.0	-193.0	0.2893553223388306	-0.046476761619190406	530.0	25556.640625	-0.7946026986506747	-31.0	32.98709264882491	33976.0	53.44512195121952	-1753.0	7513702.0	229299.98779296875	-120.0	80.51829268292684	-2641.0	3.658536585365854	2658.0	3894.5054945054944	0.0	0.0	4.019138755980861	1152.0	4779840.0	98.64610762641068	2.755980861244019	-1680.0	
1743.0	4.25	1862.0	5.543478260869565	1.6521739130434783	2101.0	-196.0	0.29385307346326833	-0.046476761619190406	531.0	25566.40625	-0.7961019490254873	-31.0	32.98709264882491	33976.0	61.92073170731708	-2031.0	7514022.0	229309.75341796875	-72.0	95.94512195121952	-3147.0	2.1951219512195124	2650.0	3882.7838827838827	116.0	-0.27751196172248804	3.7799043062200957	1124.0	4779904.0	98.6454564347895	2.688995215311005	-1580.0	
1744.0	4.206521739130435	1866.0	5.532608695652174	1.467391304347826	2118.0	-208.0	0.3118440779610195	-0.050974512743628186	517.0	25576.171875	-0.775112443778111	-34.0	32.98709264882491	33976.0	70.51829268292684	-2313.0	7514342.0	229319.51904296875	-8.0	109.35975609756099	-3587.0	0.24390243902439027	2645.0	3875.4578754578756	232.0	-0.5550239234449761	3.7320574162679425	1104.0	4779904.0	98.6454564347895	2.6411483253588517	-1560.0	
1753.0	4.326086956521739	1855.0	5.434782608695652	1.076086956521739	2154.0	-207.0	0.3103448275862069	-0.050974512743628186	519.0	25585.9375	-0.7781109445277361	-34.0	32.98709264882491	33976.0	80.00000000000001	-2624.0	7514662.0	229329.28466796875	32.0	117.89634146341464	-3867.0	-0.9756097560975611	2641.0	3869.5970695970695	320.0	-0.7655502392344498	3.7224880382775116	1132.0	4779904.0	98.6454564347895	2.7081339712918657	-1556.0	
1764.0	4.532608695652174	1836.0	5.315217391304348	0.9021739130434783	2170.0	-216.0	0.3238380809595202	-0.05997001499250375	507.0	25595.703125	-0.760119940029985	-40.0	32.98709264882491	33976.0	89.69512195121952	-2942.0	7514982.0	229339.05029296875	64.0	126.79878048780489	-4159.0	-1.9512195121951221	2636.0	3862.2710622710624	436.0	-1.0430622009569377	3.665071770334928	1224.0	4779904.0	98.6454564347895	2.92822966507177	-1532.0	
1770.0	4.6521739130434785	1825.0	5.25	0.7608695652173912	2183.0	-220.0	0.3298350824587706	-0.05997001499250375	498.0	25605.46875	-0.7466266866566716	-40.0	32.98709264882491	33976.0	100.73170731707317	-3304.0	7515302.0	229348.81591796875	13.0	136.09756097560978	-4464.0	-0.39634146341463417	2636.0	3862.2710622710624	480.0	-1.1483253588516746	3.5023923444976077	1300.0	4779904.0	98.6454564347895	3.110047846889952	-1464.0	
1784.0	4.804347826086956	1811.0	5.0978260869565215	0.7608695652173912	2183.0	-224.0	0.335832083958021	-0.06446776611694152	487.0	25615.234375	-0.7301349325337331	-43.0	32.98709264882491	33976.0	111.92073170731709	-3671.0	7515622.0	229358.58154296875	-138.0	143.62804878048783	-4711.0	4.207317073170732	2648.0	3879.8534798534797	512.0	-1.2248803827751196	3.3492822966507174	1296.0	4780096.0	98.64350286080283	3.1004784688995213	-1400.0	
1803.0	4.75	1816.0	4.891304347826087	0.6847826086956521	2190.0	-224.0	0.335832083958021	-0.06446776611694152	487.0	25625.0	-0.7301349325337331	-43.0	32.98709264882491	33976.0	122.13414634146342	-4006.0	7515942.0	229368.34716796875	-368.0	148.65853658536588	-4876.0	11.219512195121952	2629.0	3852.0146520146523	548.0	-1.3110047846889952	3.1196172248803826	1332.0	4780096.0	98.64350286080283	3.186602870813397	-1304.0	
1832.0	5.021739130434782	1791.0	4.576086956521739	0.18478260869565216	2236.0	-238.0	0.3568215892053973	-0.07196401799100449	479.0	25634.765625	-0.7181409295352323	-48.0	32.98709264882491	33976.0	133.96341463414635	-4394.0	7516262.0	229378.11279296875	-640.0	150.91463414634148	-4950.0	19.512195121951223	2641.0	3869.5970695970695	752.0	-1.7990430622009568	2.803827751196172	1420.0	4780096.0	98.64350286080283	3.3971291866028706	-1172.0	
1865.0	5.478260869565217	1749.0	4.217391304347826	-0.3804347826086956	2288.0	-238.0	0.3568215892053973	-0.07196401799100449	479.0	25644.53125	-0.7181409295352323	-48.0	32.98709264882491	33976.0	146.4939024390244	-4805.0	7516582.0	229387.87841796875	-876.0	154.26829268292684	-5060.0	26.707317073170735	2629.0	3852.0146520146523	1044.0	-2.4976076555023923	2.3636363636363638	1652.0	4780096.0	98.64350286080283	3.952153110047847	-988.0	
1902.0	5.923913043478261	1708.0	3.8152173913043477	-0.75	2322.0	-238.0	0.3568215892053973	-0.08545727136431784	460.0	25654.296875	-0.689655172413793	-57.0	32.98709264882491	33976.0	158.41463414634148	-5196.0	7516902.0	229397.64404296875	-994.0	162.6219512195122	-5334.0	30.30487804878049	2630.0	3853.479853479854	1196.0	-2.861244019138756	1.8373205741626792	1888.0	4780096.0	98.64350286080283	4.516746411483253	-768.0	
1919.0	6.141304347826087	1688.0	3.6304347826086953	-1.1304347826086956	2357.0	-241.0	0.3613193403298351	-0.08845577211394302	448.0	25664.0625	-0.671664167916042	-59.0	32.98709264882491	33976.0	171.40243902439025	-5622.0	7517222.0	229407.40966796875	-1116.0	169.57317073170734	-5562.0	34.024390243902445	2642.0	3871.062271062271	1408.0	-3.3684210526315788	1.416267942583732	2000.0	4780096.0	98.64350286080283	4.784688995215311	-592.0	
1958.0	6.282608695652174	1675.0	3.2065217391304346	-1.2282608695652173	2366.0	-238.0	0.3568215892053973	-0.10344827586206896	439.0	25673.828125	-0.6581709145427286	-69.0	32.98709264882491	33976.0	183.8719512195122	-6031.0	7517542.0	229417.17529296875	-1112.0	175.64024390243904	-5761.0	33.90243902439025	2626.0	3847.6190476190477	1432.0	-3.4258373205741623	1.0813397129186602	2048.0	4780096.0	98.64350286080283	4.899521531100478	-452.0	
1984.0	6.3478260869565215	1669.0	2.9239130434782608	-1.0217391304347825	2347.0	-253.0	0.3793103448275862	-0.10944527736131934	429.0	25683.59375	-0.6431784107946027	-73.0	32.98709264882491	33976.0	196.00609756097563	-6429.0	7517862.0	229426.94091796875	-1111.0	180.06097560975613	-5906.0	33.8719512195122	2644.0	3873.992673992674	1360.0	-3.253588516746411	0.7559808612440191	2052.0	4780096.0	98.64350286080283	4.909090909090909	-316.0	
2005.0	6.4021739130434785	1664.0	2.6956521739130435	-1.0217391304347825	2347.0	-250.0	0.3748125937031484	-0.12443778110944527	412.0	25693.359375	-0.6176911544227885	-83.0	32.98709264882491	33976.0	208.65853658536588	-6844.0	7518182.0	229436.70654296875	-1186.0	180.39634146341464	-5917.0	36.15853658536586	2641.0	3869.5970695970695	1364.0	-3.263157894736842	0.4784688995215311	2052.0	4780096.0	98.64350286080283	4.909090909090909	-200.0	
2028.0	6.728260869565217	1634.0	2.4456521739130435	-1.684782608695652	2408.0	-254.0	0.38080959520239877	-0.11544227886056971	397.0	25703.125	-0.5952023988005997	-77.0	32.98709264882491	33976.0	220.3658536585366	-7228.0	7518502.0	229446.47216796875	-1395.0	174.39024390243904	-5720.0	42.53048780487805	2635.0	3860.805860805861	1680.0	-4.019138755980861	0.21052631578947367	2216.0	4780096.0	98.64350286080283	5.301435406698564	-88.0	
2068.0	7.467391304347826	1566.0	2.010869565217391	-2.0	2437.0	-252.0	0.3778110944527736	-0.12893553223388304	385.0	25712.890625	-0.5772113943028485	-86.0	32.98709264882491	33976.0	231.43292682926833	-7591.0	7518822.0	229456.23779296875	-1565.0	171.03658536585368	-5610.0	47.713414634146346	2647.0	3878.388278388278	1816.0	-4.344497607655502	-0.3062200956937799	2552.0	4780240.0	98.64203768117602	6.105263157894736	128.0	
2111.0	8.130434782608695	1505.0	1.5434782608695652	-2.402173913043478	2474.0	-259.0	0.38830584707646176	-0.136431784107946	365.0	25722.65625	-0.5472263868065966	-91.0	32.98709264882491	33976.0	243.35365853658539	-7982.0	7519142.0	229466.00341796875	-1949.0	168.75000000000003	-5535.0	59.42073170731708	2628.0	3850.5494505494507	2008.0	-4.803827751196172	-0.8421052631578947	2888.0	4780240.0	98.64203768117602	6.909090909090909	352.0	
2141.0	8.826086956521738	1441.0	1.2173913043478262	-2.9456521739130435	2524.0	-257.0	0.38530734632683655	-0.13343328335832083	348.0	25732.421875	-0.5217391304347826	-89.0	32.98709264882491	33976.0	257.7743902439025	-8455.0	7519462.0	229475.76904296875	-2553.0	164.96951219512198	-5411.0	77.83536585365854	2635.0	3860.805860805861	2124.0	-5.08133971291866	-1.0909090909090908	3048.0	4780240.0	98.64203768117602	7.291866028708133	456.0	
2167.0	9.467391304347826	1382.0	0.9347826086956521	-3.369565217391304	2563.0	-254.0	0.38080959520239877	-0.14992503748125938	331.0	25742.1875	-0.4962518740629685	-100.0	32.98709264882491	33976.0	271.76829268292687	-8914.0	7519782.0	229485.53466796875	-3065.0	162.7439024390244	-5338.0	93.44512195121952	2643.0	3872.5274725274726	2360.0	-5.645933014354067	-1.5789473684210527	3368.0	4780240.0	98.64203768117602	8.057416267942584	660.0	
2217.0	10.25	1310.0	0.3913043478260869	-3.369565217391304	2563.0	-251.0	0.37631184407796103	-0.14692653673163417	314.0	25751.953125	-0.4707646176911544	-98.0	32.98709264882491	33976.0	285.2743902439025	-9357.0	7520102.0	229495.30029296875	-3707.0	162.37804878048783	-5326.0	113.01829268292684	2636.0	3862.2710622710624	2456.0	-5.875598086124402	-2.0095693779904304	3724.0	4780240.0	98.64203768117602	8.909090909090908	840.0	
2252.0	10.76086956521739	1263.0	0.010869565217391304	-2.8152173913043477	2512.0	-249.0	0.3733133433283358	-0.15892053973013492	297.0	25761.71875	-0.4452773613193403	-106.0	32.98709264882491	33976.0	300.5487804878049	-9858.0	7520422.0	229505.06591796875	-4291.0	160.88414634146343	-5277.0	130.82317073170734	2636.0	3862.2710622710624	2156.0	-5.157894736842105	-2.5837320574162677	3984.0	4780416.0	98.64024690708142	9.531100478468899	1080.0	
2276.0	11.043478260869565	1237.0	-0.25	-2.4891304347826084	2482.0	-240.0	0.35982008995502246	-0.15892053973013492	279.0	25771.484375	-0.41829085457271364	-106.0	32.98709264882491	33976.0	317.6219512195122	-10418.0	7520742.0	229514.83154296875	-5251.0	149.08536585365854	-4890.0	160.09146341463415	2626.0	3847.6190476190477	2036.0	-4.8708133971291865	-2.909090909090909	4124.0	4780416.0	98.64024690708142	9.866028708133971	1216.0	
2274.0	11.282608695652174	1215.0	-0.22826086956521738	-1.9565217391304348	2433.0	-230.0	0.3448275862068965	-0.1619190404797601	249.0	25781.25	-0.3733133433283358	-108.0	32.98709264882491	33976.0	338.4756097560976	-11102.0	7521062.0	229524.59716796875	-6224.0	124.32926829268294	-4078.0	189.75609756097563	2647.0	3878.388278388278	1960.0	-4.688995215311005	-2.9665071770334928	4236.0	4780416.0	98.64024690708142	10.133971291866029	1240.0	
2248.0	11.5	1195.0	0.05434782608695652	-0.7717391304347826	2324.0	-224.0	0.335832083958021	-0.1679160419790105	233.0	25791.015625	-0.3493253373313343	-112.0	32.98709264882491	33976.0	360.88414634146346	-11837.0	7521382.0	229534.36279296875	-6743.0	83.04878048780489	-2724.0	205.57926829268294	2640.0	3868.131868131868	1488.0	-3.5598086124401913	-2.7464114832535884	4348.0	4780416.0	98.64024690708142	10.401913875598085	1148.0	
2218.0	11.67391304347826	1179.0	0.3804347826086956	-2.293478260869565	2464.0	-213.0	0.3193403298350824	-0.17541229385307347	216.0	25800.78125	-0.3238380809595202	-117.0	32.98709264882491	33976.0	387.5304878048781	-12711.0	7521702.0	229544.12841796875	-6269.0	25.243902439024392	-828.0	191.12804878048783	2636.0	3862.2710622710624	1716.0	-4.105263157894736	-2.2583732057416266	4452.0	4780416.0	98.64024690708142	10.650717703349281	944.0	
2315.0	9.706521739130434	1360.0	-0.6739130434782609	-3.6304347826086953	2587.0	-210.0	0.3148425787106447	-0.17541229385307347	191.0	25810.546875	-0.2863568215892054	-117.0	32.98709264882491	33976.0	405.36585365853665	-13296.0	7522022.0	229553.89404296875	-6814.0	24.78658536585366	-813.0	207.7439024390244	2639.0	3866.6666666666665	2756.0	-6.5933014354066986	-3.062200956937799	3644.0	4780144.0	98.64301446751166	8.717703349282296	1280.0	
2672.0	7.663043478260869	1548.0	-4.554347826086956	-2.119565217391304	2448.0	-196.0	0.29385307346326833	-0.1664167916041979	175.0	25820.3125	-0.2623688155922039	-111.0	32.98709264882491	33976.0	400.3658536585366	-13132.0	7522342.0	229563.65966796875	-6367.0	132.5	-4346.0	194.1158536585366	2643.0	3872.5274725274726	1364.0	-3.263157894736842	-8.17224880382775	2684.0	4780144.0	98.64301446751166	6.421052631578947	3416.0	
2844.0	7.967391304347826	1520.0	-6.423913043478261	-1.967391304347826	2434.0	-189.0	0.2833583208395802	-0.1649175412293853	154.0	25830.078125	-0.23088455772113942	-110.0	32.98709264882491	33976.0	395.64024390243907	-12977.0	7522662.0	229573.42529296875	-7291.0	140.5487804878049	-4610.0	222.28658536585368	2623.0	3843.223443223443	1860.0	-4.449760765550239	-10.200956937799043	2820.0	4780144.0	98.64301446751166	6.746411483253588	4264.0	
2802.0	9.369565217391305	1391.0	-5.967391304347826	-0.532608695652174	2302.0	-170.0	0.25487256371814093	-0.1649175412293853	133.0	25839.84375	-0.19940029985007496	-110.0	32.98709264882491	33976.0	387.95731707317077	-12725.0	7522982.0	229583.19091796875	-7394.0	114.57317073170732	-3758.0	225.4268292682927	2645.0	3875.4578754578756	1180.0	-2.8229665071770333	-9.454545454545455	3484.0	4780144.0	98.64301446751166	8.33492822966507	3952.0	
2730.0	10.380434782608695	1298.0	-5.184782608695652	0.41304347826086957	2215.0	-154.0	0.23088455772113942	-0.14392803598200898	110.0	25849.609375	-0.1649175412293853	-96.0	32.98709264882491	33976.0	387.3475609756098	-12705.0	7523302.0	229592.95654296875	-6819.0	76.09756097560977	-2496.0	207.89634146341464	2637.0	3863.736263736264	828.0	-1.9808612440191387	-8.593301435406698	3908.0	4780144.0	98.64301446751166	9.349282296650717	3592.0	
2709.0	9.847826086956522	1347.0	-4.956521739130435	0.5760869565217391	2200.0	-145.0	0.21739130434782608	-0.14392803598200898	86.0	25859.375	-0.12893553223388304	-96.0	32.98709264882491	33976.0	401.9817073170732	-13185.0	7523622.0	229602.72216796875	-6618.0	42.83536585365854	-1405.0	201.76829268292684	2635.0	3860.805860805861	728.0	-1.7416267942583732	-8.277511961722487	3540.0	4780080.0	98.6436656585848	8.4688995215311	3460.0	
2757.0	8.33695652173913	1486.0	-5.478260869565217	0.5869565217391304	2199.0	-134.0	0.20089955022488756	-0.1199400299850075	74.0	25869.140625	-0.11094452773613193	-80.0	32.98709264882491	33976.0	412.43902439024396	-13528.0	7523942.0	229612.48779296875	-6572.0	14.390243902439027	-472.0	200.3658536585366	2642.0	3871.062271062271	704.0	-1.6842105263157894	-8.956937799043061	2772.0	4780080.0	98.6436656585848	6.63157894736842	3744.0	
2856.0	6.380434782608695	1666.0	-6.554347826086956	0.7608695652173912	2183.0	-129.0	0.1934032983508246	-0.10344827586206896	52.0	25878.90625	-0.07796101949025487	-69.0	32.98709264882491	33976.0	409.32926829268297	-13426.0	7524262.0	229622.25341796875	-6080.0	-11.981707317073171	393.0	185.3658536585366	2631.0	3854.945054945055	600.0	-1.4354066985645932	-10.31578947368421	1932.0	4780080.0	98.6436656585848	4.62200956937799	4312.0	
2978.0	4.83695652173913	1808.0	-7.880434782608695	0.858695652173913	2174.0	-119.0	0.17841079460269865	-0.08545727136431784	34.0	25888.671875	-0.050974512743628186	-57.0	32.98709264882491	33976.0	392.0426829268293	-12859.0	7524582.0	229632.01904296875	-5211.0	-36.676829268292686	1203.0	158.8719512195122	2632.0	3856.4102564102564	552.0	-1.3205741626794258	-11.205741626794257	1600.0	4780080.0	98.6436656585848	3.827751196172249	4684.0	
3114.0	3.9130434782608696	1893.0	-9.358695652173912	0.9565217391304348	2165.0	-122.0	0.1829085457271364	-0.05997001499250375	24.0	25898.4375	-0.035982008995502246	-40.0	32.98709264882491	33976.0	371.00609756097566	-12169.0	7524902.0	229641.78466796875	-4040.0	-56.21951219512196	1844.0	123.17073170731709	2638.0	3865.2014652014655	544.0	-1.3014354066985645	-13.043062200956937	1088.0	4780080.0	98.6436656585848	2.602870813397129	5452.0	
3262.0	3.793478260869565	1904.0	-10.967391304347826	0.9239130434782609	2168.0	-114.0	0.17091454272863568	-0.035982008995502246	5.0	25908.203125	-0.0074962518740629685	-24.0	32.98709264882491	33976.0	352.469512195122	-11561.0	7525222.0	229651.55029296875	-2729.0	-70.79268292682927	2322.0	83.20121951219512	2642.0	3871.062271062271	528.0	-1.263157894736842	-14.727272727272727	896.0	4780144.0	98.64301446751166	2.1435406698564594	6156.0	
3366.0	4.184782608695652	1868.0	-12.097826086956522	1.108695652173913	2151.0	-116.0	0.17391304347826086	-0.008995502248875561	1.0	25917.96875	-0.0014992503748125937	-6.0	32.98709264882491	33976.0	338.4146341463415	-11100.0	7525542.0	229661.31591796875	-1224.0	-83.07926829268294	2725.0	37.31707317073171	2645.0	3875.4578754578756	476.0	-1.138755980861244	-16.210526315789473	1040.0	4780144.0	98.64301446751166	2.488038277511962	6776.0	
3493.0	5.108695652173913	1783.0	-13.478260869565217	1.3695652173913042	2127.0	-118.0	0.17691154422788605	0.013493253373313342	-7.0	25927.734375	0.010494752623688156	9.0	32.98709264882491	33976.0	330.06097560975616	-10826.0	7525862.0	229671.08154296875	219.0	-94.90853658536587	3113.0	-6.676829268292684	2648.0	3879.8534798534797	380.0	-0.9090909090909091	-17.617224880382775	1400.0	4780144.0	98.64301446751166	3.3492822966507174	7364.0	
3591.0	6.076086956521739	1694.0	-14.543478260869565	1.4782608695652173	2117.0	-121.0	0.18140929535232383	0.041979010494752625	-21.0	25937.5	0.031484257871064465	28.0	32.98709264882491	33976.0	323.38414634146346	-10607.0	7526182.0	229680.84716796875	1512.0	-103.81097560975611	3405.0	-46.09756097560976	2644.0	3873.992673992674	328.0	-0.784688995215311	-18.985645933014354	1864.0	4780144.0	98.64301446751166	4.45933014354067	7936.0	
3680.0	7.010869565217391	1608.0	-15.51086956521739	1.641304347826087	2102.0	-134.0	0.20089955022488756	0.06746626686656672	-21.0	25947.265625	0.031484257871064465	45.0	32.98709264882491	33976.0	317.6219512195122	-10418.0	7526502.0	229690.61279296875	2471.0	-110.21341463414635	3615.0	-75.33536585365854	2627.0	3849.084249084249	260.0	-0.6220095693779905	-20.105263157894736	2312.0	4780144.0	98.64301446751166	5.5311004784688995	8404.0	
3731.0	7.978260869565217	1519.0	-16.065217391304348	1.6956521739130435	2097.0	-139.0	0.2083958020989505	0.08695652173913043	-35.0	25957.03125	0.05247376311844078	58.0	32.98709264882491	33976.0	311.06707317073176	-10203.0	7526822.0	229700.37841796875	3165.0	-114.93902439024392	3770.0	-96.4939024390244	2637.0	3863.736263736264	244.0	-0.5837320574162679	-20.717703349282296	2764.0	4780080.0	98.6436656585848	6.6124401913875595	8660.0	
3722.0	8.858695652173912	1438.0	-15.967391304347826	2.032608695652174	2066.0	-145.0	0.21739130434782608	0.1169415292353823	-33.0	25966.796875	0.04947526236881559	78.0	32.98709264882491	33976.0	302.1646341463415	-9911.0	7527142.0	229710.14404296875	3442.0	-117.65243902439026	3859.0	-104.93902439024392	2640.0	3868.131868131868	100.0	-0.23923444976076555	-20.74641148325359	3212.0	4780080.0	98.6436656585848	7.684210526315789	8672.0	
3667.0	9.76086956521739	1355.0	-15.369565217391305	2.0217391304347827	2067.0	-150.0	0.22488755622188905	0.14692653673163417	-41.0	25976.5625	0.06146926536731634	98.0	32.98709264882491	33976.0	290.4268292682927	-9526.0	7527462.0	229719.90966796875	3340.0	-117.8658536585366	3866.0	-101.82926829268294	2641.0	3869.5970695970695	100.0	-0.23923444976076555	-20.248803827751196	3664.0	4780080.0	98.6436656585848	8.76555023923445	8464.0	
3620.0	10.445652173913043	1292.0	-14.858695652173912	1.641304347826087	2102.0	-158.0	0.2368815592203898	0.17691154422788605	-40.0	25986.328125	0.05997001499250375	118.0	32.98709264882491	33976.0	276.25	-9061.0	7527782.0	229729.67529296875	2889.0	-111.73780487804879	3665.0	-88.07926829268294	2629.0	3852.0146520146523	236.0	-0.5645933014354066	-19.406698564593302	3996.0	4780080.0	98.6436656585848	9.559808612440191	8112.0	
3532.0	10.706521739130434	1268.0	-13.902173913043478	1.3804347826086956	2126.0	-170.0	0.25487256371814093	0.20539730134932532	-39.0	25996.09375	0.05847076461769115	137.0	32.98709264882491	33976.0	257.07317073170736	-8432.0	7528102.0	229739.44091796875	2167.0	-100.82317073170732	3307.0	-66.06707317073172	2640.0	3868.131868131868	352.0	-0.8421052631578947	-18.258373205741627	4100.0	4780080.0	98.6436656585848	9.808612440191387	7632.0	
3440.0	10.489130434782608	1288.0	-12.902173913043478	1.326086956521739	2131.0	-166.0	0.24887556221889054	0.2338830584707646	-38.0	26005.859375	0.05697151424287856	156.0	32.98709264882491	33976.0	232.28658536585368	-7619.0	7528422.0	229749.20654296875	1270.0	-88.75000000000001	2911.0	-38.71951219512196	2649.0	3881.3186813186812	388.0	-0.9282296650717703	-17.062200956937797	3996.0	4780032.0	98.64415405198557	9.559808612440191	7132.0	
3345.0	9.945652173913043	1338.0	-11.869565217391305	1.0543478260869565	2156.0	-182.0	0.272863568215892	0.2368815592203898	-34.0	26015.625	0.050974512743628186	158.0	32.98709264882491	33976.0	204.75609756097563	-6716.0	7528742.0	229758.97216796875	353.0	-76.82926829268294	2520.0	-10.76219512195122	2633.0	3857.875457875458	452.0	-1.0813397129186602	-15.779904306220095	3760.0	4780032.0	98.64415405198557	8.995215311004785	6596.0	
3250.0	9.119565217391305	1414.0	-10.83695652173913	1.0978260869565217	2152.0	-179.0	0.26836581709145424	0.2638680659670165	-24.0	26025.390625	0.035982008995502246	176.0	32.98709264882491	33976.0	174.75609756097563	-5732.0	7529062.0	229768.73779296875	-518.0	-65.39634146341464	2145.0	15.79268292682927	2647.0	3878.388278388278	436.0	-1.0430622009569377	-14.803827751196172	3348.0	4780032.0	98.64415405198557	8.009569377990431	6188.0	
3186.0	7.967391304347826	1520.0	-10.141304347826086	1.2608695652173914	2137.0	-182.0	0.272863568215892	0.27586206896551724	-28.0	26035.15625	0.041979010494752625	184.0	32.98709264882491	33976.0	143.8109756097561	-4717.0	7529382.0	229778.50341796875	-1127.0	-56.524390243902445	1854.0	34.359756097560975	2650.0	3882.7838827838827	424.0	-1.014354066985646	-14.382775119617225	3080.0	4780032.0	98.64415405198557	7.368421052631579	6012.0	
3135.0	6.760869565217391	1631.0	-9.58695652173913	1.141304347826087	2148.0	-193.0	0.2893553223388306	0.29385307346326833	-23.0	26044.921875	0.034482758620689655	196.0	32.98709264882491	33976.0	113.35365853658537	-3718.0	7529702.0	229788.26904296875	-1398.0	-49.81707317073171	1634.0	42.6219512195122	2637.0	3863.736263736264	392.0	-0.937799043062201	-13.645933014354066	2504.0	4780032.0	98.64415405198557	5.990430622009569	5704.0	
3088.0	5.565217391304348	1741.0	-9.076086956521738	1.326086956521739	2131.0	-191.0	0.2863568215892054	0.29535232383808097	-26.0	26054.6875	0.038980509745127435	197.0	32.98709264882491	33976.0	84.42073170731707	-2769.0	7530022.0	229798.03466796875	-1341.0	-44.48170731707317	1459.0	40.88414634146342	2641.0	3869.5970695970695	332.0	-0.7942583732057416	-13.081339712918659	1936.0	4780176.0	98.64268887202992	4.631578947368421	5468.0	
3074.0	4.923913043478261	1800.0	-8.92391304347826	1.3804347826086956	2126.0	-197.0	0.29535232383808097	0.29235382308845576	-25.0	26064.453125	0.037481259370314844	195.0	32.98709264882491	33976.0	56.676829268292686	-1859.0	7530342.0	229807.80029296875	-958.0	-38.65853658536586	1268.0	29.207317073170735	2635.0	3860.805860805861	304.0	-0.7272727272727273	-12.708133971291865	1544.0	4780176.0	98.64268887202992	3.69377990430622	5312.0	
3039.0	4.663043478260869	1824.0	-8.543478260869565	1.5978260869565217	2106.0	-189.0	0.2833583208395802	0.3028485757121439	-23.0	26074.21875	0.034482758620689655	202.0	32.98709264882491	33976.0	34.54268292682927	-1133.0	7530662.0	229817.56591796875	-353.0	-35.09146341463415	1151.0	10.76219512195122	2645.0	3875.4578754578756	216.0	-0.5167464114832536	-12.47846889952153	1396.0	4780176.0	98.64268887202992	3.339712918660287	5216.0	
3039.0	4.695652173913043	1821.0	-8.543478260869565	1.6521739130434783	2101.0	-198.0	0.29685157421289354	0.3028485757121439	-25.0	26083.984375	0.037481259370314844	202.0	32.98709264882491	33976.0	18.902439024390247	-620.0	7530982.0	229827.33154296875	257.0	-29.634146341463417	972.0	-7.835365853658537	2646.0	3876.923076923077	156.0	-0.37320574162679426	-12.267942583732056	1360.0	4780176.0	98.64268887202992	3.253588516746411	5128.0	
3025.0	4.717391304347826	1819.0	-8.391304347826086	1.6195652173913042	2104.0	-194.0	0.2908545727136432	0.30134932533733133	-18.0	26093.75	0.026986506746626684	201.0	32.98709264882491	33976.0	7.225609756097562	-237.0	7531302.0	229837.09716796875	897.0	-19.573170731707318	642.0	-27.34756097560976	2652.0	3885.714285714286	180.0	-0.43062200956937796	-12.057416267942584	1364.0	4780176.0	98.64268887202992	3.263157894736842	5040.0	
2992.0	4.619565217391305	1828.0	-8.032608695652174	1.7934782608695652	2088.0	-196.0	0.29385307346326833	0.3058470764617691	-18.0	26103.515625	0.026986506746626684	204.0	32.98709264882491	33976.0	-3.0182926829268295	99.0	7531622.0	229846.86279296875	1591.0	-10.365853658536587	340.0	-48.50609756097561	2637.0	3863.736263736264	88.0	-0.21052631578947367	-11.70334928229665	1332.0	4779984.0	98.64464244546852	3.186602870813397	4892.0	
2952.0	4.717391304347826	1819.0	-7.5978260869565215	1.9891304347826086	2070.0	-200.0	0.29985007496251875	0.3058470764617691	-19.0	26113.28125	0.02848575712143928	204.0	32.98709264882491	33976.0	-10.457317073170733	343.0	7531942.0	229856.62841796875	2305.0	-2.408536585365854	79.0	-70.27439024390245	2635.0	3860.805860805861	4.0	-0.009569377990430622	-11.148325358851674	1344.0	4779984.0	98.64464244546852	3.215311004784689	4660.0	
2910.0	4.956521739130435	1797.0	-7.141304347826087	2.217391304347826	2049.0	-200.0	0.29985007496251875	0.3073463268365817	-20.0	26123.046875	0.029985007496251874	205.0	32.98709264882491	33976.0	-15.213414634146343	499.0	7532262.0	229866.39404296875	2988.0	2.957317073170732	-97.0	-91.09756097560977	2638.0	3865.2014652014655	-96.0	0.2296650717703349	-10.574162679425838	1444.0	4779984.0	98.64464244546852	3.4545454545454546	4420.0	
2870.0	5.434782608695652	1753.0	-6.706521739130435	2.391304347826087	2033.0	-199.0	0.2983508245877061	0.31634182908545727	-21.0	26132.8125	0.031484257871064465	211.0	32.98709264882491	33976.0	-17.31707317073171	568.0	7532582.0	229876.15966796875	3571.0	6.951219512195123	-228.0	-108.87195121951221	2647.0	3878.388278388278	-176.0	0.42105263157894735	-10.105263157894736	1652.0	4779984.0	98.64464244546852	3.952153110047847	4224.0	
2841.0	5.891304347826087	1711.0	-6.391304347826087	2.532608695652174	2020.0	-197.0	0.29535232383808097	0.32233883058470764	-14.0	26142.578125	0.020989505247376312	215.0	32.98709264882491	33976.0	-15.914634146341465	522.0	7532902.0	229885.92529296875	4005.0	10.579268292682928	-347.0	-122.10365853658537	2648.0	3879.8534798534797	-220.0	0.5263157894736842	-9.760765550239235	1892.0	4779984.0	98.64464244546852	4.526315789473684	4080.0	
2823.0	6.369565217391304	1667.0	-6.195652173913043	2.630434782608696	2011.0	-193.0	0.2893553223388306	0.32083958020989506	-23.0	26152.34375	0.034482758620689655	214.0	32.98709264882491	33976.0	-12.103658536585368	397.0	7533222.0	229895.69091796875	4245.0	13.902439024390246	-456.0	-129.4207317073171	2654.0	3888.644688644689	-252.0	0.6028708133971291	-9.416267942583731	2056.0	4780016.0	98.64431684980407	4.918660287081339	3936.0	
2793.0	6.706521739130435	1636.0	-5.869565217391304	2.652173913043478	2009.0	-195.0	0.29235382308845576	0.3238380809595202	-24.0	26162.109375	0.035982008995502246	216.0	32.98709264882491	33976.0	-7.286585365853659	239.0	7533542.0	229905.45654296875	4326.0	16.646341463414636	-546.0	-131.89024390243904	2650.0	3882.7838827838827	-252.0	0.6028708133971291	-9.081339712918659	2200.0	4780016.0	98.64431684980407	5.263157894736842	3796.0	
2778.0	6.934782608695652	1615.0	-5.706521739130435	2.5	2023.0	-189.0	0.2833583208395802	0.328335832083958	-29.0	26171.875	0.043478260869565216	219.0	32.98709264882491	33976.0	-1.7987804878048783	59.0	7533862.0	229915.22216796875	4266.0	19.512195121951223	-640.0	-130.0609756097561	2632.0	3856.4102564102564	-216.0	0.5167464114832536	-8.803827751196172	2316.0	4780016.0	98.64431684980407	5.5406698564593295	3680.0	
2769.0	7.195652173913043	1591.0	-5.608695652173913	2.391304347826087	2033.0	-187.0	0.280359820089955	0.3313343328335832	-22.0	26181.640625	0.03298350824587706	221.0	32.98709264882491	33976.0	3.4451219512195124	-113.0	7534182.0	229924.98779296875	4034.0	22.865853658536587	-750.0	-122.98780487804879	2645.0	3875.4578754578756	-164.0	0.3923444976076555	-8.75598086124402	2364.0	4780016.0	98.64431684980407	5.655502392344498	3660.0	
2754.0	7.239130434782608	1587.0	-5.445652173913043	2.1956521739130435	2051.0	-187.0	0.280359820089955	0.33883058470764615	-30.0	26191.40625	0.04497751124437781	226.0	32.98709264882491	33976.0	8.292682926829269	-272.0	7534502.0	229934.75341796875	3685.0	26.76829268292683	-878.0	-112.34756097560977	2625.0	3846.153846153846	-92.0	0.2200956937799043	-8.593301435406698	2424.0	4780016.0	98.64431684980407	5.7990430622009566	3592.0	
2735.0	7.304347826086956	1581.0	-5.239130434782608	2.032608695652174	2066.0	-186.0	0.2788605697151424	0.34332833583208394	-25.0	26201.171875	0.037481259370314844	229.0	32.98709264882491	33976.0	12.317073170731708	-404.0	7534822.0	229944.51904296875	3214.0	30.152439024390247	-989.0	-97.98780487804879	2634.0	3859.3406593406594	-32.0	0.07655502392344497	-8.47846889952153	2472.0	4779856.0	98.6459448284917	5.913875598086124	3544.0	
2726.0	7.315217391304348	1580.0	-5.141304347826087	1.934782608695652	2075.0	-184.0	0.27586206896551724	0.3568215892053973	-29.0	26210.9375	0.043478260869565216	238.0	32.98709264882491	33976.0	15.51829268292683	-509.0	7535142.0	229954.28466796875	2728.0	34.11585365853659	-1119.0	-83.17073170731707	2643.0	3872.5274725274726	56.0	-0.1339712918660287	-8.44976076555024	2504.0	4779856.0	98.6459448284917	5.990430622009569	3532.0	
2739.0	7.293478260869565	1582.0	-5.282608695652174	1.8043478260869565	2087.0	-179.0	0.26836581709145424	0.3583208395802099	-31.0	26220.703125	0.046476761619190406	239.0	32.98709264882491	33976.0	17.225609756097562	-565.0	7535462.0	229964.05029296875	2235.0	37.34756097560976	-1225.0	-68.14024390243902	2631.0	3854.945054945055	108.0	-0.2583732057416268	-8.421052631578947	2484.0	4779856.0	98.6459448284917	5.942583732057416	3520.0	
2722.0	7.163043478260869	1594.0	-5.0978260869565215	1.8043478260869565	2087.0	-177.0	0.2653673163418291	0.35082458770614694	-28.0	26230.46875	0.041979010494752625	234.0	32.98709264882491	33976.0	16.646341463414636	-546.0	7535782.0	229973.81591796875	1767.0	39.93902439024391	-1310.0	-53.8719512195122	2644.0	3873.992673992674	148.0	-0.354066985645933	-8.44976076555024	2464.0	4779856.0	98.6459448284917	5.894736842105263	3532.0	
2739.0	7.130434782608695	1597.0	-5.282608695652174	1.7826086956521738	2089.0	-176.0	0.2638680659670165	0.36731634182908546	-27.0	26240.234375	0.04047976011994003	245.0	32.98709264882491	33976.0	14.26829268292683	-468.0	7536102.0	229983.58154296875	1436.0	42.07317073170732	-1380.0	-43.78048780487805	2651.0	3884.2490842490843	168.0	-0.4019138755980861	-8.488038277511961	2428.0	4779856.0	98.6459448284917	5.8086124401913874	3548.0	
2745.0	6.945652173913043	1614.0	-5.3478260869565215	1.7065217391304348	2096.0	-167.0	0.25037481259370314	0.36431784107946025	-31.0	26250.0	0.046476761619190406	243.0	32.98709264882491	33976.0	10.487804878048781	-344.0	7536422.0	229993.34716796875	1207.0	43.71951219512196	-1434.0	-36.79878048780488	2640.0	3868.131868131868	176.0	-0.42105263157894735	-8.535885167464114	2376.0	4780000.0	98.64447964763173	5.684210526315789	3568.0	
2762.0	6.880434782608695	1620.0	-5.532608695652174	1.7065217391304348	2096.0	-164.0	0.24587706146926536	0.36881559220389803	-30.0	26259.765625	0.04497751124437781	246.0	32.98709264882491	33976.0	5.975609756097562	-196.0	7536742.0	230003.11279296875	1088.0	43.50609756097561	-1427.0	-33.170731707317074	2642.0	3871.062271062271	168.0	-0.4019138755980861	-8.650717703349281	2304.0	4780000.0	98.64447964763173	5.511961722488038	3616.0	
2762.0	6.684782608695652	1638.0	-5.532608695652174	1.6739130434782608	2099.0	-167.0	0.25037481259370314	0.37181409295352325	-34.0	26269.53125	0.050974512743628186	248.0	32.98709264882491	33976.0	-0.24390243902439027	8.0	7537062.0	230012.87841796875	1067.0	43.14024390243903	-1415.0	-32.53048780487805	2631.0	3854.945054945055	188.0	-0.4497607655502392	-8.77511961722488	2248.0	4780000.0	98.64447964763173	5.37799043062201	3668.0	
2759.0	6.467391304347826	1658.0	-5.5	1.6739130434782608	2099.0	-168.0	0.2518740629685157	0.36731634182908546	-35.0	26279.296875	0.05247376311844078	245.0	32.98709264882491	33976.0	-7.896341463414635	259.0	7537382.0	230022.64404296875	1093.0	42.19512195121952	-1384.0	-33.32317073170732	2638.0	3865.2014652014655	208.0	-0.49760765550239233	-8.899521531100477	2172.0	4780000.0	98.64447964763173	5.196172248803827	3720.0	
2766.0	6.380434782608695	1666.0	-5.576086956521739	1.576086956521739	2108.0	-164.0	0.24587706146926536	0.3703148425787106	-37.0	26289.0625	0.05547226386806597	247.0	32.98709264882491	33976.0	-16.463414634146343	540.0	7537702.0	230032.40966796875	1164.0	41.34146341463415	-1356.0	-35.487804878048784	2637.0	3863.736263736264	228.0	-0.5454545454545454	-9.033492822966506	2140.0	4780000.0	98.64447964763173	5.119617224880383	3776.0	
2794.0	6.271739130434782	1676.0	-5.880434782608695	1.5543478260869565	2110.0	-161.0	0.24137931034482757	0.3748125937031484	-38.0	26298.828125	0.05697151424287856	250.0	32.98709264882491	33976.0	-26.76829268292683	878.0	7538022.0	230042.17529296875	1316.0	40.487804878048784	-1328.0	-40.1219512195122	2625.0	3846.153846153846	240.0	-0.5741626794258373	-9.196172248803828	2084.0	4780000.0	98.64447964763173	4.985645933014354	3844.0	
2800.0	6.173913043478261	1685.0	-5.945652173913043	1.6521739130434783	2101.0	-155.0	0.23238380809595202	0.3658170914542728	-37.0	26308.59375	0.05547226386806597	244.0	32.98709264882491	33976.0	-37.86585365853659	1242.0	7538342.0	230051.94091796875	1456.0	39.024390243902445	-1280.0	-44.39024390243903	2642.0	3871.062271062271	204.0	-0.4880382775119617	-9.301435406698564	2012.0	4780000.0	98.64447964763173	4.813397129186603	3888.0	
2813.0	6.163043478260869	1686.0	-6.08695652173913	1.8152173913043477	2086.0	-152.0	0.22788605697151423	0.3703148425787106	-44.0	26318.359375	0.06596701649175413	247.0	32.98709264882491	33976.0	-49.87804878048781	1636.0	7538662.0	230061.70654296875	1584.0	36.79878048780488	-1207.0	-48.29268292682927	2652.0	3885.714285714286	148.0	-0.354066985645933	-9.444976076555024	2020.0	4780000.0	98.64447964763173	4.832535885167464	3948.0	
2834.0	6.25	1678.0	-6.315217391304348	1.8043478260869565	2087.0	-153.0	0.22938530734632684	0.36731634182908546	-34.0	26328.125	0.050974512743628186	245.0	32.98709264882491	33976.0	-62.89634146341464	2063.0	7538982.0	230071.47216796875	1802.0	34.32926829268293	-1126.0	-54.93902439024391	2635.0	3860.805860805861	136.0	-0.3253588516746411	-9.521531100478468	2084.0	4780000.0	98.64447964763173	4.985645933014354	3980.0	
2856.0	6.445652173913043	1660.0	-6.554347826086956	1.858695652173913	2082.0	-144.0	0.21589205397301348	0.36881559220389803	-32.0	26337.890625	0.047976011994003	246.0	32.98709264882491	33976.0	-74.84756097560977	2455.0	7539302.0	230081.23779296875	1929.0	31.85975609756098	-1045.0	-58.810975609756106	2652.0	3885.714285714286	100.0	-0.23923444976076555	-9.732057416267942	2088.0	4780000.0	98.64447964763173	4.9952153110047846	4068.0	
2876.0	6.445652173913043	1660.0	-6.771739130434782	1.7065217391304348	2096.0	-147.0	0.22038980509745126	0.3613193403298351	-47.0	26347.65625	0.0704647676161919	241.0	32.98709264882491	33976.0	-86.89024390243904	2850.0	7539622.0	230091.00341796875	1966.0	31.951219512195124	-1048.0	-59.93902439024391	2627.0	3849.084249084249	148.0	-0.354066985645933	-9.952153110047847	2124.0	4780064.0	98.64382845637593	5.08133971291866	4160.0	
2899.0	6.521739130434782	1653.0	-7.021739130434782	1.5978260869565217	2106.0	-140.0	0.2098950524737631	0.35082458770614694	-48.0	26357.421875	0.07196401799100449	234.0	32.98709264882491	33976.0	-100.00000000000001	3280.0	7539942.0	230100.76904296875	2113.0	31.920731707317078	-1047.0	-64.42073170731707	2630.0	3853.479853479854	168.0	-0.4019138755980861	-10.354066985645932	2168.0	4780064.0	98.64382845637593	5.186602870813397	4328.0	
2929.0	6.5	1655.0	-7.3478260869565215	1.4021739130434783	2124.0	-133.0	0.19940029985007496	0.34332833583208394	-42.0	26367.1875	0.06296851574212893	229.0	32.98709264882491	33976.0	-112.37804878048782	3686.0	7540262.0	230110.53466796875	2296.0	33.963414634146346	-1114.0	-70.0	2641.0	3869.5970695970695	276.0	-0.6602870813397129	-10.899521531100477	2176.0	4780064.0	98.64382845637593	5.205741626794258	4556.0	
2976.0	6.554347826086956	1650.0	-7.858695652173913	1.2282608695652173	2140.0	-136.0	0.20389805097451275	0.33433283358320837	-45.0	26376.953125	0.06746626686656672	223.0	32.98709264882491	33976.0	-125.2439024390244	4108.0	7540582.0	230120.30029296875	2563.0	35.88414634146342	-1177.0	-78.14024390243902	2633.0	3857.875457875458	364.0	-0.8708133971291866	-11.368421052631579	2180.0	4780064.0	98.64382845637593	5.215311004784689	4752.0	
2984.0	6.673913043478261	1639.0	-7.945652173913043	1.1956521739130435	2143.0	-134.0	0.20089955022488756	0.3328335832083958	-55.0	26386.71875	0.08245877061469264	222.0	32.98709264882491	33976.0	-138.07926829268294	4529.0	7540902.0	230130.06591796875	2820.0	36.98170731707317	-1213.0	-85.97560975609757	2649.0	3881.3186813186812	408.0	-0.9760765550239234	-11.722488038277511	2248.0	4780064.0	98.64382845637593	5.37799043062201	4900.0	
3010.0	7.010869565217391	1608.0	-8.228260869565217	1.3369565217391304	2130.0	-128.0	0.191904047976012	0.3268365817091454	-50.0	26396.484375	0.07496251874062969	218.0	32.98709264882491	33976.0	-151.76829268292684	4978.0	7541222.0	230139.83154296875	3133.0	35.97560975609756	-1180.0	-95.51829268292684	2659.0	3895.970695970696	396.0	-0.9473684210526315	-11.923444976076555	2376.0	4779936.0	98.6451308390337	5.684210526315789	4984.0	
3015.0	7.315217391304348	1580.0	-8.282608695652174	1.3478260869565217	2129.0	-124.0	0.18590704647676162	0.31784107946026985	-57.0	26406.25	0.08545727136431784	212.0	32.98709264882491	33976.0	-164.0548780487805	5381.0	7541542.0	230149.59716796875	3469.0	33.26219512195122	-1091.0	-105.76219512195122	2639.0	3866.6666666666665	340.0	-0.8133971291866028	-11.961722488038276	2540.0	4779936.0	98.6451308390337	6.0765550239234445	5000.0	
3023.0	7.717391304347826	1543.0	-8.369565217391305	1.315217391304348	2132.0	-122.0	0.1829085457271364	0.30134932533733133	-52.0	26416.015625	0.07796101949025487	201.0	32.98709264882491	33976.0	-175.7317073170732	5764.0	7541862.0	230159.36279296875	3577.0	30.27439024390244	-993.0	-109.0548780487805	2640.0	3868.131868131868	348.0	-0.8325358851674641	-11.971291866028707	2688.0	4779936.0	98.6451308390337	6.430622009569378	5004.0	
3006.0	7.923913043478261	1524.0	-8.184782608695652	1.3369565217391304	2130.0	-122.0	0.1829085457271364	0.30134932533733133	-52.0	26425.78125	0.07796101949025487	201.0	32.98709264882491	33976.0	-188.07926829268294	6169.0	7542182.0	230169.12841796875	3660.0	26.55487804878049	-871.0	-111.58536585365854	2630.0	3853.479853479854	348.0	-0.8325358851674641	-11.933014354066986	2808.0	4779936.0	98.6451308390337	6.717703349282297	4988.0	
3008.0	8.054347826086957	1512.0	-8.206521739130434	1.3369565217391304	2130.0	-118.0	0.17691154422788605	0.27436281859070466	-48.0	26435.546875	0.07196401799100449	183.0	32.98709264882491	33976.0	-200.39634146341464	6573.0	7542502.0	230178.89404296875	3621.0	22.408536585365855	-735.0	-110.39634146341464	2641.0	3869.5970695970695	340.0	-0.8133971291866028	-11.923444976076555	2884.0	4779936.0	98.6451308390337	6.899521531100478	4984.0	
2985.0	8.271739130434783	1492.0	-7.956521739130435	1.4130434782608696	2123.0	-118.0	0.17691154422788605	0.27436281859070466	-48.0	26445.3125	0.07196401799100449	183.0	32.98709264882491	33976.0	-213.78048780487808	7012.0	7542822.0	230188.65966796875	3495.0	16.981707317073173	-557.0	-106.5548780487805	2631.0	3854.945054945055	312.0	-0.7464114832535885	-11.875598086124402	2992.0	4779872.0	98.64578203058181	7.157894736842105	4964.0	
3003.0	8.73913043478261	1449.0	-8.152173913043478	1.4021739130434783	2124.0	-123.0	0.18440779610194902	0.2653673163418291	-54.0	26455.078125	0.08095952023988005	177.0	32.98709264882491	33976.0	-226.15853658536588	7418.0	7543142.0	230198.42529296875	3312.0	10.670731707317074	-350.0	-100.97560975609757	2624.0	3844.6886446886447	320.0	-0.7655502392344498	-11.875598086124402	3232.0	4779872.0	98.64578203058181	7.732057416267942	4964.0	
3010.0	9.23913043478261	1403.0	-8.228260869565217	1.3695652173913042	2127.0	-122.0	0.1829085457271364	0.24137931034482757	-49.0	26464.84375	0.07346326836581708	161.0	32.98709264882491	33976.0	-237.9878048780488	7806.0	7543462.0	230208.19091796875	3045.0	6.097560975609757	-200.0	-92.83536585365854	2632.0	3856.4102564102564	328.0	-0.784688995215311	-12.086124401913874	3424.0	4779872.0	98.64578203058181	8.191387559808613	5052.0	
3023.0	9.380434782608695	1390.0	-8.369565217391305	1.5652173913043477	2109.0	-118.0	0.17691154422788605	0.22938530734632684	-57.0	26474.609375	0.08545727136431784	153.0	32.98709264882491	33976.0	-247.46951219512198	8117.0	7543782.0	230217.95654296875	2790.0	-1.3414634146341464	44.0	-85.0609756097561	2650.0	3882.7838827838827	304.0	-0.7272727272727273	-12.124401913875598	3444.0	4779872.0	98.64578203058181	8.239234449760765	5068.0	
3021.0	9.326086956521738	1395.0	-8.347826086956522	1.5	2115.0	-116.0	0.17391304347826086	0.2083958020989505	-51.0	26484.375	0.07646176911544228	139.0	32.98709264882491	33976.0	-254.93902439024393	8362.0	7544102.0	230227.72216796875	2719.0	-10.060975609756099	330.0	-82.89634146341464	2631.0	3854.945054945055	304.0	-0.7272727272727273	-12.086124401913874	3436.0	4779872.0	98.64578203058181	8.220095693779903	5052.0	
3018.0	9.576086956521738	1372.0	-8.315217391304348	1.5869565217391304	2107.0	-115.0	0.17241379310344826	0.191904047976012	-51.0	26494.140625	0.07646176911544228	128.0	32.98709264882491	33976.0	-264.4817073170732	8675.0	7544422.0	230237.48779296875	2565.0	-21.890243902439025	718.0	-78.20121951219512	2647.0	3878.388278388278	276.0	-0.6602870813397129	-11.923444976076555	3480.0	4780080.0	98.6436656585848	8.325358851674642	4984.0	
3025.0	10.08695652173913	1325.0	-8.391304347826086	1.5326086956521738	2112.0	-119.0	0.17841079460269865	0.17091454272863568	-44.0	26503.90625	0.06596701649175413	114.0	32.98709264882491	33976.0	-273.8109756097561	8981.0	7544742.0	230247.25341796875	2337.0	-33.56707317073171	1101.0	-71.25	2614.0	3830.0366300366304	304.0	-0.7272727272727273	-12.009569377990431	3716.0	4780080.0	98.6436656585848	8.889952153110048	5020.0	
3027.0	10.728260869565217	1266.0	-8.41304347826087	1.2065217391304348	2142.0	-122.0	0.1829085457271364	0.15292353823088456	-39.0	26513.671875	0.05847076461769115	102.0	32.98709264882491	33976.0	-278.6585365853659	9140.0	7545062.0	230257.01904296875	2058.0	-44.176829268292686	1449.0	-62.743902439024396	2634.0	3859.3406593406594	404.0	-0.9665071770334928	-12.191387559808613	4020.0	4780080.0	98.6436656585848	9.617224880382775	5096.0	
3041.0	11.119565217391305	1230.0	-8.565217391304348	1.0543478260869565	2156.0	-128.0	0.191904047976012	0.13343328335832083	-40.0	26523.4375	0.05997001499250375	89.0	32.98709264882491	33976.0	-281.6463414634147	9238.0	7545382.0	230266.78466796875	1740.0	-54.75609756097561	1796.0	-53.04878048780488	2636.0	3862.2710622710624	496.0	-1.186602870813397	-12.440191387559809	4208.0	4780080.0	98.6436656585848	10.066985645933014	5200.0	
3056.0	11.445652173913043	1200.0	-8.728260869565217	0.75	2184.0	-129.0	0.1934032983508246	0.10794602698650674	-30.0	26533.203125	0.04497751124437781	72.0	32.98709264882491	33976.0	-284.9390243902439	9346.0	7545702.0	230276.55029296875	1196.0	-64.14634146341464	2104.0	-36.463414634146346	2629.0	3852.0146520146523	636.0	-1.5215311004784688	-12.602870813397129	4364.0	4780080.0	98.6436656585848	10.440191387559809	5268.0	
3043.0	11.717391304347826	1175.0	-8.58695652173913	0.5760869565217391	2200.0	-129.0	0.1934032983508246	0.07646176911544228	-30.0	26542.96875	0.04497751124437781	51.0	32.98709264882491	33976.0	-289.0853658536586	9482.0	7546022.0	230286.31591796875	692.0	-71.82926829268294	2356.0	-21.09756097560976	2653.0	3887.1794871794873	736.0	-1.7607655502392343	-12.669856459330143	4492.0	4780080.0	98.6436656585848	10.746411483253588	5296.0	
3067.0	12.097826086956522	1140.0	-8.847826086956522	0.2826086956521739	2227.0	-132.0	0.19790104947526235	0.05847076461769115	-19.0	26552.734375	0.02848575712143928	39.0	32.98709264882491	33976.0	-291.76829268292687	9570.0	7546342.0	230296.08154296875	281.0	-77.31707317073172	2536.0	-8.567073170731708	2626.0	3847.6190476190477	864.0	-2.0669856459330145	-12.77511961722488	4676.0	4780080.0	98.6436656585848	11.186602870813397	5340.0	
3069.0	12.391304347826086	1113.0	-8.869565217391305	0.3695652173913043	2219.0	-142.0	0.2128935532233883	0.04047976011994003	-8.0	26562.5	0.01199400299850075	27.0	32.98709264882491	33976.0	-293.9329268292683	9641.0	7546662.0	230305.84716796875	54.0	-83.59756097560977	2742.0	-1.6463414634146343	2640.0	3868.131868131868	820.0	-1.9617224880382775	-12.832535885167463	4812.0	4780080.0	98.6436656585848	11.511961722488039	5364.0	
3066.0	12.445652173913043	1108.0	-8.83695652173913	0.2608695652173913	2229.0	-139.0	0.2083958020989505	0.013493253373313342	3.0	26572.265625	-0.004497751124437781	9.0	32.98709264882491	33976.0	-294.0243902439025	9644.0	7546982.0	230315.61279296875	-106.0	-91.73780487804879	3009.0	3.231707317073171	2639.0	3866.6666666666665	860.0	-2.0574162679425836	-12.650717703349281	4820.0	4780080.0	98.6436656585848	11.531100478468899	5288.0	
3041.0	12.315217391304348	1120.0	-8.565217391304348	0.17391304347826086	2237.0	-145.0	0.21739130434782608	0.004497751124437781	20.0	26582.03125	-0.029985007496251874	3.0	32.98709264882491	33976.0	-294.57317073170736	9662.0	7547302.0	230325.37841796875	-334.0	-99.48170731707317	3263.0	10.182926829268293	2628.0	3850.5494505494507	920.0	-2.200956937799043	-12.459330143540669	4780.0	4780080.0	98.6436656585848	11.435406698564593	5208.0	
2995.0	12.08695652173913	1141.0	-8.065217391304348	0.09782608695652173	2244.0	-155.0	0.23238380809595202	-0.037481259370314844	16.0	26591.796875	-0.0239880059970015	-25.0	32.98709264882491	33976.0	-295.64024390243907	9697.0	7547622.0	230335.14404296875	-423.0	-110.21341463414635	3615.0	12.896341463414636	2638.0	3865.2014652014655	968.0	-2.3157894736842106	-12.105263157894736	4656.0	4780144.0	98.64301446751166	11.138755980861244	5060.0	
2970.0	11.771739130434783	1170.0	-7.793478260869565	-0.14130434782608695	2266.0	-157.0	0.2353823088455772	-0.043478260869565216	31.0	26601.5625	-0.046476761619190406	-29.0	32.98709264882491	33976.0	-296.89024390243907	9738.0	7547942.0	230344.90966796875	-530.0	-118.04878048780489	3872.0	16.158536585365855	2637.0	3863.736263736264	1040.0	-2.488038277511962	-11.68421052631579	4508.0	4780144.0	98.64301446751166	10.78468899521531	4884.0	
2939.0	11.456521739130434	1199.0	-7.456521739130435	-0.6413043478260869	2312.0	-155.0	0.23238380809595202	-0.06446776611694152	46.0	26611.328125	-0.06896551724137931	-43.0	32.98709264882491	33976.0	-302.25609756097566	9914.0	7548262.0	230354.67529296875	-670.0	-123.29268292682929	4044.0	20.426829268292686	2623.0	3843.223443223443	1268.0	-3.0334928229665072	-11.062200956937799	4388.0	4780144.0	98.64301446751166	10.497607655502392	4624.0	
2888.0	11.576086956521738	1188.0	-6.9021739130434785	-1.0543478260869565	2350.0	-164.0	0.24587706146926536	-0.08245877061469264	62.0	26621.09375	-0.09295352323838081	-55.0	32.98709264882491	33976.0	-307.1036585365854	10073.0	7548582.0	230364.44091796875	-693.0	-126.92073170731709	4163.0	21.128048780487806	2645.0	3875.4578754578756	1468.0	-3.511961722488038	-10.526315789473683	4460.0	4780144.0	98.64301446751166	10.669856459330143	4400.0	
2870.0	11.91304347826087	1157.0	-6.706521739130435	-1.108695652173913	2355.0	-170.0	0.25487256371814093	-0.08995502248875561	69.0	26630.859375	-0.10344827586206896	-60.0	32.98709264882491	33976.0	-308.5975609756098	10122.0	7548902.0	230374.20654296875	-597.0	-129.39024390243904	4244.0	18.201219512195124	2655.0	3890.10989010989	1500.0	-3.588516746411483	-10.411483253588516	4532.0	4780144.0	98.64301446751166	10.842105263157894	4352.0	
2856.0	11.967391304347826	1152.0	-6.554347826086956	-1.6521739130434783	2405.0	-169.0	0.25337331334332835	-0.1199400299850075	89.0	26640.625	-0.13343328335832083	-80.0	32.98709264882491	33976.0	-306.06707317073176	10039.0	7549222.0	230383.97216796875	-551.0	-131.859756097561	4325.0	16.79878048780488	2640.0	3868.131868131868	1576.0	-3.7703349282296648	-10.16267942583732	4608.0	4780144.0	98.64301446751166	11.023923444976075	4248.0	
2835.0	11.576086956521738	1188.0	-6.326086956521739	-1.6195652173913042	2402.0	-171.0	0.2563718140929535	-0.13193403298350825	111.0	26650.390625	-0.1664167916041979	-88.0	32.98709264882491	33976.0	-307.43902439024396	10084.0	7549542.0	230393.73779296875	-474.0	-130.7926829268293	4290.0	14.451219512195124	2649.0	3881.3186813186812	1728.0	-4.133971291866029	-9.808612440191387	4472.0	4780144.0	98.64301446751166	10.698564593301436	4100.0	
2775.0	11.119565217391305	1230.0	-5.673913043478261	-1.5869565217391304	2399.0	-178.0	0.26686656671664166	-0.15292353823088456	124.0	26660.15625	-0.18590704647676162	-102.0	32.98709264882491	33976.0	-308.8719512195122	10131.0	7549862.0	230403.50341796875	-380.0	-135.03048780487805	4429.0	11.585365853658537	2620.0	3838.827838827839	1640.0	-3.923444976076555	-9.215311004784688	4252.0	4780144.0	98.64301446751166	10.17224880382775	3852.0	
2707.0	10.989130434782608	1242.0	-4.934782608695652	-1.6956521739130435	2409.0	-175.0	0.2623688155922039	-0.1649175412293853	147.0	26669.921875	-0.22038980509745126	-110.0	32.98709264882491	33976.0	-310.82317073170736	10195.0	7550182.0	230413.26904296875	-271.0	-140.4878048780488	4608.0	8.26219512195122	2634.0	3859.3406593406594	1688.0	-4.038277511961723	-8.401913875598085	4172.0	4780144.0	98.64301446751166	9.980861244019138	3512.0	
2655.0	10.956521739130434	1245.0	-4.369565217391305	-1.6521739130434783	2405.0	-181.0	0.27136431784107945	-0.18140929535232383	163.0	26679.6875	-0.24437781109445278	-121.0	32.98709264882491	33976.0	-313.68902439024396	10289.0	7550502.0	230423.03466796875	60.0	-146.18902439024393	4795.0	-1.829268292682927	2633.0	3857.875457875458	1692.0	-4.047846889952153	-7.8181818181818175	4152.0	4780144.0	98.64301446751166	9.933014354066986	3268.0	
2622.0	11.0	1241.0	-4.010869565217392	-1.641304347826087	2404.0	-177.0	0.2653673163418291	-0.1889055472263868	190.0	26689.453125	-0.2848575712143928	-126.0	32.98709264882491	33976.0	-312.6829268292683	10256.0	7550822.0	230432.80029296875	240.0	-153.41463414634148	5032.0	-7.317073170731708	2627.0	3849.084249084249	1680.0	-4.019138755980861	-7.244019138755981	4164.0	4779440.0	98.65017757735444	9.961722488038276	3028.0	
2577.0	11.021739130434783	1239.0	-3.5217391304347827	-1.7282608695652173	2412.0	-179.0	0.26836581709145424	-0.19490254872563717	204.0	26699.21875	-0.3058470764617691	-130.0	32.98709264882491	33976.0	-311.9207317073171	10231.0	7551142.0	230442.56591796875	442.0	-158.47560975609758	5198.0	-13.475609756097562	2650.0	3882.7838827838827	1724.0	-4.124401913875598	-6.784688995215311	4192.0	4779440.0	98.65017757735444	10.028708133971291	2836.0	
2537.0	10.630434782608695	1275.0	-3.0869565217391304	-1.4130434782608696	2383.0	-192.0	0.28785607196401797	-0.20239880059970014	230.0	26708.984375	-0.3448275862068965	-135.0	32.98709264882491	33976.0	-307.95731707317077	10101.0	7551462.0	230452.33154296875	553.0	-161.6768292682927	5303.0	-16.85975609756098	2663.0	3901.8315018315016	1640.0	-3.923444976076555	-6.200956937799043	4024.0	4779440.0	98.65017757735444	9.626794258373206	2592.0	
2490.0	9.989130434782608	1334.0	-2.5760869565217392	-1.684782608695652	2408.0	-191.0	0.2863568215892054	-0.20389805097451275	242.0	26718.75	-0.36281859070464767	-136.0	32.98709264882491	33976.0	-304.6036585365854	9991.0	7551782.0	230462.09716796875	628.0	-164.02439024390245	5380.0	-19.146341463414636	2640.0	3868.131868131868	1684.0	-4.028708133971292	-5.588516746411483	3724.0	4779440.0	98.65017757735444	8.909090909090908	2336.0	
2450.0	9.434782608695652	1385.0	-2.141304347826087	-1.5652173913043477	2397.0	-192.0	0.28785607196401797	-0.20539730134932532	259.0	26728.515625	-0.38830584707646176	-137.0	32.98709264882491	33976.0	-304.1768292682927	9977.0	7552102.0	230471.86279296875	871.0	-166.21951219512198	5452.0	-26.55487804878049	2642.0	3871.062271062271	1632.0	-3.9043062200956937	-5.033492822966507	3448.0	4779440.0	98.65017757735444	8.248803827751196	2104.0	
2404.0	8.717391304347826	1451.0	-1.641304347826087	-1.4239130434782608	2384.0	-199.0	0.2983508245877061	-0.22188905547226387	280.0	26738.28125	-0.4197901049475262	-148.0	32.98709264882491	33976.0	-300.3658536585366	9852.0	7552422.0	230481.62841796875	998.0	-167.0426829268293	5479.0	-30.426829268292686	2631.0	3854.945054945055	1556.0	-3.7224880382775116	-4.555023923444976	3128.0	4779568.0	98.64887519243128	7.483253588516746	1904.0	
2382.0	8.141304347826086	1504.0	-1.4021739130434783	-1.1304347826086956	2357.0	-197.0	0.29535232383808097	-0.2083958020989505	300.0	26748.046875	-0.4497751124437781	-139.0	32.98709264882491	33976.0	-294.969512195122	9675.0	7552742.0	230491.39404296875	1115.0	-161.3719512195122	5293.0	-33.993902439024396	2638.0	3865.2014652014655	1368.0	-3.2727272727272725	-4.172248803827751	2852.0	4779568.0	98.64887519243128	6.822966507177033	1744.0	
2349.0	7.760869565217391	1539.0	-1.0434782608695652	-0.6304347826086957	2311.0	-199.0	0.2983508245877061	-0.21139430284857572	322.0	26757.8125	-0.48275862068965514	-141.0	32.98709264882491	33976.0	-286.76829268292687	9406.0	7553062.0	230501.15966796875	1336.0	-152.10365853658539	4989.0	-40.73170731707317	2612.0	3827.1062271062274	1108.0	-2.650717703349282	-3.7607655502392343	2656.0	4779568.0	98.64887519243128	6.354066985645932	1572.0	
2295.0	7.315217391304348	1580.0	-0.45652173913043476	-0.06521739130434782	2259.0	-196.0	0.29385307346326833	-0.20239880059970014	336.0	26767.578125	-0.5037481259370314	-135.0	32.98709264882491	33976.0	-275.3048780487805	9030.0	7553382.0	230510.92529296875	1535.0	-142.16463414634148	4663.0	-46.79878048780488	2653.0	3887.1794871794873	892.0	-2.1339712918660285	-3.1004784688995213	2448.0	4779568.0	98.64887519243128	5.85645933014354	1296.0	
2227.0	7.25	1586.0	0.2826086956521739	-0.358695652173913	2286.0	-190.0	0.2848575712143928	-0.20389805097451275	367.0	26777.34375	-0.5502248875562219	-136.0	32.98709264882491	33976.0	-263.9939024390244	8659.0	7553702.0	230520.69091796875	1545.0	-141.15853658536588	4630.0	-47.10365853658537	2644.0	3873.992673992674	1048.0	-2.5071770334928227	-2.200956937799043	2452.0	4779568.0	98.64887519243128	5.866028708133971	920.0	
2174.0	7.423913043478261	1570.0	0.858695652173913	0.30434782608695654	2225.0	-195.0	0.29235382308845576	-0.20389805097451275	382.0	26787.109375	-0.5727136431784108	-136.0	32.98709264882491	33976.0	-252.65243902439028	8287.0	7554022.0	230530.45654296875	1872.0	-139.60365853658539	4579.0	-57.07317073170732	2653.0	3887.1794871794873	836.0	-2.0	-1.8086124401913874	2512.0	4779760.0	98.6469216161427	6.00956937799043	756.0	
2117.0	7.641304347826087	1550.0	1.4782608695652173	0.358695652173913	2220.0	-195.0	0.29235382308845576	-0.1889055472263868	398.0	26796.875	-0.5967016491754122	-126.0	32.98709264882491	33976.0	-227.50000000000003	7462.0	7554342.0	230540.22216796875	1673.0	-150.7926829268293	4946.0	-51.00609756097561	2631.0	3854.945054945055	876.0	-2.0956937799043063	-1.0526315789473684	2560.0	4779760.0	98.6469216161427	6.124401913875598	440.0	
2083.0	7.6521739130434785	1549.0	1.8478260869565217	1.3695652173913042	2127.0	-194.0	0.2908545727136432	-0.18440779610194902	416.0	26806.640625	-0.623688155922039	-123.0	32.98709264882491	33976.0	-199.63414634146343	6548.0	7554662.0	230549.98779296875	1743.0	-157.59146341463415	5169.0	-53.14024390243903	2660.0	3897.4358974358975	404.0	-0.9665071770334928	-0.4401913875598086	2584.0	4779760.0	98.6469216161427	6.181818181818182	184.0	
2043.0	7.08695652173913	1601.0	2.282608695652174	1.7826086956521738	2089.0	-196.0	0.29385307346326833	-0.17241379310344826	426.0	26816.40625	-0.6386806596701649	-115.0	32.98709264882491	33976.0	-181.03658536585368	5938.0	7554982.0	230559.75341796875	1580.0	-163.44512195121953	5361.0	-48.170731707317074	2652.0	3885.714285714286	192.0	-0.4593301435406698	-0.028708133971291863	2428.0	4779760.0	98.6469216161427	5.8086124401913874	12.0	
2022.0	6.369565217391304	1667.0	2.510869565217391	2.25	2046.0	-191.0	0.2863568215892054	-0.1664167916041979	442.0	26826.171875	-0.6626686656671664	-111.0	32.98709264882491	33976.0	-167.01219512195124	5478.0	7555302.0	230569.51904296875	1401.0	-160.03048780487805	5249.0	-42.713414634146346	2645.0	3875.4578754578756	-124.0	0.2966507177033493	0.23923444976076555	2108.0	4779760.0	98.6469216161427	5.043062200956937	-100.0	
2013.0	5.869565217391304	1713.0	2.608695652173913	2.4782608695652173	2025.0	-193.0	0.2893553223388306	-0.15742128935532235	452.0	26835.9375	-0.6776611694152923	-105.0	32.98709264882491	33976.0	-150.03048780487805	4921.0	7555622.0	230579.28466796875	1216.0	-153.01829268292684	5019.0	-37.07317073170732	2649.0	3881.3186813186812	-208.0	0.49760765550239233	0.41148325358851673	1840.0	4780128.0	98.64317726526625	4.401913875598086	-172.0	
1987.0	5.239130434782608	1771.0	2.891304347826087	2.630434782608696	2011.0	-182.0	0.272863568215892	-0.15142428785607195	461.0	26845.703125	-0.6911544227886057	-101.0	32.98709264882491	33976.0	-134.63414634146343	4416.0	7555942.0	230589.05029296875	1136.0	-142.7439024390244	4682.0	-34.63414634146342	2632.0	3856.4102564102564	-328.0	0.784688995215311	0.7655502392344498	1588.0	4780128.0	98.64317726526625	3.799043062200957	-320.0	
1950.0	5.08695652173913	1785.0	3.293478260869565	2.641304347826087	2010.0	-181.0	0.27136431784107945	-0.15142428785607195	473.0	26855.46875	-0.7091454272863568	-101.0	32.98709264882491	33976.0	-123.41463414634147	4048.0	7556262.0	230598.81591796875	1038.0	-133.20121951219514	4369.0	-31.646341463414636	2650.0	3882.7838827838827	-296.0	0.708133971291866	1.1291866028708133	1504.0	4780128.0	98.64317726526625	3.5980861244019136	-472.0	
1935.0	5.08695652173913	1785.0	3.4565217391304346	2.8369565217391304	1992.0	-185.0	0.2773613193403298	-0.1409295352323838	482.0	26865.234375	-0.7226386806596702	-94.0	32.98709264882491	33976.0	-109.48170731707319	3591.0	7556582.0	230608.58154296875	1075.0	-121.46341463414635	3984.0	-32.774390243902445	2622.0	3841.758241758242	-412.0	0.985645933014354	1.464114832535885	1492.0	4780128.0	98.64317726526625	3.5693779904306218	-612.0	
1905.0	5.260869565217392	1769.0	3.782608695652174	2.9782608695652173	1979.0	-174.0	0.2608695652173913	-0.13343328335832083	485.0	26875.0	-0.7271364317841079	-89.0	32.98709264882491	33976.0	-95.85365853658537	3144.0	7556902.0	230618.34716796875	1022.0	-109.78658536585367	3601.0	-31.158536585365855	2638.0	3865.2014652014655	-440.0	1.0526315789473684	1.8086124401913874	1584.0	4780128.0	98.64317726526625	3.789473684210526	-756.0	
1881.0	5.445652173913043	1752.0	4.043478260869565	3.293478260869565	1950.0	-173.0	0.2593703148425787	-0.12443778110944527	492.0	26884.765625	-0.7376311844077961	-83.0	32.98709264882491	33976.0	-82.98780487804879	2722.0	7557222.0	230628.11279296875	1002.0	-96.06707317073172	3151.0	-30.54878048780488	2641.0	3869.5970695970695	-632.0	1.5119617224880382	2.1913875598086126	1676.0	4780000.0	98.64447964763173	4.009569377990431	-916.0	
1832.0	5.4021739130434785	1756.0	4.576086956521739	3.4239130434782608	1938.0	-178.0	0.26686656671664166	-0.1184407796101949	502.0	26894.53125	-0.7526236881559221	-79.0	32.98709264882491	33976.0	-73.78048780487805	2420.0	7557542.0	230637.87841796875	926.0	-81.64634146341464	2678.0	-28.231707317073173	2630.0	3853.479853479854	-700.0	1.6746411483253587	2.7942583732057416	1664.0	4780000.0	98.64447964763173	3.9808612440191387	-1168.0	
1789.0	5.445652173913043	1752.0	5.043478260869565	3.4130434782608696	1939.0	-168.0	0.2518740629685157	-0.1169415292353823	509.0	26904.296875	-0.7631184407796102	-78.0	32.98709264882491	33976.0	-63.53658536585367	2084.0	7557862.0	230647.64404296875	872.0	-71.70731707317074	2352.0	-26.58536585365854	2644.0	3873.992673992674	-676.0	1.6172248803827751	3.3205741626794256	1668.0	4780000.0	98.64447964763173	3.990430622009569	-1388.0	
1740.0	5.673913043478261	1731.0	5.576086956521739	3.3152173913043477	1948.0	-170.0	0.25487256371814093	-0.10494752623688156	504.0	26914.0625	-0.7556221889055472	-70.0	32.98709264882491	33976.0	-51.34146341463415	1684.0	7558182.0	230657.40966796875	807.0	-61.98170731707317	2033.0	-24.603658536585368	2633.0	3857.875457875458	-640.0	1.5311004784688995	3.9043062200956937	1772.0	4780000.0	98.64447964763173	4.239234449760765	-1632.0	
1708.0	5.880434782608695	1712.0	5.923913043478261	3.3260869565217392	1947.0	-175.0	0.2623688155922039	-0.11394302848575712	505.0	26923.828125	-0.7571214392803598	-76.0	32.98709264882491	33976.0	-41.554878048780495	1363.0	7558502.0	230667.17529296875	650.0	-54.51219512195122	1788.0	-19.81707317073171	2625.0	3846.153846153846	-612.0	1.464114832535885	4.382775119617225	1900.0	4780000.0	98.64447964763173	4.545454545454545	-1832.0	
1671.0	6.141304347826087	1688.0	6.326086956521739	2.880434782608696	1988.0	-168.0	0.2518740629685157	-0.10044977511244378	510.0	26933.59375	-0.7646176911544228	-67.0	32.98709264882491	33976.0	-34.29878048780488	1125.0	7558822.0	230676.94091796875	609.0	-49.90853658536586	1637.0	-18.56707317073171	2639.0	3866.6666666666665	-504.0	1.2057416267942582	4.564593301435407	1952.0	4779856.0	98.6459448284917	4.669856459330143	-1908.0	
1643.0	6.413043478260869	1663.0	6.630434782608695	2.717391304347826	2003.0	-169.0	0.25337331334332835	-0.095952023988006	515.0	26943.359375	-0.7721139430284857	-64.0	32.98709264882491	33976.0	-30.487804878048784	1000.0	7559142.0	230686.70654296875	420.0	-39.11585365853659	1283.0	-12.80487804878049	2652.0	3885.714285714286	-320.0	0.7655502392344498	4.889952153110047	2100.0	4779856.0	98.6459448284917	5.023923444976076	-2044.0	
1617.0	6.456521739130435	1659.0	6.913043478260869	2.630434782608696	2011.0	-170.0	0.25487256371814093	-0.10194902548725637	513.0	26953.125	-0.7691154422788605	-68.0	32.98709264882491	33976.0	-26.82926829268293	880.0	7559462.0	230696.47216796875	313.0	-30.884146341463417	1013.0	-9.542682926829269	2628.0	3850.5494505494507	-332.0	0.7942583732057416	5.330143540669856	2144.0	4779856.0	98.6459448284917	5.1291866028708135	-2228.0	
1594.0	6.391304347826087	1665.0	7.163043478260869	2.869565217391304	1989.0	-165.0	0.24737631184407796	-0.095952023988006	521.0	26962.890625	-0.7811094452773613	-64.0	32.98709264882491	33976.0	-21.55487804878049	707.0	7559782.0	230706.23779296875	426.0	-28.56707317073171	937.0	-12.987804878048781	2653.0	3887.1794871794873	-396.0	0.9473684210526315	5.626794258373206	2132.0	4779856.0	98.6459448284917	5.100478468899522	-2352.0	
1567.0	6.4021739130434785	1664.0	7.456521739130435	2.760869565217391	1999.0	-164.0	0.24587706146926536	-0.10494752623688156	523.0	26972.65625	-0.7841079460269865	-70.0	32.98709264882491	33976.0	-20.121951219512198	660.0	7560102.0	230716.00341796875	292.0	-26.00609756097561	853.0	-8.902439024390246	2614.0	3830.0366300366304	-344.0	0.8229665071770335	5.971291866028708	2124.0	4779856.0	98.6459448284917	5.08133971291866	-2496.0	
1547.0	6.543478260869565	1651.0	7.673913043478261	2.891304347826087	1987.0	-159.0	0.2383808095952024	-0.09295352323838081	524.0	26982.421875	-0.7856071964017991	-62.0	32.98709264882491	33976.0	-17.195121951219512	564.0	7560422.0	230725.76904296875	230.0	-22.80487804878049	748.0	-7.01219512195122	2640.0	3868.131868131868	-428.0	1.0239234449760766	6.229665071770334	2160.0	4780112.0	98.64334006302997	5.167464114832535	-2604.0	
1542.0	6.565217391304348	1649.0	7.728260869565217	2.717391304347826	2003.0	-166.0	0.24887556221889054	-0.10044977511244378	527.0	26992.1875	-0.7901049475262368	-67.0	32.98709264882491	33976.0	-14.695121951219514	482.0	7560742.0	230735.53466796875	205.0	-24.176829268292686	793.0	-6.250000000000001	2638.0	3865.2014652014655	-348.0	0.8325358851674641	6.220095693779904	2180.0	4780112.0	98.64334006302997	5.215311004784689	-2600.0	
1557.0	6.467391304347826	1658.0	7.565217391304348	2.652173913043478	2009.0	-162.0	0.24287856071964017	-0.095952023988006	533.0	27001.953125	-0.7991004497751124	-64.0	32.98709264882491	33976.0	-12.591463414634147	413.0	7561062.0	230745.30029296875	202.0	-21.55487804878049	707.0	-6.158536585365854	2633.0	3857.875457875458	-332.0	0.7942583732057416	6.086124401913875	2172.0	4780112.0	98.64334006302997	5.196172248803827	-2544.0	
1553.0	6.5	1655.0	7.608695652173913	2.4456521739130435	2028.0	-164.0	0.24587706146926536	-0.09295352323838081	529.0	27011.71875	-0.793103448275862	-62.0	32.98709264882491	33976.0	-10.579268292682928	347.0	7561382.0	230755.06591796875	294.0	-14.207317073170733	466.0	-8.963414634146343	2651.0	3884.2490842490843	-240.0	0.5741626794258373	5.990430622009569	2148.0	4780112.0	98.64334006302997	5.1387559808612435	-2504.0	
1552.0	6.619565217391304	1644.0	7.619565217391304	2.5760869565217392	2016.0	-162.0	0.24287856071964017	-0.09745127436281859	525.0	27021.484375	-0.7871064467766117	-65.0	32.98709264882491	33976.0	-9.878048780487806	324.0	7561702.0	230764.83154296875	238.0	-5.152439024390245	169.0	-7.25609756097561	2659.0	3895.970695970696	-220.0	0.5263157894736842	6.114832535885167	2240.0	4780112.0	98.64334006302997	5.358851674641148	-2556.0	
1532.0	6.608695652173913	1645.0	7.83695652173913	2.510869565217391	2022.0	-163.0	0.24437781109445278	-0.09295352323838081	537.0	27031.25	-0.8050974512743628	-62.0	32.98709264882491	33976.0	-11.676829268292684	383.0	7562022.0	230774.59716796875	492.0	0.6707317073170732	-22.0	-15.000000000000002	2648.0	3879.8534798534797	-260.0	0.6220095693779905	6.392344497607655	2232.0	4780352.0	98.64089809753338	5.339712918660287	-2672.0	
1514.0	6.967391304347826	1612.0	8.032608695652174	2.0543478260869565	2064.0	-163.0	0.24437781109445278	-0.0914542728635682	537.0	27041.015625	-0.8050974512743628	-61.0	32.98709264882491	33976.0	-8.384146341463415	275.0	7562342.0	230784.36279296875	300.0	2.0121951219512195	-66.0	-9.146341463414634	2636.0	3862.2710622710624	-24.0	0.057416267942583726	6.6124401913875595	2396.0	4780352.0	98.64089809753338	5.732057416267942	-2764.0	
1505.0	7.065217391304348	1603.0	8.130434782608695	2.3369565217391304	2038.0	-164.0	0.24587706146926536	-0.09295352323838081	533.0	27050.78125	-0.7991004497751124	-62.0	32.98709264882491	33976.0	-9.05487804878049	297.0	7562662.0	230794.12841796875	445.0	5.457317073170732	-179.0	-13.567073170731708	2639.0	3866.6666666666665	-168.0	0.4019138755980861	6.717703349282297	2456.0	4780352.0	98.64089809753338	5.875598086124402	-2808.0	
1495.0	7.010869565217391	1608.0	8.23913043478261	2.5217391304347827	2021.0	-163.0	0.24437781109445278	-0.08395802098950525	532.0	27060.546875	-0.7976011994002998	-56.0	32.98709264882491	33976.0	-4.207317073170732	138.0	7562982.0	230803.89404296875	409.0	5.579268292682928	-183.0	-12.469512195121952	2640.0	3868.131868131868	-268.0	0.6411483253588517	6.861244019138756	2404.0	4780352.0	98.64089809753338	5.751196172248804	-2868.0	
1483.0	6.989130434782608	1610.0	8.369565217391305	2.684782608695652	2006.0	-158.0	0.2368815592203898	-0.08545727136431784	532.0	27070.3125	-0.7976011994002998	-57.0	32.98709264882491	33976.0	-0.8841463414634148	29.0	7563302.0	230813.65966796875	259.0	4.725609756097562	-155.0	-7.896341463414635	2654.0	3888.644688644689	-316.0	0.7559808612440191	6.947368421052631	2372.0	4780352.0	98.64089809753338	5.6746411483253585	-2904.0	
1495.0	6.771739130434782	1630.0	8.23913043478261	2.8043478260869565	1995.0	-170.0	0.25487256371814093	-0.07646176911544228	526.0	27080.078125	-0.7886056971514243	-51.0	32.98709264882491	33976.0	1.0670731707317074	-35.0	7563622.0	230823.42529296875	526.0	3.8719512195121957	-127.0	-16.03658536585366	2625.0	3846.153846153846	-352.0	0.8421052631578947	6.880382775119617	2340.0	4780416.0	98.64024690708142	5.598086124401914	-2876.0	
1504.0	6.75	1632.0	8.141304347826086	2.8369565217391304	1992.0	-171.0	0.2563718140929535	-0.08245877061469264	525.0	27089.84375	-0.7871064467766117	-55.0	32.98709264882491	33976.0	7.134146341463415	-234.0	7563942.0	230833.19091796875	235.0	4.75609756097561	-156.0	-7.164634146341464	2637.0	3863.736263736264	-356.0	0.8516746411483254	6.717703349282297	2328.0	4780416.0	98.64024690708142	5.569377990430622	-2808.0	
1525.0	6.576086956521739	1648.0	7.913043478260869	2.9239130434782608	1984.0	-159.0	0.2383808095952024	-0.08545727136431784	534.0	27099.609375	-0.800599700149925	-57.0	32.98709264882491	33976.0	12.195121951219514	-400.0	7564262.0	230842.95654296875	446.0	7.408536585365854	-243.0	-13.597560975609758	2654.0	3888.644688644689	-420.0	1.0047846889952152	6.555023923444976	2216.0	4780416.0	98.64024690708142	5.301435406698564	-2740.0	
1542.0	6.434782608695652	1661.0	7.728260869565217	2.858695652173913	1990.0	-165.0	0.24737631184407796	-0.08845577211394302	527.0	27109.375	-0.7901049475262368	-59.0	32.98709264882491	33976.0	16.463414634146343	-540.0	7564582.0	230852.72216796875	452.0	11.310975609756099	-371.0	-13.78048780487805	2637.0	3863.736263736264	-416.0	0.9952153110047847	6.30622009569378	2132.0	4780416.0	98.64024690708142	5.100478468899522	-2636.0	
1563.0	6.467391304347826	1658.0	7.5	3.0217391304347827	1975.0	-165.0	0.24737631184407796	-0.09295352323838081	526.0	27119.140625	-0.7886056971514243	-62.0	32.98709264882491	33976.0	20.945121951219512	-687.0	7564902.0	230862.48779296875	443.0	16.981707317073173	-557.0	-13.506097560975611	2657.0	3893.040293040293	-440.0	1.0526315789473684	6.143540669856459	2152.0	4780416.0	98.64024690708142	5.148325358851674	-2568.0	
1576.0	6.5978260869565215	1646.0	7.358695652173913	2.934782608695652	1983.0	-173.0	0.2593703148425787	-0.08245877061469264	520.0	27128.90625	-0.7796101949025487	-55.0	32.98709264882491	33976.0	24.75609756097561	-812.0	7565222.0	230872.25341796875	240.0	21.06707317073171	-691.0	-7.317073170731708	2624.0	3844.6886446886447	-444.0	1.062200956937799	5.923444976076555	2216.0	4780432.0	98.64008410949126	5.301435406698564	-2476.0	
1599.0	6.760869565217391	1631.0	7.108695652173913	2.967391304347826	1980.0	-171.0	0.2563718140929535	-0.08845577211394302	527.0	27138.671875	-0.7901049475262368	-59.0	32.98709264882491	33976.0	30.426829268292686	-998.0	7565542.0	230882.01904296875	127.0	26.189024390243905	-859.0	-3.8719512195121957	2637.0	3863.736263736264	-456.0	1.0909090909090908	5.598086124401914	2300.0	4780432.0	98.64008410949126	5.502392344497608	-2340.0	
1628.0	6.630434782608695	1643.0	6.793478260869565	2.8369565217391304	1992.0	-174.0	0.2608695652173913	-0.08545727136431784	514.0	27148.4375	-0.7706146926536731	-57.0	32.98709264882491	33976.0	39.54268292682927	-1297.0	7565862.0	230891.78466796875	-89.0	33.26219512195122	-1091.0	2.713414634146342	2640.0	3868.131868131868	-440.0	1.0526315789473684	5.205741626794258	2212.0	4780432.0	98.64008410949126	5.291866028708133	-2176.0	
1664.0	6.206521739130435	1682.0	6.4021739130434785	3.0869565217391304	1969.0	-173.0	0.2593703148425787	-0.0914542728635682	508.0	27158.203125	-0.7616191904047975	-61.0	32.98709264882491	33976.0	46.34146341463415	-1520.0	7566182.0	230901.55029296875	-161.0	41.3719512195122	-1357.0	4.908536585365854	2630.0	3853.479853479854	-516.0	1.2344497607655502	4.803827751196172	2056.0	4780432.0	98.64008410949126	4.918660287081339	-2008.0	
1689.0	5.891304347826087	1711.0	6.130434782608695	3.25	1954.0	-177.0	0.2653673163418291	-0.09895052473763118	515.0	27167.96875	-0.7721139430284857	-66.0	32.98709264882491	33976.0	52.43902439024391	-1720.0	7566502.0	230911.31591796875	-251.0	52.53048780487806	-1723.0	7.652439024390245	2651.0	3884.2490842490843	-596.0	1.4258373205741626	4.411483253588517	1888.0	4780432.0	98.64008410949126	4.516746411483253	-1844.0	
1728.0	5.717391304347826	1727.0	5.706521739130435	3.5217391304347827	1929.0	-173.0	0.2593703148425787	-0.10194902548725637	511.0	27177.734375	-0.7661169415292354	-68.0	32.98709264882491	33976.0	60.213414634146346	-1975.0	7566822.0	230921.08154296875	-374.0	62.28658536585366	-2043.0	11.402439024390246	2623.0	3843.223443223443	-720.0	1.7224880382775118	3.9808612440191387	1816.0	4780368.0	98.6407352999067	4.344497607655502	-1664.0	
1754.0	5.5978260869565215	1738.0	5.423913043478261	3.5869565217391304	1923.0	-181.0	0.27136431784107945	-0.10644677661169415	508.0	27187.5	-0.7616191904047975	-71.0	32.98709264882491	33976.0	68.23170731707317	-2238.0	7567142.0	230930.84716796875	-397.0	71.21951219512196	-2336.0	12.103658536585368	2636.0	3862.2710622710624	-736.0	1.7607655502392343	3.665071770334928	1756.0	4780368.0	98.6407352999067	4.200956937799043	-1532.0	
1791.0	5.423913043478261	1754.0	5.021739130434782	3.510869565217391	1930.0	-178.0	0.26686656671664166	-0.10644677661169415	506.0	27197.265625	-0.7586206896551724	-71.0	32.98709264882491	33976.0	79.14634146341464	-2596.0	7567462.0	230940.61279296875	-371.0	81.15853658536587	-2662.0	11.310975609756099	2638.0	3865.2014652014655	-720.0	1.7224880382775118	3.2057416267942584	1648.0	4780368.0	98.6407352999067	3.942583732057416	-1340.0	
1825.0	5.130434782608695	1781.0	4.6521739130434785	3.434782608695652	1937.0	-188.0	0.2818590704647676	-0.10794602698650674	499.0	27207.03125	-0.7481259370314842	-72.0	32.98709264882491	33976.0	90.09146341463415	-2955.0	7567782.0	230950.37841796875	-319.0	92.92682926829269	-3048.0	9.725609756097562	2634.0	3859.3406593406594	-684.0	1.6363636363636362	2.803827751196172	1516.0	4780368.0	98.6407352999067	3.626794258373206	-1172.0	
1858.0	4.8478260869565215	1807.0	4.293478260869565	3.4239130434782608	1938.0	-188.0	0.2818590704647676	-0.10794602698650674	499.0	27216.796875	-0.7481259370314842	-72.0	32.98709264882491	33976.0	100.06097560975611	-3282.0	7568102.0	230960.14404296875	-221.0	105.60975609756099	-3464.0	6.737804878048781	2636.0	3862.2710622710624	-680.0	1.6267942583732056	2.3827751196172247	1360.0	4780368.0	98.6407352999067	3.253588516746411	-996.0	
1888.0	4.608695652173913	1829.0	3.967391304347826	3.0217391304347827	1975.0	-191.0	0.2863568215892054	-0.1199400299850075	495.0	27226.5625	-0.7421289355322339	-80.0	32.98709264882491	33976.0	109.08536585365854	-3578.0	7568422.0	230969.90966796875	-77.0	115.45731707317074	-3787.0	2.347560975609756	2626.0	3847.6190476190477	-444.0	1.062200956937799	2.2105263157894735	1316.0	4780544.0	98.63894452661593	3.1483253588516744	-924.0	
1917.0	4.869565217391305	1805.0	3.652173913043478	2.4239130434782608	2030.0	-191.0	0.2863568215892054	-0.1199400299850075	495.0	27236.328125	-0.7421289355322339	-80.0	32.98709264882491	33976.0	117.56097560975611	-3856.0	7568742.0	230979.67529296875	82.0	125.51829268292684	-4117.0	-2.5000000000000004	2624.0	3844.6886446886447	-312.0	0.7464114832535885	1.7990430622009568	1356.0	4780544.0	98.63894452661593	3.2440191387559807	-752.0	
1934.0	5.304347826086956	1765.0	3.467391304347826	2.010869565217391	2068.0	-195.0	0.29235382308845576	-0.13343328335832083	478.0	27246.09375	-0.7166416791604198	-89.0	32.98709264882491	33976.0	126.46341463414635	-4148.0	7569062.0	230989.44091796875	178.0	140.0609756097561	-4594.0	-5.426829268292684	2640.0	3868.131868131868	-92.0	0.2200956937799043	1.4545454545454546	1540.0	4780544.0	98.63894452661593	3.6842105263157894	-608.0	
1952.0	5.6521739130434785	1733.0	3.2717391304347827	1.7282608695652173	2094.0	-197.0	0.29535232383808097	-0.136431784107946	469.0	27255.859375	-0.7031484257871065	-91.0	32.98709264882491	33976.0	136.58536585365854	-4480.0	7569382.0	230999.20654296875	189.0	154.1158536585366	-5055.0	-5.76219512195122	2654.0	3888.644688644689	84.0	-0.20095693779904306	1.244019138755981	1704.0	4780544.0	98.63894452661593	4.0765550239234445	-520.0	
1958.0	5.934782608695652	1707.0	3.2065217391304346	1.1304347826086956	2149.0	-207.0	0.3103448275862069	-0.1409295352323838	456.0	27265.625	-0.6836581709145427	-94.0	32.98709264882491	33976.0	146.4939024390244	-4805.0	7569702.0	231008.97216796875	160.0	163.0487804878049	-5348.0	-4.878048780487806	2635.0	3860.805860805861	320.0	-0.7655502392344498	1.1196172248803826	1860.0	4780544.0	98.63894452661593	4.449760765550239	-468.0	
1967.0	6.195652173913043	1683.0	3.108695652173913	1.0217391304347825	2159.0	-204.0	0.3058470764617691	-0.14392803598200898	454.0	27275.390625	-0.6806596701649176	-96.0	32.98709264882491	33976.0	155.03048780487805	-5085.0	7570022.0	231018.73779296875	141.0	171.12804878048783	-5613.0	-4.298780487804878	2627.0	3849.084249084249	420.0	-1.0047846889952152	1.0047846889952152	1976.0	4780352.0	98.64089809753338	4.7272727272727275	-420.0	
1976.0	6.369565217391304	1667.0	3.010869565217391	1.0	2161.0	-219.0	0.328335832083958	-0.1394302848575712	432.0	27285.15625	-0.6476761619190404	-93.0	32.98709264882491	33976.0	164.57317073170734	-5398.0	7570342.0	231028.50341796875	55.0	177.6219512195122	-5826.0	-1.676829268292683	2651.0	3884.2490842490843	428.0	-1.0239234449760766	0.8899521531100478	2056.0	4780352.0	98.64089809753338	4.918660287081339	-372.0	
1991.0	6.565217391304348	1649.0	2.8478260869565215	0.6739130434782609	2191.0	-222.0	0.3328335832083958	-0.1454272863568216	432.0	27294.921875	-0.6476761619190404	-97.0	32.98709264882491	33976.0	173.90243902439025	-5704.0	7570662.0	231038.26904296875	-105.0	178.84146341463418	-5866.0	3.2012195121951224	2640.0	3868.131868131868	608.0	-1.4545454545454546	0.6985645933014354	2140.0	4780352.0	98.64089809753338	5.119617224880383	-292.0	
2016.0	6.8478260869565215	1623.0	2.5760869565217392	0.6086956521739131	2197.0	-219.0	0.328335832083958	-0.15292353823088456	404.0	27304.6875	-0.6056971514242878	-102.0	32.98709264882491	33976.0	183.38414634146343	-6015.0	7570982.0	231048.03466796875	-188.0	180.4268292682927	-5918.0	5.731707317073171	2639.0	3866.6666666666665	596.0	-1.4258373205741626	0.3827751196172249	2248.0	4780352.0	98.64089809753338	5.37799043062201	-160.0	
2041.0	6.880434782608695	1620.0	2.3043478260869565	0.8043478260869565	2179.0	-222.0	0.3328335832083958	-0.15742128935532235	395.0	27314.453125	-0.5922038980509745	-105.0	32.98709264882491	33976.0	193.0487804878049	-6332.0	7571302.0	231057.80029296875	-291.0	180.3658536585366	-5916.0	8.871951219512196	2637.0	3863.736263736264	536.0	-1.2822966507177034	0.04784688995215311	2300.0	4780352.0	98.64089809753338	5.502392344497608	-20.0	
2062.0	6.869565217391304	1621.0	2.0760869565217392	0.9565217391304348	2165.0	-222.0	0.3328335832083958	-0.16941529235382308	383.0	27324.21875	-0.5742128935532234	-113.0	32.98709264882491	33976.0	202.65243902439028	-6647.0	7571622.0	231067.56591796875	-481.0	178.62804878048783	-5859.0	14.664634146341465	2644.0	3873.992673992674	496.0	-1.186602870813397	-0.3157894736842105	2272.0	4780464.0	98.63975851433835	5.435406698564593	132.0	
2095.0	6.8478260869565215	1623.0	1.717391304347826	0.7717391304347826	2182.0	-228.0	0.34182908545727136	-0.1664167916041979	370.0	27333.984375	-0.5547226386806596	-111.0	32.98709264882491	33976.0	213.14024390243904	-6991.0	7571942.0	231077.33154296875	-581.0	174.08536585365854	-5710.0	17.713414634146343	2653.0	3887.1794871794873	660.0	-1.5789473684210527	-0.6698564593301435	2272.0	4780464.0	98.63975851433835	5.435406698564593	280.0	
2128.0	7.108695652173913	1599.0	1.358695652173913	0.16304347826086957	2238.0	-235.0	0.3523238380809595	-0.17391304347826086	355.0	27343.75	-0.5322338830584707	-116.0	32.98709264882491	33976.0	223.44512195121953	-7329.0	7572262.0	231087.09716796875	-580.0	170.1829268292683	-5582.0	17.682926829268293	2638.0	3865.2014652014655	856.0	-2.047846889952153	-1.1291866028708133	2404.0	4780464.0	98.63975851433835	5.751196172248804	472.0	
2168.0	7.554347826086956	1558.0	0.9239130434782609	-0.5434782608695652	2303.0	-239.0	0.3583208395802099	-0.17391304347826086	336.0	27353.515625	-0.5037481259370314	-116.0	32.98709264882491	33976.0	233.53658536585368	-7660.0	7572582.0	231096.86279296875	-511.0	167.34756097560978	-5489.0	15.579268292682928	2638.0	3865.2014652014655	1232.0	-2.9473684210526314	-1.6267942583732056	2604.0	4780464.0	98.63975851433835	6.229665071770334	680.0	
2203.0	8.23913043478261	1495.0	0.5434782608695652	-1.6956521739130435	2409.0	-236.0	0.3538230884557721	-0.17541229385307347	316.0	27363.28125	-0.4737631184407796	-117.0	32.98709264882491	33976.0	241.7378048780488	-7929.0	7572902.0	231106.62841796875	-436.0	163.71951219512198	-5370.0	13.29268292682927	2631.0	3854.945054945055	1728.0	-4.133971291866029	-2.047846889952153	2936.0	4780464.0	98.63975851433835	7.023923444976076	856.0	
2248.0	8.92391304347826	1432.0	0.05434782608695652	-1.9130434782608696	2429.0	-229.0	0.34332833583208394	-0.18140929535232383	300.0	27373.046875	-0.4497751124437781	-121.0	32.98709264882491	33976.0	247.95731707317074	-8133.0	7573222.0	231116.39404296875	-51.0	169.1768292682927	-5549.0	1.5548780487804879	2632.0	3856.4102564102564	1724.0	-4.124401913875598	-2.688995215311005	3252.0	4780464.0	98.63975851433835	7.779904306220096	1124.0	
2295.0	9.293478260869565	1398.0	-0.45652173913043476	-1.8043478260869565	2419.0	-236.0	0.3538230884557721	-0.16941529235382308	283.0	27382.8125	-0.424287856071964	-113.0	32.98709264882491	33976.0	257.3780487804878	-8442.0	7573542.0	231126.15966796875	7.0	176.25000000000003	-5781.0	-0.2134146341463415	2634.0	3859.3406593406594	1692.0	-4.047846889952153	-3.014354066985646	3332.0	4780464.0	98.63975851433835	7.971291866028708	1260.0	
2325.0	9.065217391304348	1419.0	-0.7826086956521738	-1.1304347826086956	2357.0	-234.0	0.35082458770614694	-0.17541229385307347	265.0	27392.578125	-0.39730134932533734	-117.0	32.98709264882491	33976.0	270.1524390243903	-8861.0	7573862.0	231135.92529296875	-165.0	180.3658536585366	-5916.0	5.0304878048780495	2627.0	3849.084249084249	1480.0	-3.54066985645933	-3.416267942583732	3300.0	4780464.0	98.63975851433835	7.894736842105263	1428.0	
2332.0	8.75	1448.0	-0.858695652173913	-0.5434782608695652	2303.0	-236.0	0.3538230884557721	-0.1664167916041979	246.0	27402.34375	-0.36881559220389803	-111.0	32.98709264882491	33976.0	281.859756097561	-9245.0	7574182.0	231145.69091796875	-398.0	175.03048780487808	-5741.0	12.134146341463415	2656.0	3891.5750915750914	1248.0	-2.985645933014354	-3.617224880382775	3152.0	4780464.0	98.63975851433835	7.5406698564593295	1512.0	
2339.0	8.815217391304348	1442.0	-0.9347826086956521	-0.6195652173913043	2310.0	-227.0	0.3403298350824588	-0.1634182908545727	231.0	27412.109375	-0.34632683658170915	-109.0	32.98709264882491	33976.0	290.2743902439025	-9521.0	7574502.0	231155.45654296875	-592.0	161.64634146341464	-5302.0	18.04878048780488	2649.0	3881.3186813186812	1256.0	-3.004784688995215	-3.7033492822966507	3120.0	4780464.0	98.63975851433835	7.464114832535885	1548.0	
2372.0	9.141304347826086	1412.0	-1.2934782608695652	-0.6847826086956521	2316.0	-223.0	0.33433283358320837	-0.15442278860569714	209.0	27421.875	-0.31334332833583206	-103.0	32.98709264882491	33976.0	298.3536585365854	-9786.0	7574822.0	231165.22216796875	-601.0	143.1707317073171	-4696.0	18.323170731707318	2638.0	3865.2014652014655	1256.0	-3.004784688995215	-3.9330143540669855	3244.0	4780368.0	98.6407352999067	7.760765550239234	1644.0	
2404.0	9.66304347826087	1364.0	-1.641304347826087	-0.9565217391304348	2341.0	-225.0	0.3373313343328336	-0.14692653673163417	188.0	27431.640625	-0.2818590704647676	-98.0	32.98709264882491	33976.0	309.69512195121956	-10158.0	7575142.0	231174.98779296875	-751.0	118.04878048780489	-3872.0	22.896341463414636	2620.0	3838.827838827839	1380.0	-3.3014354066985643	-4.401913875598086	3480.0	4780368.0	98.6407352999067	8.325358851674642	1840.0	
2467.0	10.58695652173913	1279.0	-2.3260869565217392	-2.0652173913043477	2443.0	-221.0	0.3313343328335832	-0.1454272863568216	166.0	27441.40625	-0.24887556221889054	-97.0	32.98709264882491	33976.0	320.70121951219517	-10519.0	7575462.0	231184.75341796875	-741.0	92.98780487804879	-3050.0	22.59146341463415	2622.0	3841.758241758242	1884.0	-4.507177033492823	-5.090909090909091	3896.0	4780368.0	98.6407352999067	9.320574162679426	2128.0	
2616.0	11.271739130434783	1216.0	-3.9456521739130435	-2.7065217391304346	2502.0	-220.0	0.3298350824587706	-0.13343328335832083	157.0	27451.171875	-0.2353823088455772	-89.0	32.98709264882491	33976.0	323.8719512195122	-10623.0	7575782.0	231194.51904296875	5.0	104.69512195121952	-3434.0	-0.15243902439024393	2639.0	3866.6666666666665	2040.0	-4.880382775119617	-6.947368421052631	4268.0	4780368.0	98.6407352999067	10.210526315789473	2904.0	
2824.0	11.043478260869565	1237.0	-6.206521739130435	-3.3478260869565215	2561.0	-217.0	0.32533733133433285	-0.12593703148425786	135.0	27460.9375	-0.20239880059970014	-84.0	32.98709264882491	33976.0	333.7804878048781	-10948.0	7576102.0	231204.28466796875	-1.0	153.2317073170732	-5026.0	0.030487804878048783	2635.0	3860.805860805861	2228.0	-5.330143540669856	-9.665071770334928	4152.0	4780368.0	98.6407352999067	9.933014354066986	4040.0	
2936.0	10.021739130434783	1331.0	-7.423913043478261	-2.4239130434782608	2476.0	-212.0	0.31784107946026985	-0.1169415292353823	113.0	27470.703125	-0.16941529235382308	-78.0	32.98709264882491	33976.0	346.6463414634147	-11370.0	7576422.0	231214.05029296875	-755.0	187.25609756097563	-6142.0	23.01829268292683	2633.0	3857.875457875458	1952.0	-4.669856459330143	-11.291866028708133	3680.0	4780304.0	98.64138649046828	8.803827751196172	4720.0	
2893.0	9.326086956521738	1395.0	-6.956521739130435	-1.2934782608695652	2372.0	-203.0	0.3043478260869565	-0.0914542728635682	91.0	27480.46875	-0.136431784107946	-61.0	32.98709264882491	33976.0	350.00000000000006	-11480.0	7576742.0	231223.81591796875	-1155.0	190.82317073170734	-6259.0	35.213414634146346	2653.0	3887.1794871794873	1512.0	-3.617224880382775	-10.77511961722488	3376.0	4780304.0	98.64138649046828	8.076555023923445	4504.0	
2844.0	9.021739130434783	1423.0	-6.423913043478261	-0.22826086956521738	2274.0	-200.0	0.29985007496251875	-0.08095952023988005	73.0	27490.234375	-0.10944527736131934	-54.0	32.98709264882491	33976.0	348.4756097560976	-11430.0	7577062.0	231233.58154296875	-1325.0	177.9878048780488	-5838.0	40.396341463414636	2650.0	3882.7838827838827	1152.0	-2.755980861244019	-9.980861244019138	3256.0	4780304.0	98.64138649046828	7.789473684210526	4172.0	
2845.0	8.91304347826087	1433.0	-6.434782608695652	0.08695652173913043	2245.0	-196.0	0.29385307346326833	-0.05247376311844078	56.0	27500.0	-0.08395802098950525	-35.0	32.98709264882491	33976.0	355.45731707317077	-11659.0	7577382.0	231243.34716796875	-1564.0	161.28048780487805	-5290.0	47.6829268292683	2635.0	3860.805860805861	936.0	-2.2392344497607652	-10.086124401913874	3200.0	4780304.0	98.64138649046828	7.655502392344498	4216.0	
2951.0	8.771739130434783	1446.0	-7.58695652173913	0.3913043478260869	2217.0	-191.0	0.2863568215892054	-0.029985007496251874	44.0	27509.765625	-0.06596701649175413	-20.0	32.98709264882491	33976.0	362.8353658536586	-11901.0	7577702.0	231253.11279296875	-1896.0	145.33536585365854	-4767.0	57.804878048780495	2639.0	3866.6666666666665	812.0	-1.9425837320574162	-11.607655502392344	3112.0	4780304.0	98.64138649046828	7.444976076555023	4852.0	
3108.0	8.554347826086957	1466.0	-9.293478260869565	0.33695652173913043	2222.0	-174.0	0.2608695652173913	-0.0074962518740629685	18.0	27519.53125	-0.026986506746626684	-5.0	32.98709264882491	33976.0	372.56097560975616	-12220.0	7578022.0	231262.87841796875	-2348.0	135.51829268292684	-4445.0	71.58536585365854	2636.0	3862.2710622710624	820.0	-1.9617224880382775	-13.626794258373206	3008.0	4780384.0	98.64057250228915	7.196172248803827	5696.0	
3255.0	8.347826086956522	1485.0	-10.891304347826086	0.5108695652173912	2206.0	-172.0	0.2578710644677661	0.017991004497751123	10.0	27529.296875	-0.014992503748125937	12.0	32.98709264882491	33976.0	380.88414634146346	-12493.0	7578342.0	231272.64404296875	-2801.0	123.04878048780489	-4036.0	85.39634146341464	2642.0	3871.062271062271	804.0	-1.9234449760765548	-14.650717703349281	2972.0	4780384.0	98.64057250228915	7.110047846889952	6124.0	
3436.0	8.521739130434783	1469.0	-12.858695652173912	0.2608695652173913	2229.0	-163.0	0.24437781109445278	0.041979010494752625	-2.0	27539.0625	0.0029985007496251873	28.0	32.98709264882491	33976.0	383.62804878048786	-12583.0	7578662.0	231282.40966796875	-3051.0	108.23170731707319	-3550.0	93.01829268292684	2625.0	3846.153846153846	796.0	-1.9043062200956937	-16.77511961722488	2952.0	4780384.0	98.64057250228915	7.062200956937799	7012.0	
3574.0	8.804347826086957	1443.0	-14.358695652173912	0.22826086956521738	2232.0	-153.0	0.22938530734632684	0.06146926536731634	-9.0	27548.828125	0.013493253373313342	41.0	32.98709264882491	33976.0	385.3048780487805	-12638.0	7578982.0	231292.17529296875	-3341.0	93.90243902439025	-3080.0	101.85975609756099	2626.0	3847.6190476190477	852.0	-2.0382775119617222	-18.4688995215311	3072.0	4780384.0	98.64057250228915	7.349282296650717	7720.0	
3668.0	9.717391304347826	1359.0	-15.380434782608695	0.41304347826086957	2215.0	-148.0	0.22188905547226387	0.08845577211394302	-24.0	27558.59375	0.035982008995502246	59.0	32.98709264882491	33976.0	389.4817073170732	-12775.0	7579302.0	231301.94091796875	-3699.0	77.65243902439025	-2547.0	112.77439024390245	2642.0	3871.062271062271	816.0	-1.9521531100478469	-19.83732057416268	3420.0	4780384.0	98.64057250228915	8.181818181818182	8292.0	
3736.0	10.815217391304348	1258.0	-16.119565217391305	0.5434782608695652	2203.0	-135.0	0.20239880059970014	0.1169415292353823	-34.0	27568.359375	0.050974512743628186	78.0	32.98709264882491	33976.0	393.1707317073171	-12896.0	7579622.0	231311.70654296875	-4075.0	60.1829268292683	-1974.0	124.23780487804879	2649.0	3881.3186813186812	816.0	-1.9521531100478469	-20.736842105263158	3944.0	4780176.0	98.64268887202992	9.435406698564593	8668.0	
3738.0	11.597826086956522	1186.0	-16.141304347826086	0.6086956521739131	2197.0	-134.0	0.20089955022488756	0.14992503748125938	-38.0	27578.125	0.05697151424287856	100.0	32.98709264882491	33976.0	395.64024390243907	-12977.0	7579942.0	231321.47216796875	-4661.0	41.737804878048784	-1369.0	142.10365853658539	2636.0	3862.2710622710624	756.0	-1.8086124401913874	-20.94736842105263	4368.0	4780176.0	98.64268887202992	10.44976076555024	8756.0	
3683.0	11.91304347826087	1157.0	-15.543478260869565	0.858695652173913	2174.0	-128.0	0.191904047976012	0.17391304347826086	-47.0	27587.890625	0.0704647676161919	116.0	32.98709264882491	33976.0	393.81097560975616	-12917.0	7580262.0	231331.23779296875	-5238.0	22.195121951219516	-728.0	159.69512195121953	2620.0	3838.827838827839	644.0	-1.5406698564593302	-20.33492822966507	4572.0	4780176.0	98.64268887202992	10.937799043062201	8500.0	
3574.0	11.728260869565217	1174.0	-14.358695652173912	1.0869565217391304	2153.0	-124.0	0.18590704647676162	0.20689655172413793	-47.0	27597.65625	0.0704647676161919	138.0	32.98709264882491	33976.0	386.31097560975616	-12671.0	7580582.0	231341.00341796875	-5772.0	0.9756097560975611	-32.0	175.97560975609758	2632.0	3856.4102564102564	532.0	-1.2727272727272727	-19.071770334928228	4540.0	4780176.0	98.64268887202992	10.861244019138756	7972.0	
3442.0	11.195652173913043	1223.0	-12.92391304347826	1.1956521739130435	2143.0	-126.0	0.1889055472263868	0.22038980509745126	-58.0	27607.421875	0.08695652173913043	147.0	32.98709264882491	33976.0	370.3353658536586	-12147.0	7580902.0	231350.76904296875	-6257.0	-17.713414634146343	581.0	190.76219512195124	2634.0	3859.3406593406594	452.0	-1.0813397129186602	-17.464114832535884	4320.0	4780176.0	98.64268887202992	10.33492822966507	7300.0	
3308.0	10.51086956521739	1286.0	-11.467391304347826	1.1195652173913042	2150.0	-126.0	0.1889055472263868	0.2653673163418291	-46.0	27617.1875	0.06896551724137931	177.0	32.98709264882491	33976.0	346.5243902439025	-11366.0	7581222.0	231360.53466796875	-6616.0	-33.23170731707317	1090.0	201.70731707317074	2642.0	3871.062271062271	452.0	-1.0813397129186602	-15.751196172248804	4008.0	4780448.0	98.63992131191023	9.588516746411482	6584.0	
3190.0	9.608695652173912	1369.0	-10.184782608695652	1.3478260869565217	2129.0	-124.0	0.18590704647676162	0.2848575712143928	-50.0	27626.953125	0.07496251874062969	190.0	32.98709264882491	33976.0	313.9329268292683	-10297.0	7581542.0	231370.30029296875	-6875.0	-46.646341463414636	1530.0	209.60365853658539	2638.0	3865.2014652014655	364.0	-0.8708133971291866	-14.31578947368421	3660.0	4780448.0	98.63992131191023	8.75598086124402	5984.0	
3104.0	8.804347826086957	1443.0	-9.25	1.8043478260869565	2087.0	-135.0	0.20239880059970014	0.3088455772113943	-55.0	27636.71875	0.08245877061469264	206.0	32.98709264882491	33976.0	275.0914634146342	-9023.0	7581862.0	231380.06591796875	-7026.0	-60.365853658536594	1980.0	214.20731707317074	2643.0	3872.5274725274726	148.0	-0.354066985645933	-13.224880382775119	3280.0	4780448.0	98.63992131191023	7.84688995215311	5528.0	
3055.0	8.01086956521739	1516.0	-8.717391304347826	2.152173913043478	2055.0	-134.0	0.20089955022488756	0.32083958020989506	-40.0	27646.484375	0.05997001499250375	214.0	32.98709264882491	33976.0	234.5426829268293	-7693.0	7582182.0	231389.83154296875	-7005.0	-73.90243902439025	2424.0	213.56707317073173	2644.0	3873.992673992674	-20.0	0.04784688995215311	-12.507177033492823	2884.0	4780448.0	98.63992131191023	6.899521531100478	5228.0	
3032.0	6.913043478260869	1617.0	-8.467391304347826	2.3152173913043477	2040.0	-146.0	0.21889055472263869	0.33883058470764615	-47.0	27656.25	0.0704647676161919	226.0	32.98709264882491	33976.0	194.84756097560978	-6391.0	7582502.0	231399.59716796875	-6841.0	-84.35975609756099	2767.0	208.56707317073173	2642.0	3871.062271062271	-104.0	0.24880382775119617	-12.258373205741627	2396.0	4780448.0	98.63992131191023	5.732057416267942	5124.0	
3035.0	5.760869565217392	1723.0	-8.5	2.217391304347826	2049.0	-148.0	0.22188905547226387	0.34782608695652173	-34.0	27666.015625	0.050974512743628186	232.0	32.98709264882491	33976.0	156.859756097561	-5145.0	7582822.0	231409.36279296875	-6229.0	-89.29878048780489	2929.0	189.90853658536588	2645.0	3875.4578754578756	-40.0	0.09569377990430622	-12.354066985645932	1864.0	4780304.0	98.64138649046828	4.45933014354067	5164.0	
3054.0	4.728260869565217	1818.0	-8.706521739130434	1.8478260869565217	2083.0	-161.0	0.24137931034482757	0.35532233883058467	-39.0	27675.78125	0.05847076461769115	237.0	32.98709264882491	33976.0	120.94512195121952	-3967.0	7583142.0	231419.12841796875	-5422.0	-87.25609756097562	2862.0	165.3048780487805	2630.0	3853.479853479854	100.0	-0.23923444976076555	-12.430622009569378	1348.0	4780304.0	98.64138649046828	3.2248803827751193	5196.0	
3030.0	4.08695652173913	1877.0	-8.445652173913043	1.4891304347826086	2116.0	-163.0	0.24437781109445278	0.35532233883058467	-33.0	27685.546875	0.04947526236881559	237.0	32.98709264882491	33976.0	89.14634146341464	-2924.0	7583462.0	231428.89404296875	-4335.0	-79.54268292682927	2609.0	132.16463414634148	2638.0	3865.2014652014655	180.0	-0.43062200956937796	-12.354066985645932	1184.0	4780304.0	98.64138649046828	2.832535885167464	5164.0	
3007.0	3.967391304347826	1888.0	-8.195652173913043	1.5	2115.0	-169.0	0.25337331334332835	0.3658170914542728	-32.0	27695.3125	0.047976011994003	244.0	32.98709264882491	33976.0	64.1158536585366	-2103.0	7583782.0	231438.65966796875	-3041.0	-76.12804878048782	2497.0	92.71341463414635	2634.0	3859.3406593406594	196.0	-0.4688995215311005	-11.808612440191387	992.0	4780304.0	98.64138649046828	2.373205741626794	4936.0	
3021.0	3.782608695652174	1905.0	-8.347826086956522	1.2717391304347825	2136.0	-174.0	0.2608695652173913	0.36731634182908546	-28.0	27705.078125	0.041979010494752625	245.0	32.98709264882491	33976.0	35.213414634146346	-1155.0	7584102.0	231448.42529296875	-1769.0	-68.47560975609757	2246.0	53.9329268292683	2618.0	3835.897435897436	252.0	-0.6028708133971291	-11.904306220095693	984.0	4780304.0	98.64138649046828	2.354066985645933	4976.0	
3017.0	3.7717391304347827	1906.0	-8.304347826086957	1.3695652173913042	2127.0	-179.0	0.26836581709145424	0.3613193403298351	-28.0	27714.84375	0.041979010494752625	241.0	32.98709264882491	33976.0	15.487804878048783	-508.0	7584422.0	231458.19091796875	-770.0	-54.84756097560976	1799.0	23.475609756097562	2636.0	3862.2710622710624	276.0	-0.6602870813397129	-12.038277511961722	952.0	4780384.0	98.64057250228915	2.277511961722488	5032.0	
2998.0	3.9239130434782608	1892.0	-8.097826086956522	1.5326086956521738	2112.0	-181.0	0.27136431784107945	0.36731634182908546	-25.0	27724.609375	0.037481259370314844	245.0	32.98709264882491	33976.0	0.9451219512195123	-31.0	7584742.0	231467.95654296875	173.0	-39.87804878048781	1308.0	-5.27439024390244	2643.0	3872.5274725274726	208.0	-0.49760765550239233	-11.799043062200957	992.0	4780384.0	98.64057250228915	2.373205741626794	4932.0	
2951.0	4.206521739130435	1866.0	-7.58695652173913	1.7391304347826086	2093.0	-187.0	0.280359820089955	0.3613193403298351	-24.0	27734.375	0.035982008995502246	241.0	32.98709264882491	33976.0	-13.567073170731708	445.0	7585062.0	231477.72216796875	1133.0	-25.000000000000004	820.0	-34.54268292682927	2634.0	3859.3406593406594	108.0	-0.2583732057416268	-11.253588516746412	1132.0	4780384.0	98.64057250228915	2.7081339712918657	4704.0	
2901.0	4.510869565217392	1838.0	-7.043478260869565	2.2065217391304346	2050.0	-184.0	0.27586206896551724	0.3583208395802099	-20.0	27744.140625	0.029985007496251874	239.0	32.98709264882491	33976.0	-23.04878048780488	756.0	7585382.0	231487.48779296875	2005.0	-14.664634146341465	481.0	-61.12804878048781	2654.0	3888.644688644689	-36.0	0.08612440191387559	-10.641148325358852	1284.0	4780384.0	98.64057250228915	3.0717703349282295	4448.0	
2868.0	4.869565217391305	1805.0	-6.684782608695652	2.3152173913043477	2040.0	-188.0	0.2818590704647676	0.36281859070464767	-19.0	27753.90625	0.02848575712143928	242.0	32.98709264882491	33976.0	-28.53658536585366	936.0	7585702.0	231497.25341796875	2745.0	-5.5182926829268295	181.0	-83.68902439024392	2629.0	3852.0146520146523	-160.0	0.3827751196172249	-10.114832535885167	1432.0	4780384.0	98.64057250228915	3.4258373205741623	4228.0	
2840.0	5.326086956521739	1763.0	-6.380434782608695	2.543478260869565	2019.0	-186.0	0.2788605697151424	0.3703148425787106	-15.0	27763.671875	0.022488755622188904	247.0	32.98709264882491	33976.0	-33.170731707317074	1088.0	7586022.0	231507.01904296875	3307.0	2.1341463414634148	-70.0	-100.82317073170732	2637.0	3863.736263736264	-264.0	0.631578947368421	-9.760765550239235	1628.0	4780112.0	98.64334006302997	3.894736842105263	4080.0	
2810.0	5.9021739130434785	1710.0	-6.054347826086956	2.5869565217391304	2015.0	-178.0	0.26686656671664166	0.3733133433283358	-20.0	27773.4375	0.029985007496251874	249.0	32.98709264882491	33976.0	-36.493902439024396	1197.0	7586342.0	231516.78466796875	3665.0	9.115853658536587	-299.0	-111.73780487804879	2637.0	3863.736263736264	-296.0	0.708133971291866	-9.330143540669857	1852.0	4780112.0	98.64334006302997	4.430622009569378	3900.0	
2774.0	6.271739130434782	1676.0	-5.663043478260869	2.717391304347826	2003.0	-183.0	0.27436281859070466	0.36431784107946025	-23.0	27783.203125	0.034482758620689655	243.0	32.98709264882491	33976.0	-37.804878048780495	1240.0	7586662.0	231526.55029296875	3771.0	15.060975609756099	-494.0	-114.96951219512196	2641.0	3869.5970695970695	-304.0	0.7272727272727273	-8.92822966507177	2072.0	4780112.0	98.64334006302997	4.956937799043062	3732.0	
2739.0	6.695652173913043	1637.0	-5.282608695652174	2.717391304347826	2003.0	-179.0	0.26836581709145424	0.36731634182908546	-19.0	27792.96875	0.02848575712143928	245.0	32.98709264882491	33976.0	-37.19512195121951	1220.0	7586982.0	231536.31591796875	3685.0	21.03658536585366	-690.0	-112.34756097560977	2649.0	3881.3186813186812	-296.0	0.708133971291866	-8.44976076555024	2232.0	4780112.0	98.64334006302997	5.339712918660287	3532.0	
2708.0	6.934782608695652	1615.0	-4.945652173913043	2.8152173913043477	1994.0	-171.0	0.2563718140929535	0.3658170914542728	-30.0	27802.734375	0.04497751124437781	244.0	32.98709264882491	33976.0	-35.426829268292686	1162.0	7587302.0	231546.08154296875	3452.0	25.03048780487805	-821.0	-105.2439024390244	2647.0	3878.388278388278	-296.0	0.708133971291866	-8.076555023923445	2332.0	4780112.0	98.64334006302997	5.578947368421052	3376.0	
2684.0	7.065217391304348	1603.0	-4.684782608695652	2.6630434782608696	2008.0	-162.0	0.24287856071964017	0.36731634182908546	-26.0	27812.5	0.038980509745127435	245.0	32.98709264882491	33976.0	-34.268292682926834	1124.0	7587622.0	231555.84716796875	3109.0	27.80487804878049	-912.0	-94.78658536585367	2636.0	3862.2710622710624	-276.0	0.6602870813397129	-7.770334928229665	2416.0	4780464.0	98.63975851433835	5.779904306220096	3248.0	
2662.0	7.163043478260869	1594.0	-4.445652173913043	2.717391304347826	2003.0	-176.0	0.2638680659670165	0.37181409295352325	-31.0	27822.265625	0.046476761619190406	248.0	32.98709264882491	33976.0	-32.43902439024391	1064.0	7587942.0	231565.61279296875	2686.0	28.262195121951223	-927.0	-81.89024390243904	2646.0	3876.923076923077	-260.0	0.6220095693779905	-7.617224880382775	2444.0	4780464.0	98.63975851433835	5.84688995215311	3184.0	
2671.0	7.260869565217391	1585.0	-4.543478260869565	2.630434782608696	2011.0	-164.0	0.24587706146926536	0.3793103448275862	-32.0	27832.03125	0.047976011994003	253.0	32.98709264882491	33976.0	-30.914634146341466	1014.0	7588262.0	231575.37841796875	2200.0	28.445121951219516	-933.0	-67.07317073170732	2627.0	3849.084249084249	-252.0	0.6028708133971291	-7.578947368421052	2464.0	4780464.0	98.63975851433835	5.894736842105263	3168.0	
2674.0	7.358695652173913	1576.0	-4.576086956521739	2.5543478260869565	2018.0	-165.0	0.24737631184407796	0.3733133433283358	-29.0	27841.796875	0.043478260869565216	249.0	32.98709264882491	33976.0	-30.365853658536587	996.0	7588582.0	231585.14404296875	1695.0	28.323170731707318	-929.0	-51.676829268292686	2638.0	3865.2014652014655	-240.0	0.5741626794258373	-7.665071770334928	2516.0	4780464.0	98.63975851433835	6.019138755980861	3204.0	
2689.0	7.380434782608695	1574.0	-4.739130434782608	2.5217391304347827	2021.0	-155.0	0.23238380809595202	0.36731634182908546	-31.0	27851.5625	0.046476761619190406	245.0	32.98709264882491	33976.0	-30.457317073170735	999.0	7588902.0	231594.90966796875	1176.0	28.292682926829272	-928.0	-35.85365853658537	2622.0	3841.758241758242	-212.0	0.507177033492823	-7.789473684210526	2532.0	4780464.0	98.63975851433835	6.057416267942584	3256.0	
2706.0	7.326086956521739	1579.0	-4.923913043478261	2.369565217391304	2035.0	-165.0	0.24737631184407796	0.37181409295352325	-33.0	27861.328125	0.04947526236881559	248.0	32.98709264882491	33976.0	-30.792682926829272	1010.0	7589222.0	231604.67529296875	718.0	28.262195121951223	-927.0	-21.890243902439025	2625.0	3846.153846153846	-184.0	0.4401913875598086	-7.952153110047846	2528.0	4780336.0	98.64106089516923	6.047846889952153	3324.0	
2714.0	7.1521739130434785	1595.0	-5.010869565217392	2.3478260869565215	2037.0	-153.0	0.22938530734632684	0.36881559220389803	-34.0	27871.09375	0.050974512743628186	246.0	32.98709264882491	33976.0	-32.713414634146346	1073.0	7589542.0	231614.44091796875	336.0	28.14024390243903	-923.0	-10.24390243902439	2638.0	3865.2014652014655	-128.0	0.3062200956937799	-8.17224880382775	2456.0	4780336.0	98.64106089516923	5.875598086124402	3416.0	
2733.0	6.9021739130434785	1618.0	-5.217391304347826	2.3152173913043477	2040.0	-159.0	0.2383808095952024	0.3658170914542728	-32.0	27880.859375	0.047976011994003	244.0	32.98709264882491	33976.0	-36.55487804878049	1199.0	7589862.0	231624.20654296875	44.0	27.987804878048784	-918.0	-1.3414634146341464	2647.0	3878.388278388278	-76.0	0.18181818181818182	-8.363636363636363	2336.0	4780336.0	98.64106089516923	5.588516746411483	3496.0	
2744.0	6.6521739130434785	1641.0	-5.33695652173913	2.2065217391304346	2050.0	-160.0	0.239880059970015	0.36281859070464767	-36.0	27890.625	0.05397301349325337	242.0	32.98709264882491	33976.0	-41.4329268292683	1359.0	7590182.0	231633.97216796875	-141.0	26.189024390243905	-859.0	4.298780487804878	2637.0	3863.736263736264	-64.0	0.15311004784688995	-8.555023923444976	2228.0	4780336.0	98.64106089516923	5.330143540669856	3576.0	
2776.0	6.510869565217391	1654.0	-5.684782608695652	2.141304347826087	2056.0	-158.0	0.2368815592203898	0.36281859070464767	-39.0	27900.390625	0.05847076461769115	242.0	32.98709264882491	33976.0	-46.951219512195124	1540.0	7590502.0	231643.73779296875	-244.0	24.115853658536587	-791.0	7.439024390243903	2624.0	3844.6886446886447	-28.0	0.06698564593301436	-8.861244019138756	2168.0	4780336.0	98.64106089516923	5.186602870813397	3704.0	
2801.0	6.456521739130435	1659.0	-5.956521739130435	2.0869565217391304	2061.0	-154.0	0.23088455772113942	0.36281859070464767	-35.0	27910.15625	0.05247376311844078	242.0	33.00200609117746	33979.0	-53.47560975609757	1754.0	7590822.0	231653.50341796875	-363.0	22.53048780487805	-739.0	11.067073170731708	2628.0	3850.5494505494507	12.0	-0.028708133971291863	-9.291866028708133	2176.0	4780336.0	98.6435851257809	5.205741626794258	3884.0	
2839.0	6.565217391304348	1649.0	-6.369565217391304	1.934782608695652	2075.0	-153.0	0.22938530734632684	0.36281859070464767	-42.0	27919.921875	0.06296851574212893	242.0	33.00200609117746	33979.0	-60.97560975609757	2000.0	7591142.0	231663.26904296875	-397.0	21.920731707317074	-719.0	12.103658536585368	2637.0	3863.736263736264	80.0	-0.19138755980861244	-9.71291866028708	2192.0	4780336.0	98.6435851257809	5.244019138755981	4060.0	
2866.0	6.532608695652174	1652.0	-6.663043478260869	1.7608695652173914	2091.0	-156.0	0.2338830584707646	0.35082458770614694	-39.0	27929.6875	0.05847076461769115	234.0	33.00200609117746	33979.0	-69.08536585365854	2266.0	7591462.0	231673.03466796875	-443.0	22.652439024390247	-743.0	13.506097560975611	2635.0	3860.805860805861	112.0	-0.2679425837320574	-10.076555023923445	2148.0	4780336.0	98.6435851257809	5.1387559808612435	4212.0	
2887.0	6.369565217391304	1667.0	-6.891304347826087	1.8043478260869565	2087.0	-152.0	0.22788605697151423	0.34632683658170915	-38.0	27939.453125	0.05697151424287856	231.0	33.00200609117746	33979.0	-78.20121951219512	2565.0	7591782.0	231682.80029296875	-450.0	22.134146341463417	-726.0	13.719512195121952	2635.0	3860.805860805861	132.0	-0.3157894736842105	-10.344497607655502	2120.0	4780336.0	98.6435851257809	5.071770334928229	4324.0	
2907.0	6.478260869565217	1657.0	-7.108695652173913	1.717391304347826	2095.0	-150.0	0.22488755622188905	0.33433283358320837	-39.0	27949.21875	0.05847076461769115	223.0	33.00200609117746	33979.0	-88.68902439024392	2909.0	7592102.0	231692.56591796875	-384.0	21.646341463414636	-710.0	11.707317073170733	2644.0	3873.992673992674	160.0	-0.3827751196172249	-10.62200956937799	2124.0	4780336.0	98.6435851257809	5.08133971291866	4440.0	
2936.0	6.413043478260869	1663.0	-7.423913043478261	1.7391304347826086	2093.0	-145.0	0.21739130434782608	0.335832083958021	-46.0	27958.984375	0.06896551724137931	224.0	33.00200609117746	33979.0	-99.35975609756099	3259.0	7592422.0	231702.33154296875	-341.0	21.707317073170735	-712.0	10.396341463414634	2652.0	3885.714285714286	204.0	-0.4880382775119617	-10.966507177033492	2132.0	4779168.0	98.65546966654956	5.100478468899522	4584.0	
2955.0	6.467391304347826	1658.0	-7.630434782608695	1.4891304347826086	2116.0	-144.0	0.21589205397301348	0.32233883058470764	-40.0	27968.75	0.05997001499250375	215.0	33.00200609117746	33979.0	-110.3658536585366	3620.0	7592742.0	231712.09716796875	-333.0	22.865853658536587	-750.0	10.152439024390246	2636.0	3862.2710622710624	276.0	-0.6602870813397129	-11.282296650717702	2156.0	4779168.0	98.65546966654956	5.157894736842105	4716.0	
2981.0	6.630434782608695	1643.0	-7.913043478260869	1.3043478260869565	2133.0	-145.0	0.21739130434782608	0.3118440779610195	-44.0	27978.515625	0.06596701649175413	208.0	33.00200609117746	33979.0	-122.56097560975611	4020.0	7593062.0	231721.86279296875	-292.0	24.39024390243903	-800.0	8.902439024390246	2633.0	3857.875457875458	284.0	-0.6794258373205742	-11.435406698564593	2192.0	4779168.0	98.65546966654956	5.244019138755981	4780.0	
3004.0	6.532608695652174	1652.0	-8.16304347826087	1.2173913043478262	2141.0	-146.0	0.21889055472263869	0.3028485757121439	-47.0	27988.28125	0.0704647676161919	202.0	33.00200609117746	33979.0	-134.75609756097563	4420.0	7593382.0	231731.62841796875	-302.0	25.792682926829272	-846.0	9.207317073170733	2635.0	3860.805860805861	368.0	-0.8803827751196172	-11.71291866028708	2184.0	4779168.0	98.65546966654956	5.22488038277512	4896.0	
3022.0	6.532608695652174	1652.0	-8.358695652173912	1.065217391304348	2155.0	-144.0	0.21589205397301348	0.28785607196401797	-44.0	27998.046875	0.06596701649175413	192.0	33.00200609117746	33979.0	-148.8109756097561	4881.0	7593702.0	231741.39404296875	-234.0	28.170731707317074	-924.0	7.134146341463415	2633.0	3857.875457875458	432.0	-1.0334928229665072	-12.038277511961722	2176.0	4779168.0	98.65546966654956	5.205741626794258	5032.0	
3059.0	6.793478260869565	1628.0	-8.76086956521739	1.065217391304348	2155.0	-145.0	0.21739130434782608	0.26836581709145424	-44.0	28007.8125	0.06596701649175413	179.0	33.00200609117746	33979.0	-164.75609756097563	5404.0	7594022.0	231751.15966796875	-112.0	28.8109756097561	-945.0	3.414634146341464	2628.0	3850.5494505494507	416.0	-0.9952153110047847	-12.363636363636363	2228.0	4779232.0	98.65481845757559	5.330143540669856	5168.0	
3101.0	6.760869565217391	1631.0	-9.217391304347826	1.0434782608695652	2157.0	-140.0	0.2098950524737631	0.26686656671664166	-51.0	28017.578125	0.07646176911544228	178.0	33.00200609117746	33979.0	-181.25000000000003	5945.0	7594342.0	231760.92529296875	100.0	27.682926829268297	-908.0	-3.0487804878048785	2619.0	3837.3626373626375	412.0	-0.985645933014354	-12.92822966507177	2292.0	4779232.0	98.65481845757559	5.483253588516746	5404.0	
3129.0	6.728260869565217	1634.0	-9.521739130434783	0.9782608695652174	2163.0	-140.0	0.2098950524737631	0.26686656671664166	-51.0	28027.34375	0.07646176911544228	178.0	33.00200609117746	33979.0	-196.9817073170732	6461.0	7594662.0	231770.69091796875	322.0	27.408536585365855	-899.0	-9.817073170731708	2638.0	3865.2014652014655	496.0	-1.186602870813397	-13.39712918660287	2288.0	4779232.0	98.65481845757559	5.473684210526316	5600.0	
3154.0	6.706521739130435	1636.0	-9.793478260869565	0.9891304347826086	2162.0	-134.0	0.20089955022488756	0.24587706146926536	-45.0	28037.109375	0.06746626686656672	164.0	33.00200609117746	33979.0	-215.4268292682927	7066.0	7594982.0	231780.45654296875	615.0	26.82926829268293	-880.0	-18.75	2642.0	3871.062271062271	512.0	-1.2248803827751196	-13.69377990430622	2256.0	4779232.0	98.65481845757559	5.3971291866028706	5724.0	
3176.0	6.880434782608695	1620.0	-10.032608695652174	0.9021739130434783	2170.0	-134.0	0.20089955022488756	0.24587706146926536	-45.0	28046.875	0.06746626686656672	164.0	33.00200609117746	33979.0	-237.22560975609758	7781.0	7595302.0	231790.22216796875	1058.0	22.896341463414636	-751.0	-32.25609756097561	2641.0	3869.5970695970695	520.0	-1.244019138755981	-14.057416267942584	2348.0	4779232.0	98.65481845757559	5.617224880382775	5876.0	
3191.0	7.141304347826087	1596.0	-10.195652173913043	0.7391304347826086	2185.0	-138.0	0.20689655172413793	0.20689655172413793	-46.0	28056.640625	0.06896551724137931	138.0	33.00200609117746	33979.0	-256.6463414634147	8418.0	7595622.0	231799.98779296875	1499.0	20.640243902439025	-677.0	-45.701219512195124	2650.0	3882.7838827838827	680.0	-1.6267942583732056	-14.411483253588516	2496.0	4779760.0	98.64944598911715	5.971291866028708	6024.0	
3212.0	7.467391304347826	1566.0	-10.42391304347826	0.41304347826086957	2215.0	-136.0	0.20389805097451275	0.19790104947526235	-43.0	28066.40625	0.06446776611694152	132.0	33.00200609117746	33979.0	-273.109756097561	8958.0	7595942.0	231809.75341796875	1829.0	18.53658536585366	-608.0	-55.76219512195122	2622.0	3841.758241758242	760.0	-1.8181818181818181	-14.516746411483252	2636.0	4779760.0	98.64944598911715	6.30622009569378	6068.0	
3199.0	7.891304347826087	1527.0	-10.282608695652174	0.34782608695652173	2221.0	-136.0	0.20389805097451275	0.17091454272863568	-41.0	28076.171875	0.06146926536731634	114.0	33.00200609117746	33979.0	-289.45121951219517	9494.0	7596262.0	231819.51904296875	2139.0	14.756097560975611	-484.0	-65.21341463414635	2632.0	3856.4102564102564	784.0	-1.875598086124402	-14.354066985645932	2800.0	4779760.0	98.64944598911715	6.698564593301435	6000.0	
3168.0	8.434782608695652	1477.0	-9.945652173913043	0.25	2230.0	-137.0	0.20539730134932532	0.15892053973013492	-38.0	28085.9375	0.05697151424287856	106.0	33.00200609117746	33979.0	-305.94512195121956	10035.0	7596582.0	231829.28466796875	2494.0	9.634146341463415	-316.0	-76.03658536585367	2622.0	3841.758241758242	840.0	-2.0095693779904304	-14.114832535885167	3088.0	4779760.0	98.64944598911715	7.38755980861244	5900.0	
3168.0	9.271739130434783	1400.0	-9.945652173913043	0.10869565217391304	2243.0	-130.0	0.19490254872563717	0.13793103448275862	-32.0	28095.703125	0.047976011994003	92.0	33.00200609117746	33979.0	-317.9878048780488	10430.0	7596902.0	231839.05029296875	2817.0	3.7500000000000004	-123.0	-85.88414634146342	2637.0	3863.736263736264	920.0	-2.200956937799043	-13.971291866028707	3460.0	4779760.0	98.64944598911715	8.277511961722487	5840.0	
3176.0	10.184782608695652	1316.0	-10.032608695652174	0.14130434782608695	2240.0	-136.0	0.20389805097451275	0.11094452773613193	-30.0	28105.46875	0.04497751124437781	74.0	33.00200609117746	33979.0	-326.6158536585366	10713.0	7597222.0	231848.81591796875	3044.0	-1.3414634146341464	44.0	-92.8048780487805	2659.0	3895.970695970696	984.0	-2.354066985645933	-14.086124401913874	3860.0	4779872.0	98.64830637587457	9.23444976076555	5888.0	
3176.0	10.804347826086957	1259.0	-10.032608695652174	-0.32608695652173914	2283.0	-134.0	0.20089955022488756	0.07796101949025487	-23.0	28115.234375	0.034482758620689655	52.0	33.00200609117746	33979.0	-332.7743902439025	10915.0	7597542.0	231858.58154296875	3168.0	-5.914634146341464	194.0	-96.58536585365854	2626.0	3847.6190476190477	1100.0	-2.631578947368421	-14.047846889952153	4128.0	4779872.0	98.64830637587457	9.875598086124402	5872.0	
3163.0	11.076086956521738	1234.0	-9.891304347826086	-0.16304347826086957	2268.0	-130.0	0.19490254872563717	0.05997001499250375	-17.0	28125.0	0.025487256371814093	40.0	33.00200609117746	33979.0	-338.9939024390244	11119.0	7597862.0	231868.34716796875	3193.0	-13.871951219512196	455.0	-97.34756097560977	2632.0	3856.4102564102564	1044.0	-2.4976076555023923	-14.066985645933014	4196.0	4779872.0	98.64830637587457	10.038277511961722	5880.0	
3127.0	11.097826086956522	1232.0	-9.5	-0.20652173913043478	2272.0	-144.0	0.21589205397301348	0.034482758620689655	-5.0	28134.765625	0.0074962518740629685	23.0	33.00200609117746	33979.0	-345.6707317073171	11338.0	7598182.0	231878.11279296875	3094.0	-22.743902439024392	746.0	-94.32926829268294	2645.0	3875.4578754578756	1072.0	-2.5645933014354068	-13.779904306220095	4232.0	4779872.0	98.64830637587457	10.124401913875598	5760.0	
3104.0	11.119565217391305	1230.0	-9.25	-0.34782608695652173	2285.0	-142.0	0.2128935532233883	0.01199400299850075	-3.0	28144.53125	0.004497751124437781	8.0	33.00200609117746	33979.0	-353.6585365853659	11600.0	7598502.0	231887.87841796875	3067.0	-33.84146341463415	1110.0	-93.50609756097562	2635.0	3860.805860805861	1096.0	-2.6220095693779903	-13.37799043062201	4232.0	4779872.0	98.64830637587457	10.124401913875598	5592.0	
3049.0	11.42391304347826	1202.0	-8.652173913043478	-0.6195652173913043	2310.0	-150.0	0.22488755622188905	-0.013493253373313342	15.0	28154.296875	-0.022488755622188904	-9.0	33.00200609117746	33979.0	-361.9817073170732	11873.0	7598822.0	231897.64404296875	2922.0	-43.78048780487805	1436.0	-89.08536585365854	2632.0	3856.4102564102564	1216.0	-2.909090909090909	-12.794258373205741	4332.0	4780080.0	98.64618995246875	10.363636363636363	5348.0	
3009.0	12.184782608695652	1132.0	-8.217391304347826	-0.8478260869565217	2331.0	-155.0	0.23238380809595202	-0.0239880059970015	25.0	28164.0625	-0.037481259370314844	-16.0	33.00200609117746	33979.0	-366.859756097561	12033.0	7599142.0	231907.40966796875	2800.0	-54.32926829268293	1782.0	-85.3658536585366	2635.0	3860.805860805861	1276.0	-3.052631578947368	-12.229665071770334	4624.0	4780080.0	98.64618995246875	11.062200956937799	5112.0	
2968.0	12.684782608695652	1086.0	-7.771739130434782	-0.9782608695652174	2343.0	-156.0	0.2338830584707646	-0.05247376311844078	39.0	28173.828125	-0.05847076461769115	-35.0	33.00200609117746	33979.0	-364.2987804878049	11949.0	7599462.0	231917.17529296875	2702.0	-65.79268292682927	2158.0	-82.37804878048782	2619.0	3837.3626373626375	1360.0	-3.253588516746411	-11.655502392344497	4896.0	4780080.0	98.64618995246875	11.71291866028708	4872.0	
2929.0	12.793478260869565	1076.0	-7.3478260869565215	-0.9021739130434783	2336.0	-171.0	0.2563718140929535	-0.0704647676161919	55.0	28183.59375	-0.08245877061469264	-47.0	33.00200609117746	33979.0	-357.5914634146342	11729.0	7599782.0	231926.94091796875	2523.0	-77.89634146341464	2555.0	-76.92073170731707	2638.0	3865.2014652014655	1392.0	-3.3301435406698565	-11.10047846889952	4968.0	4780080.0	98.64618995246875	11.885167464114833	4640.0	
2888.0	12.358695652173912	1116.0	-6.9021739130434785	-1.0217391304347825	2347.0	-176.0	0.2638680659670165	-0.08845577211394302	70.0	28193.359375	-0.10494752623688156	-59.0	33.00200609117746	33979.0	-353.719512195122	11602.0	7600102.0	231936.70654296875	2180.0	-90.15243902439025	2957.0	-66.46341463414635	2639.0	3866.6666666666665	1448.0	-3.464114832535885	-10.641148325358852	4808.0	4780080.0	98.64618995246875	11.502392344497608	4448.0	
2845.0	12.25	1126.0	-6.434782608695652	-1.2826086956521738	2371.0	-171.0	0.2563718140929535	-0.11394302848575712	90.0	28203.125	-0.13493253373313344	-76.0	33.00200609117746	33979.0	-354.9085365853659	11641.0	7600422.0	231946.47216796875	1775.0	-102.22560975609757	3353.0	-54.115853658536594	2643.0	3872.5274725274726	1552.0	-3.712918660287081	-10.114832535885167	4716.0	4780288.0	98.64407353060673	11.282296650717702	4228.0	
2799.0	12.652173913043478	1089.0	-5.934782608695652	-1.5543478260869565	2396.0	-178.0	0.26686656671664166	-0.12143928035982009	109.0	28212.890625	-0.1634182908545727	-81.0	33.00200609117746	33979.0	-354.9085365853659	11641.0	7600742.0	231956.23779296875	1435.0	-111.76829268292684	3666.0	-43.75000000000001	2649.0	3881.3186813186812	1720.0	-4.114832535885167	-9.665071770334928	4940.0	4780288.0	98.64407353060673	11.818181818181818	4040.0	
2784.0	12.945652173913043	1062.0	-5.771739130434782	-2.0	2437.0	-190.0	0.2848575712143928	-0.14692653673163417	123.0	28222.65625	-0.18440779610194902	-98.0	33.00200609117746	33979.0	-350.57926829268297	11499.0	7601062.0	231966.00341796875	1251.0	-117.62195121951221	3858.0	-38.140243902439025	2631.0	3854.945054945055	1864.0	-4.45933014354067	-9.320574162679426	5064.0	4780288.0	98.64407353060673	12.114832535885167	3896.0	
2749.0	12.793478260869565	1076.0	-5.391304347826087	-2.1847826086956523	2454.0	-185.0	0.2773613193403298	-0.15292353823088456	141.0	28232.421875	-0.21139430284857572	-102.0	33.00200609117746	33979.0	-346.859756097561	11377.0	7601382.0	231975.76904296875	1230.0	-123.56707317073172	4053.0	-37.5	2641.0	3869.5970695970695	1936.0	-4.631578947368421	-8.861244019138756	4956.0	4780288.0	98.64407353060673	11.85645933014354	3704.0	
2688.0	12.315217391304348	1120.0	-4.728260869565217	-2.2065217391304346	2456.0	-189.0	0.2833583208395802	-0.16941529235382308	163.0	28242.1875	-0.24437781109445278	-113.0	33.00200609117746	33979.0	-344.1768292682927	11289.0	7601702.0	231985.53466796875	1298.0	-130.15243902439025	4269.0	-39.57317073170732	2646.0	3876.923076923077	1948.0	-4.660287081339713	-8.038277511961722	4712.0	4780288.0	98.64407353060673	11.272727272727272	3360.0	
2617.0	11.445652173913043	1200.0	-3.9565217391304346	-1.891304347826087	2427.0	-195.0	0.29235382308845576	-0.17841079460269865	182.0	28251.953125	-0.272863568215892	-119.0	33.00200609117746	33979.0	-340.45731707317077	11167.0	7602022.0	231995.30029296875	1391.0	-136.859756097561	4489.0	-42.40853658536586	2636.0	3862.2710622710624	1784.0	-4.267942583732057	-7.090909090909091	4304.0	4780048.0	98.64651555596916	10.296650717703349	2964.0	
2547.0	10.945652173913043	1246.0	-3.1956521739130435	-1.6739130434782608	2407.0	-201.0	0.30134932533733133	-0.1874062968515742	201.0	28261.71875	-0.30134932533733133	-125.0	33.00200609117746	33979.0	-338.01829268292687	11087.0	7602342.0	232005.06591796875	1143.0	-141.5548780487805	4643.0	-34.84756097560976	2657.0	3893.040293040293	1772.0	-4.239234449760765	-6.181818181818182	4128.0	4780048.0	98.64651555596916	9.875598086124402	2584.0	
2482.0	10.945652173913043	1246.0	-2.4891304347826084	-1.5108695652173914	2392.0	-211.0	0.31634182908545727	-0.1934032983508246	227.0	28271.484375	-0.3403298350824588	-129.0	33.00200609117746	33979.0	-334.8475609756098	10983.0	7602662.0	232014.83154296875	1114.0	-144.66463414634148	4745.0	-33.963414634146346	2634.0	3859.3406593406594	1612.0	-3.8564593301435406	-5.712918660287081	4136.0	4780048.0	98.64651555596916	9.894736842105262	2388.0	
2414.0	10.782608695652174	1261.0	-1.75	-1.4021739130434783	2382.0	-212.0	0.31784107946026985	-0.1889055472263868	248.0	28281.25	-0.37181409295352325	-126.0	33.00200609117746	33979.0	-326.4329268292683	10707.0	7602982.0	232024.59716796875	1108.0	-149.359756097561	4899.0	-33.78048780487805	2638.0	3865.2014652014655	1568.0	-3.751196172248804	-4.889952153110047	4092.0	4780048.0	98.64651555596916	9.789473684210526	2044.0	
2357.0	10.293478260869565	1306.0	-1.1304347826086956	-1.1630434782608696	2360.0	-210.0	0.3148425787106447	-0.19790104947526235	266.0	28291.015625	-0.3988005997001499	-132.0	33.00200609117746	33979.0	-317.43902439024396	10412.0	7603302.0	232034.36279296875	1105.0	-151.5548780487805	4971.0	-33.68902439024391	2641.0	3869.5970695970695	1504.0	-3.5980861244019136	-4.248803827751196	3904.0	4780048.0	98.64651555596916	9.339712918660286	1776.0	
2326.0	9.804347826086957	1351.0	-0.7934782608695652	-1.1521739130434783	2359.0	-218.0	0.3268365817091454	-0.1934032983508246	290.0	28300.78125	-0.43478260869565216	-129.0	33.00200609117746	33979.0	-310.76219512195127	10193.0	7603622.0	232044.12841796875	1218.0	-149.90853658536588	4917.0	-37.13414634146342	2632.0	3856.4102564102564	1404.0	-3.3588516746411483	-3.6459330143540667	3680.0	4780304.0	98.643910728989	8.803827751196172	1524.0	
2281.0	8.98913043478261	1426.0	-0.30434782608695654	-1.2173913043478262	2365.0	-213.0	0.3193403298350824	-0.1934032983508246	317.0	28310.546875	-0.4752623688155922	-129.0	33.00200609117746	33979.0	-301.6158536585366	9893.0	7603942.0	232053.89404296875	1507.0	-146.89024390243904	4818.0	-45.94512195121952	2637.0	3863.736263736264	1400.0	-3.3492822966507174	-3.1578947368421053	3336.0	4780304.0	98.643910728989	7.980861244019138	1320.0	
2225.0	8.195652173913043	1499.0	0.30434782608695654	-1.4239130434782608	2384.0	-215.0	0.32233883058470764	-0.1889055472263868	336.0	28320.3125	-0.5037481259370314	-126.0	33.00200609117746	33979.0	-296.3109756097561	9719.0	7604262.0	232063.65966796875	1905.0	-143.9329268292683	4721.0	-58.07926829268293	2651.0	3884.2490842490843	1512.0	-3.617224880382775	-2.4210526315789473	2956.0	4780304.0	98.643910728989	7.071770334928229	1012.0	
2184.0	7.641304347826087	1550.0	0.75	-1.1195652173913042	2356.0	-219.0	0.328335832083958	-0.18590704647676162	351.0	28330.078125	-0.5262368815592203	-124.0	33.00200609117746	33979.0	-288.50609756097566	9463.0	7604582.0	232073.42529296875	2437.0	-136.15853658536588	4466.0	-74.29878048780489	2645.0	3875.4578754578756	1404.0	-3.3588516746411483	-1.8851674641148324	2660.0	4780304.0	98.643910728989	6.363636363636363	788.0	
2133.0	7.119565217391304	1598.0	1.3043478260869565	-0.7608695652173912	2323.0	-220.0	0.3298350824587706	-0.17691154422788605	367.0	28339.84375	-0.5502248875562219	-118.0	33.00200609117746	33979.0	-278.32317073170736	9129.0	7604902.0	232083.19091796875	2914.0	-127.04268292682929	4167.0	-88.84146341463415	2647.0	3878.388278388278	1252.0	-2.9952153110047846	-1.2344497607655502	2432.0	4780304.0	98.643910728989	5.818181818181818	516.0	
2076.0	6.858695652173913	1622.0	1.9239130434782608	-0.31521739130434784	2282.0	-214.0	0.32083958020989506	-0.1634182908545727	390.0	28349.609375	-0.5847076461769115	-109.0	33.00200609117746	33979.0	-264.9390243902439	8690.0	7605222.0	232092.95654296875	3066.0	-122.37804878048782	4014.0	-93.47560975609757	2652.0	3885.714285714286	1076.0	-2.574162679425837	-0.5263157894736842	2276.0	4780480.0	98.64211991179667	5.444976076555024	220.0	
2001.0	6.728260869565217	1634.0	2.7391304347826084	-0.09782608695652173	2262.0	-221.0	0.3313343328335832	-0.16041979010494753	408.0	28359.375	-0.6116941529235382	-107.0	33.00200609117746	33979.0	-247.71341463414637	8125.0	7605542.0	232102.72216796875	3026.0	-133.78048780487805	4388.0	-92.25609756097562	2632.0	3856.4102564102564	992.0	-2.373205741626794	0.49760765550239233	2196.0	4780480.0	98.64211991179667	5.253588516746412	-208.0	
1907.0	6.293478260869565	1674.0	3.760869565217391	0.5652173913043478	2201.0	-222.0	0.3328335832083958	-0.15592203898050974	424.0	28369.140625	-0.6356821589205397	-104.0	33.00200609117746	33979.0	-231.37195121951223	7589.0	7605862.0	232112.48779296875	3131.0	-142.40853658536588	4671.0	-95.45731707317074	2645.0	3875.4578754578756	704.0	-1.6842105263157894	1.588516746411483	2064.0	4780480.0	98.64211991179667	4.937799043062201	-664.0	
1870.0	5.945652173913043	1706.0	4.163043478260869	0.7608695652173912	2183.0	-220.0	0.3298350824587706	-0.1454272863568216	430.0	28378.90625	-0.6446776611694153	-97.0	33.00200609117746	33979.0	-217.65243902439028	7139.0	7606182.0	232122.25341796875	2991.0	-151.9207317073171	4983.0	-91.18902439024392	2631.0	3854.945054945055	588.0	-1.4066985645933014	2.200956937799043	1900.0	4780480.0	98.64211991179667	4.545454545454545	-920.0	
1840.0	5.782608695652174	1721.0	4.489130434782608	1.1195652173913042	2150.0	-223.0	0.33433283358320837	-0.12893553223388304	446.0	28388.671875	-0.6686656671664167	-86.0	33.00200609117746	33979.0	-198.9939024390244	6527.0	7606502.0	232132.01904296875	2720.0	-160.64024390243904	5269.0	-82.92682926829269	2637.0	3863.736263736264	404.0	-0.9665071770334928	2.5837320574162677	1784.0	4780480.0	98.64211991179667	4.267942583732057	-1080.0	
1825.0	5.565217391304348	1741.0	4.6521739130434785	1.358695652173913	2128.0	-218.0	0.3268365817091454	-0.1184407796101949	459.0	28398.4375	-0.6881559220389805	-79.0	33.00200609117746	33979.0	-180.88414634146343	5933.0	7606822.0	232141.78466796875	2486.0	-166.89024390243904	5474.0	-75.79268292682927	2632.0	3856.4102564102564	308.0	-0.7368421052631579	2.7081339712918657	1692.0	4780288.0	98.64407353060673	4.047846889952153	-1132.0	
1830.0	5.467391304347826	1750.0	4.5978260869565215	1.315217391304348	2132.0	-221.0	0.3313343328335832	-0.10494752623688156	476.0	28408.203125	-0.7136431784107946	-70.0	33.00200609117746	33979.0	-162.8048780487805	5340.0	7607142.0	232151.55029296875	2204.0	-171.06707317073173	5611.0	-67.19512195121952	2634.0	3859.3406593406594	292.0	-0.6985645933014354	2.727272727272727	1648.0	4780288.0	98.64407353060673	3.942583732057416	-1140.0	
1842.0	5.076086956521739	1786.0	4.467391304347826	1.6956521739130435	2097.0	-215.0	0.32233883058470764	-0.0944527736131934	485.0	28417.96875	-0.7271364317841079	-63.0	33.00200609117746	33979.0	-147.28658536585368	4831.0	7607462.0	232161.31591796875	2099.0	-162.37804878048783	5326.0	-63.993902439024396	2652.0	3885.714285714286	60.0	-0.14354066985645933	2.602870813397129	1376.0	4780288.0	98.64407353060673	3.291866028708134	-1088.0	
1837.0	4.3478260869565215	1853.0	4.521739130434782	1.8369565217391304	2084.0	-214.0	0.32083958020989506	-0.07796101949025487	493.0	28427.734375	-0.7391304347826086	-52.0	33.00200609117746	33979.0	-134.20731707317074	4402.0	7607782.0	232171.08154296875	1808.0	-153.109756097561	5022.0	-55.1219512195122	2629.0	3852.0146520146523	56.0	-0.1339712918660287	2.650717703349282	1240.0	4780288.0	98.64407353060673	2.9665071770334928	-1108.0	
1812.0	4.163043478260869	1870.0	4.793478260869565	1.75	2092.0	-208.0	0.3118440779610195	-0.07196401799100449	509.0	28437.5	-0.7631184407796102	-48.0	33.00200609117746	33979.0	-125.00000000000001	4100.0	7608102.0	232180.84716796875	1702.0	-140.0609756097561	4594.0	-51.89024390243903	2635.0	3860.805860805861	88.0	-0.21052631578947367	2.851674641148325	1068.0	4780288.0	98.64407353060673	2.555023923444976	-1192.0	
1775.0	4.239130434782608	1863.0	5.195652173913043	1.858695652173913	2082.0	-206.0	0.3088455772113943	-0.05847076461769115	514.0	28447.265625	-0.7706146926536731	-39.0	33.00200609117746	33979.0	-114.26829268292684	3748.0	7608422.0	232190.61279296875	1740.0	-120.39634146341464	3949.0	-53.04878048780488	2641.0	3869.5970695970695	-20.0	0.04784688995215311	3.263157894736842	1104.0	4780672.0	98.64016629430203	2.6411483253588517	-1364.0	
1727.0	4.304347826086956	1857.0	5.717391304347826	1.9891304347826086	2070.0	-202.0	0.3028485757121439	-0.05697151424287856	524.0	28457.03125	-0.7856071964017991	-38.0	33.00200609117746	33979.0	-104.29878048780489	3421.0	7608742.0	232200.37841796875	1706.0	-107.46951219512196	3525.0	-52.01219512195122	2637.0	3863.736263736264	-52.0	0.12440191387559808	3.9330143540669855	1132.0	4780672.0	98.64016629430203	2.7081339712918657	-1644.0	
1663.0	4.304347826086956	1857.0	6.413043478260869	2.3478260869565215	2037.0	-197.0	0.29535232383808097	-0.041979010494752625	532.0	28466.796875	-0.7976011994002998	-28.0	33.00200609117746	33979.0	-91.98170731707317	3017.0	7609062.0	232210.14404296875	1499.0	-98.84146341463415	3242.0	-45.701219512195124	2633.0	3857.875457875458	-204.0	0.4880382775119617	4.650717703349282	1148.0	4780672.0	98.64016629430203	2.7464114832535884	-1944.0	
1617.0	4.076086956521739	1878.0	6.913043478260869	2.8260869565217392	1993.0	-202.0	0.3028485757121439	-0.037481259370314844	528.0	28476.5625	-0.7916041979010494	-25.0	33.00200609117746	33979.0	-78.65853658536587	2580.0	7609382.0	232219.90966796875	1393.0	-96.4939024390244	3165.0	-42.46951219512196	2644.0	3873.992673992674	-388.0	0.9282296650717703	5.282296650717703	1012.0	4780672.0	98.64016629430203	2.4210526315789473	-2208.0	
1584.0	3.7065217391304346	1912.0	7.271739130434782	2.9130434782608696	1985.0	-194.0	0.2908545727136432	-0.029985007496251874	532.0	28486.328125	-0.7976011994002998	-20.0	33.00200609117746	33979.0	-66.64634146341464	2186.0	7609702.0	232229.67529296875	1232.0	-99.1158536585366	3251.0	-37.5609756097561	2628.0	3850.5494505494507	-432.0	1.0334928229665072	5.7990430622009566	876.0	4780672.0	98.64016629430203	2.0956937799043063	-2424.0	
1566.0	3.8043478260869565	1903.0	7.467391304347826	2.9239130434782608	1984.0	-197.0	0.29535232383808097	-0.013493253373313342	538.0	28496.09375	-0.8065967016491754	-9.0	33.00200609117746	33979.0	-56.524390243902445	1854.0	7610022.0	232239.44091796875	1008.0	-97.25609756097562	3190.0	-30.731707317073173	2636.0	3862.2710622710624	-448.0	1.0717703349282297	5.980861244019138	912.0	4780752.0	98.63935228740085	2.1818181818181817	-2500.0	
1563.0	4.076086956521739	1878.0	7.5	2.8152173913043477	1994.0	-192.0	0.28785607196401797	-0.022488755622188904	548.0	28505.859375	-0.8215892053973013	-15.0	33.00200609117746	33979.0	-45.00000000000001	1476.0	7610342.0	232249.20654296875	697.0	-91.73780487804879	3009.0	-21.250000000000004	2628.0	3850.5494505494507	-380.0	0.9090909090909091	6.038277511961723	1040.0	4780752.0	98.63935228740085	2.488038277511962	-2524.0	
1568.0	4.228260869565217	1864.0	7.445652173913043	2.6630434782608696	2008.0	-183.0	0.27436281859070466	-0.01199400299850075	554.0	28515.625	-0.8305847076461769	-8.0	33.00200609117746	33979.0	-33.47560975609756	1098.0	7610662.0	232258.97216796875	484.0	-83.56707317073172	2741.0	-14.756097560975611	2641.0	3869.5970695970695	-328.0	0.784688995215311	5.9330143540669855	1144.0	4780752.0	98.63935228740085	2.736842105263158	-2480.0	
1564.0	4.195652173913043	1867.0	7.489130434782608	2.684782608695652	2006.0	-185.0	0.2773613193403298	-0.010494752623688156	555.0	28525.390625	-0.8320839580209894	-7.0	33.00200609117746	33979.0	-25.51829268292683	837.0	7610982.0	232268.73779296875	231.0	-69.35975609756098	2275.0	-7.0426829268292686	2642.0	3871.062271062271	-328.0	0.784688995215311	5.85645933014354	1176.0	4780752.0	98.63935228740085	2.813397129186603	-2448.0	
1563.0	3.9891304347826084	1886.0	7.5	2.5652173913043477	2017.0	-179.0	0.26836581709145424	-0.005997001499250375	558.0	28535.15625	-0.8365817091454273	-4.0	33.00200609117746	33979.0	-19.664634146341466	645.0	7611302.0	232278.50341796875	129.0	-52.19512195121952	1712.0	-3.932926829268293	2625.0	3846.153846153846	-328.0	0.784688995215311	6.0	1048.0	4780752.0	98.63935228740085	2.5071770334928227	-2508.0	
1543.0	3.869565217391304	1897.0	7.717391304347826	2.5	2023.0	-176.0	0.2638680659670165	-0.0074962518740629685	554.0	28544.921875	-0.8305847076461769	-5.0	33.00200609117746	33979.0	-16.463414634146343	540.0	7611622.0	232288.26904296875	141.0	-37.987804878048784	1246.0	-4.298780487804878	2643.0	3872.5274725274726	-284.0	0.6794258373205742	6.287081339712919	992.0	4780560.0	98.64130590434738	2.373205741626794	-2628.0	
1520.0	4.141304347826087	1872.0	7.967391304347826	2.293478260869565	2042.0	-182.0	0.272863568215892	-0.014992503748125937	561.0	28554.6875	-0.841079460269865	-10.0	33.00200609117746	33979.0	-13.902439024390246	456.0	7611942.0	232298.03466796875	214.0	-26.646341463414636	874.0	-6.52439024390244	2641.0	3869.5970695970695	-188.0	0.4497607655502392	6.574162679425837	1100.0	4780560.0	98.64130590434738	2.631578947368421	-2748.0	
1503.0	4.3478260869565215	1853.0	8.152173913043478	2.293478260869565	2042.0	-168.0	0.2518740629685157	-0.004497751124437781	565.0	28564.453125	-0.8470764617691154	-3.0	33.00200609117746	33979.0	-10.152439024390246	333.0	7612262.0	232307.80029296875	240.0	-16.981707317073173	557.0	-7.317073170731708	2635.0	3860.805860805861	-176.0	0.42105263157894735	6.832535885167464	1240.0	4780560.0	98.64130590434738	2.9665071770334928	-2856.0	
1482.0	4.663043478260869	1824.0	8.380434782608695	1.8804347826086956	2080.0	-173.0	0.2593703148425787	-0.0014992503748125937	562.0	28574.21875	-0.8425787106446776	-1.0	33.00200609117746	33979.0	-7.713414634146342	253.0	7612582.0	232317.56591796875	280.0	-11.981707317073171	393.0	-8.536585365853659	2652.0	3885.714285714286	-36.0	0.08612440191387559	6.937799043062201	1272.0	4780560.0	98.64130590434738	3.0430622009569377	-2900.0	
1475.0	4.989130434782608	1794.0	8.456521739130434	1.6739130434782608	2099.0	-170.0	0.25487256371814093	-0.005997001499250375	561.0	28583.984375	-0.841079460269865	-4.0	33.00200609117746	33979.0	-6.585365853658537	216.0	7612902.0	232327.33154296875	276.0	-5.0304878048780495	165.0	-8.414634146341465	2634.0	3859.3406593406594	100.0	-0.23923444976076555	7.071770334928229	1460.0	4780560.0	98.64130590434738	3.492822966507177	-2956.0	
1455.0	5.25	1770.0	8.67391304347826	1.5543478260869565	2110.0	-178.0	0.26686656671664166	-0.004497751124437781	558.0	28593.75	-0.8365817091454273	-3.0	33.00200609117746	33979.0	-4.75609756097561	156.0	7613222.0	232337.09716796875	231.0	2.1341463414634148	-70.0	-7.0426829268292686	2630.0	3853.479853479854	140.0	-0.33492822966507174	7.244019138755981	1596.0	4780656.0	98.64032909570967	3.818181818181818	-3028.0	
1435.0	5.369565217391304	1759.0	8.891304347826086	1.467391304347826	2118.0	-176.0	0.2638680659670165	-0.004497751124437781	560.0	28603.515625	-0.8395802098950524	-3.0	33.00200609117746	33979.0	-3.353658536585366	110.0	7613542.0	232346.86279296875	188.0	6.189024390243903	-203.0	-5.731707317073171	2643.0	3872.5274725274726	224.0	-0.5358851674641149	7.492822966507177	1684.0	4780656.0	98.64032909570967	4.028708133971292	-3132.0	
1426.0	5.467391304347826	1750.0	8.98913043478261	1.3695652173913042	2127.0	-170.0	0.25487256371814093	-0.008995502248875561	557.0	28613.28125	-0.8350824587706147	-6.0	33.00200609117746	33979.0	-2.3170731707317076	76.0	7613862.0	232356.62841796875	178.0	9.817073170731708	-322.0	-5.426829268292684	2640.0	3868.131868131868	268.0	-0.6411483253588517	7.665071770334928	1720.0	4780656.0	98.64032909570967	4.114832535885167	-3204.0	
1413.0	5.358695652173913	1760.0	9.130434782608695	1.25	2138.0	-176.0	0.2638680659670165	-0.005997001499250375	560.0	28623.046875	-0.8395802098950524	-4.0	33.00200609117746	33979.0	-0.8841463414634148	29.0	7614182.0	232366.39404296875	210.0	10.54878048780488	-346.0	-6.402439024390245	2641.0	3869.5970695970695	324.0	-0.7751196172248803	7.7990430622009566	1680.0	4780656.0	98.64032909570967	4.019138755980861	-3260.0	
1417.0	5.576086956521739	1740.0	9.08695652173913	0.9130434782608695	2169.0	-176.0	0.2638680659670165	-0.0029985007496251873	560.0	28632.8125	-0.8395802098950524	-2.0	33.00200609117746	33979.0	-1.707317073170732	56.0	7614502.0	232376.15966796875	309.0	10.24390243902439	-336.0	-9.420731707317074	2648.0	3879.8534798534797	444.0	-1.062200956937799	7.8086124401913874	1708.0	4780656.0	98.64032909570967	4.086124401913875	-3264.0	
1416.0	5.793478260869565	1720.0	9.097826086956522	0.9021739130434783	2170.0	-175.0	0.2623688155922039	0.0	557.0	28642.578125	-0.8350824587706147	0.0	33.00200609117746	33979.0	-1.5853658536585367	52.0	7614822.0	232385.92529296875	371.0	14.817073170731708	-486.0	-11.310975609756099	2632.0	3856.4102564102564	460.0	-1.1004784688995215	7.7990430622009566	1868.0	4780688.0	98.64000349290352	4.4688995215311005	-3260.0	
1410.0	5.967391304347826	1704.0	9.16304347826087	1.1630434782608696	2146.0	-179.0	0.26836581709145424	-0.010494752623688156	563.0	28652.34375	-0.8440779610194902	-7.0	33.00200609117746	33979.0	-0.6402439024390244	21.0	7615142.0	232395.69091796875	344.0	18.628048780487806	-611.0	-10.487804878048781	2637.0	3863.736263736264	380.0	-0.9090909090909091	7.9330143540669855	1944.0	4780688.0	98.64000349290352	4.650717703349282	-3316.0	
1396.0	6.010869565217392	1700.0	9.315217391304348	1.5978260869565217	2106.0	-180.0	0.2698650674662669	-0.0029985007496251873	560.0	28662.109375	-0.8395802098950524	-2.0	33.00200609117746	33979.0	1.128048780487805	-37.0	7615462.0	232405.45654296875	193.0	17.25609756097561	-566.0	-5.884146341463415	2635.0	3860.805860805861	212.0	-0.507177033492823	8.086124401913874	1964.0	4780688.0	98.64000349290352	4.698564593301435	-3380.0	
1390.0	6.021739130434782	1699.0	9.380434782608695	1.934782608695652	2075.0	-187.0	0.280359820089955	0.004497751124437781	556.0	28671.875	-0.833583208395802	3.0	33.00200609117746	33979.0	4.5426829268292686	-149.0	7615782.0	232415.22216796875	0.0	14.756097560975611	-484.0	0.0	2639.0	3866.6666666666665	36.0	-0.08612440191387559	8.133971291866029	1964.0	4780688.0	98.64000349290352	4.698564593301435	-3400.0	
1401.0	6.0	1701.0	9.26086956521739	2.25	2046.0	-185.0	0.2773613193403298	-0.004497751124437781	559.0	28681.640625	-0.8380809595202399	-3.0	33.00200609117746	33979.0	9.847560975609756	-323.0	7616102.0	232424.98779296875	-284.0	13.597560975609758	-446.0	8.658536585365855	2651.0	3884.2490842490843	-108.0	0.2583732057416268	7.990430622009569	1944.0	4780688.0	98.64000349290352	4.650717703349282	-3340.0	
1416.0	5.793478260869565	1720.0	9.097826086956522	2.4456521739130435	2028.0	-185.0	0.2773613193403298	-0.0014992503748125937	562.0	28691.40625	-0.8425787106446776	-1.0	33.00200609117746	33979.0	14.603658536585368	-479.0	7616422.0	232434.75341796875	-542.0	15.365853658536587	-504.0	16.52439024390244	2645.0	3875.4578754578756	-224.0	0.5358851674641149	7.7990430622009566	1844.0	4780768.0	98.63918948604801	4.411483253588517	-3260.0	
1437.0	5.413043478260869	1755.0	8.869565217391305	2.641304347826087	2010.0	-180.0	0.2698650674662669	-0.0029985007496251873	566.0	28701.171875	-0.848575712143928	-2.0	33.00200609117746	33979.0	19.35975609756098	-635.0	7616742.0	232444.51904296875	-755.0	20.182926829268293	-662.0	23.01829268292683	2646.0	3876.923076923077	-320.0	0.7655502392344498	7.5406698564593295	1672.0	4780768.0	98.63918948604801	4.0	-3152.0	
1456.0	5.032608695652174	1790.0	8.66304347826087	2.7717391304347827	1998.0	-178.0	0.26686656671664166	-0.0014992503748125937	556.0	28710.9375	-0.833583208395802	-1.0	33.00200609117746	33979.0	24.26829268292683	-796.0	7617062.0	232454.28466796875	-883.0	25.762195121951223	-845.0	26.920731707317074	2651.0	3884.2490842490843	-364.0	0.8708133971291866	7.339712918660287	1472.0	4780768.0	98.63918948604801	3.5215311004784686	-3068.0	
1470.0	4.6521739130434785	1825.0	8.51086956521739	2.684782608695652	2006.0	-187.0	0.280359820089955	-0.01199400299850075	555.0	28720.703125	-0.8320839580209894	-8.0	33.00200609117746	33979.0	28.323170731707318	-929.0	7617382.0	232464.05029296875	-947.0	32.31707317073171	-1060.0	28.871951219512198	2635.0	3860.805860805861	-332.0	0.7942583732057416	7.244019138755981	1392.0	4780768.0	98.63918948604801	3.3301435406698565	-3028.0	
1480.0	4.554347826086956	1834.0	8.402173913043478	2.5760869565217392	2016.0	-187.0	0.280359820089955	-0.013493253373313342	558.0	28730.46875	-0.8365817091454273	-9.0	33.00200609117746	33979.0	32.46951219512196	-1065.0	7617702.0	232473.81591796875	-942.0	39.207317073170735	-1286.0	28.719512195121954	2640.0	3868.131868131868	-316.0	0.7559808612440191	7.148325358851674	1260.0	4780768.0	98.63918948604801	3.014354066985646	-2988.0	
1488.0	4.304347826086956	1857.0	8.315217391304348	2.4130434782608696	2031.0	-185.0	0.2773613193403298	-0.019490254872563718	551.0	28740.234375	-0.8260869565217391	-13.0	33.00200609117746	33979.0	38.10975609756098	-1250.0	7618022.0	232483.58154296875	-869.0	45.457317073170735	-1491.0	26.493902439024392	2633.0	3857.875457875458	-248.0	0.5933014354066986	7.052631578947368	1184.0	4781008.0	98.63674746685172	2.832535885167464	-2948.0	
1497.0	4.141304347826087	1872.0	8.217391304347826	2.2717391304347827	2044.0	-187.0	0.280359820089955	-0.019490254872563718	552.0	28750.0	-0.8275862068965517	-13.0	33.00200609117746	33979.0	43.62804878048781	-1431.0	7618342.0	232493.34716796875	-732.0	51.82926829268293	-1700.0	22.31707317073171	2634.0	3859.3406593406594	-176.0	0.42105263157894735	6.861244019138756	1092.0	4781008.0	98.63674746685172	2.61244019138756	-2868.0	
1519.0	4.0	1885.0	7.978260869565217	2.391304347826087	2033.0	-189.0	0.2833583208395802	-0.019490254872563718	545.0	28759.765625	-0.8170914542728636	-13.0	33.00200609117746	33979.0	49.48170731707317	-1623.0	7618662.0	232503.11279296875	-605.0	59.32926829268293	-1946.0	18.445121951219512	2643.0	3872.5274725274726	-208.0	0.49760765550239233	6.545454545454545	1056.0	4781008.0	98.63674746685172	2.526315789473684	-2736.0	
1555.0	3.9891304347826084	1886.0	7.58695652173913	2.2282608695652173	2048.0	-185.0	0.2773613193403298	-0.034482758620689655	541.0	28769.53125	-0.8110944527736131	-23.0	33.00200609117746	33979.0	54.75609756097561	-1796.0	7618982.0	232512.87841796875	-426.0	66.64634146341464	-2186.0	12.987804878048781	2628.0	3850.5494505494507	-164.0	0.3923444976076555	6.181818181818182	1016.0	4781008.0	98.63674746685172	2.430622009569378	-2584.0	
1582.0	4.0978260869565215	1876.0	7.293478260869565	2.0869565217391304	2061.0	-191.0	0.2863568215892054	-0.035982008995502246	535.0	28779.296875	-0.8020989505247376	-24.0	33.00200609117746	33979.0	59.81707317073171	-1962.0	7619302.0	232522.64404296875	-333.0	75.15243902439025	-2465.0	10.152439024390246	2644.0	3873.992673992674	-84.0	0.20095693779904306	5.732057416267942	1076.0	4781008.0	98.63674746685172	2.574162679425837	-2396.0	
1610.0	4.260869565217392	1861.0	6.989130434782608	2.0543478260869565	2064.0	-196.0	0.29385307346326833	-0.037481259370314844	535.0	28789.0625	-0.8020989505247376	-25.0	33.00200609117746	33979.0	65.2439024390244	-2140.0	7619622.0	232532.40966796875	-293.0	87.16463414634147	-2859.0	8.932926829268293	2644.0	3873.992673992674	-68.0	0.16267942583732056	5.38755980861244	1140.0	4780960.0	98.63723587052654	2.727272727272727	-2252.0	
1630.0	4.33695652173913	1854.0	6.771739130434782	2.130434782608696	2057.0	-201.0	0.30134932533733133	-0.031484257871064465	528.0	28798.828125	-0.7916041979010494	-21.0	33.00200609117746	33979.0	71.67682926829269	-2351.0	7619942.0	232542.17529296875	-330.0	98.10975609756099	-3218.0	10.060975609756099	2634.0	3859.3406593406594	-108.0	0.2583732057416268	5.177033492822966	1184.0	4780960.0	98.63723587052654	2.832535885167464	-2164.0	
1644.0	4.434782608695652	1845.0	6.619565217391304	2.108695652173913	2059.0	-206.0	0.3088455772113943	-0.041979010494752625	522.0	28808.59375	-0.7826086956521738	-28.0	33.00200609117746	33979.0	78.62804878048782	-2579.0	7620262.0	232551.94091796875	-334.0	104.87804878048782	-3440.0	10.182926829268293	2642.0	3871.062271062271	-76.0	0.18181818181818182	5.062200956937799	1212.0	4780960.0	98.63723587052654	2.8995215311004783	-2116.0	
1656.0	4.489130434782608	1840.0	6.489130434782608	2.032608695652174	2066.0	-206.0	0.3088455772113943	-0.041979010494752625	522.0	28818.359375	-0.7826086956521738	-28.0	33.00200609117746	33979.0	86.70731707317074	-2844.0	7620582.0	232561.70654296875	-342.0	110.73170731707319	-3632.0	10.426829268292684	2633.0	3857.875457875458	-56.0	0.1339712918660287	4.899521531100478	1248.0	4780960.0	98.63723587052654	2.985645933014354	-2048.0	
1676.0	4.5978260869565215	1830.0	6.271739130434782	1.8043478260869565	2087.0	-212.0	0.31784107946026985	-0.05697151424287856	519.0	28828.125	-0.7781109445277361	-38.0	33.00200609117746	33979.0	96.06707317073172	-3151.0	7620902.0	232571.47216796875	-353.0	118.17073170731709	-3876.0	10.76219512195122	2638.0	3865.2014652014655	84.0	-0.20095693779904306	4.583732057416268	1308.0	4780960.0	98.63723587052654	3.129186602870813	-1916.0	
1702.0	4.858695652173913	1806.0	5.989130434782608	1.315217391304348	2132.0	-212.0	0.31784107946026985	-0.05697151424287856	519.0	28837.890625	-0.7781109445277361	-38.0	33.00200609117746	33979.0	105.94512195121952	-3475.0	7621222.0	232581.23779296875	-345.0	126.92073170731709	-4163.0	10.51829268292683	2647.0	3878.388278388278	308.0	-0.7368421052631579	4.30622009569378	1404.0	4781008.0	98.63674746685172	3.3588516746411483	-1800.0	
1733.0	4.989130434782608	1794.0	5.6521739130434785	0.9239130434782609	2168.0	-217.0	0.32533733133433285	-0.05997001499250375	507.0	28847.65625	-0.760119940029985	-40.0	33.00200609117746	33979.0	116.09756097560977	-3808.0	7621542.0	232591.00341796875	-317.0	137.7439024390244	-4518.0	9.664634146341465	2623.0	3843.223443223443	448.0	-1.0717703349282297	3.894736842105263	1496.0	4781008.0	98.63674746685172	3.5789473684210527	-1628.0	
1762.0	5.1521739130434785	1779.0	5.33695652173913	0.6630434782608695	2192.0	-225.0	0.3373313343328336	-0.07196401799100449	497.0	28857.421875	-0.7451274362818591	-48.0	33.00200609117746	33979.0	127.16463414634147	-4171.0	7621862.0	232600.76904296875	-288.0	149.0548780487805	-4889.0	8.78048780487805	2621.0	3840.2930402930406	588.0	-1.4066985645933014	3.5693779904306218	1532.0	4781008.0	98.63674746685172	3.665071770334928	-1492.0	
1785.0	5.315217391304348	1764.0	5.08695652173913	0.20652173913043478	2234.0	-228.0	0.34182908545727136	-0.06746626686656672	488.0	28867.1875	-0.7316341829085456	-45.0	33.00200609117746	33979.0	137.25609756097563	-4502.0	7622182.0	232610.53466796875	-253.0	157.37804878048783	-5162.0	7.713414634146342	2628.0	3850.5494505494507	756.0	-1.8086124401913874	3.215311004784689	1588.0	4781008.0	98.63674746685172	3.799043062200957	-1344.0	
1816.0	5.369565217391304	1759.0	4.75	0.18478260869565216	2236.0	-231.0	0.34632683658170915	-0.07646176911544228	487.0	28876.953125	-0.7301349325337331	-51.0	33.00200609117746	33979.0	146.06707317073173	-4791.0	7622502.0	232620.30029296875	-140.0	168.1707317073171	-5516.0	4.2682926829268295	2632.0	3856.4102564102564	760.0	-1.8181818181818181	3.0334928229665072	1620.0	4781008.0	98.63674746685172	3.875598086124402	-1268.0	
1836.0	5.358695652173913	1760.0	4.532608695652174	0.2608695652173913	2229.0	-235.0	0.3523238380809595	-0.08545727136431784	474.0	28886.71875	-0.7106446776611693	-57.0	33.00200609117746	33979.0	155.21341463414635	-5091.0	7622822.0	232630.06591796875	-40.0	178.8719512195122	-5867.0	1.2195121951219514	2622.0	3841.758241758242	740.0	-1.770334928229665	2.727272727272727	1632.0	4780784.0	98.63902668470432	3.9043062200956937	-1140.0	
1853.0	5.33695652173913	1762.0	4.3478260869565215	0.18478260869565216	2236.0	-242.0	0.36281859070464767	-0.08545727136431784	445.0	28896.484375	-0.6671664167916042	-57.0	33.00200609117746	33979.0	164.69512195121953	-5402.0	7623142.0	232639.83154296875	12.0	184.1158536585366	-6039.0	-0.3658536585365854	2644.0	3873.992673992674	760.0	-1.8181818181818181	2.4593301435406696	1600.0	4780784.0	98.63902668470432	3.827751196172249	-1028.0	
1875.0	5.565217391304348	1741.0	4.108695652173913	-0.05434782608695652	2258.0	-246.0	0.36881559220389803	-0.0944527736131934	453.0	28906.25	-0.6791604197901049	-63.0	33.00200609117746	33979.0	172.25609756097563	-5650.0	7623462.0	232649.59716796875	104.0	186.6158536585366	-6121.0	-3.1707317073170733	2649.0	3881.3186813186812	888.0	-2.124401913875598	2.1626794258373203	1676.0	4780784.0	98.63902668470432	4.009569377990431	-904.0	
1922.0	5.913043478260869	1709.0	3.5978260869565215	-0.2826086956521739	2279.0	-248.0	0.37181409295352325	-0.0914542728635682	434.0	28916.015625	-0.6506746626686657	-61.0	33.00200609117746	33979.0	180.45731707317074	-5919.0	7623782.0	232659.36279296875	289.0	191.6768292682927	-6287.0	-8.810975609756099	2643.0	3872.5274725274726	964.0	-2.3062200956937797	1.6172248803827751	1864.0	4780784.0	98.63902668470432	4.45933014354067	-676.0	
1966.0	6.4021739130434785	1664.0	3.119565217391304	-1.434782608695652	2385.0	-250.0	0.3748125937031484	-0.10344827586206896	422.0	28925.78125	-0.6326836581709145	-69.0	33.00200609117746	33979.0	189.02439024390245	-6200.0	7624102.0	232669.12841796875	356.0	190.76219512195124	-6257.0	-10.853658536585368	2631.0	3854.945054945055	1480.0	-3.54066985645933	1.1196172248803826	2024.0	4780784.0	98.63902668470432	4.842105263157895	-468.0	
2009.0	7.260869565217391	1585.0	2.652173913043478	-2.0978260869565215	2446.0	-255.0	0.3823088455772114	-0.10794602698650674	400.0	28935.546875	-0.5997001499250375	-72.0	33.00200609117746	33979.0	194.4817073170732	-6379.0	7624422.0	232678.89404296875	392.0	196.6768292682927	-6451.0	-11.951219512195124	2631.0	3854.945054945055	1780.0	-4.258373205741627	0.507177033492823	2376.0	4780688.0	98.64000349290352	5.684210526315789	-212.0	
2051.0	7.760869565217391	1539.0	2.1956521739130435	-1.9565217391304348	2433.0	-258.0	0.3868065967016492	-0.1169415292353823	383.0	28945.3125	-0.5742128935532234	-78.0	33.00200609117746	33979.0	200.27439024390245	-6569.0	7624742.0	232688.65966796875	519.0	212.62195121951223	-6974.0	-15.823170731707318	2655.0	3890.10989010989	1752.0	-4.1913875598086126	-0.12440191387559808	2664.0	4780688.0	98.64000349290352	6.373205741626794	52.0	
2073.0	7.934782608695652	1523.0	1.9565217391304348	-1.8043478260869565	2419.0	-261.0	0.3913043478260869	-0.1184407796101949	373.0	28955.078125	-0.5592203898050975	-79.0	33.00200609117746	33979.0	207.8658536585366	-6818.0	7625062.0	232698.42529296875	277.0	224.02439024390247	-7348.0	-8.445121951219512	2648.0	3879.8534798534797	1688.0	-4.038277511961723	-0.354066985645933	2760.0	4780688.0	98.64000349290352	6.602870813397129	148.0	
2075.0	8.065217391304348	1511.0	1.934782608695652	-1.717391304347826	2411.0	-264.0	0.3958020989505247	-0.1199400299850075	351.0	28964.84375	-0.5262368815592203	-80.0	33.00200609117746	33979.0	215.51829268292684	-7069.0	7625382.0	232708.19091796875	-43.0	225.3048780487805	-7390.0	1.3109756097560976	2637.0	3863.736263736264	1700.0	-4.0669856459330145	-0.3923444976076555	2808.0	4780688.0	98.64000349290352	6.717703349282297	164.0	
2069.0	8.282608695652174	1491.0	2.0	-1.4021739130434783	2382.0	-269.0	0.4032983508245877	-0.13043478260869565	330.0	28974.609375	-0.4947526236881559	-87.0	33.00200609117746	33979.0	221.76829268292684	-7274.0	7625702.0	232717.95654296875	-226.0	224.72560975609758	-7371.0	6.890243902439025	2646.0	3876.923076923077	1576.0	-3.7703349282296648	-0.37320574162679426	2948.0	4780688.0	98.64000349290352	7.052631578947368	156.0	
2082.0	8.543478260869565	1467.0	1.858695652173913	-1.434782608695652	2385.0	-266.0	0.3988005997001499	-0.12143928035982009	316.0	28984.375	-0.4737631184407796	-81.0	33.00200609117746	33979.0	229.87804878048783	-7540.0	7626022.0	232727.72216796875	-508.0	217.56097560975613	-7136.0	15.487804878048783	2643.0	3872.5274725274726	1600.0	-3.827751196172249	-0.5167464114832536	3076.0	4780512.0	98.64179430878954	7.358851674641148	216.0	
2103.0	9.097826086956522	1416.0	1.6304347826086956	-1.9565217391304348	2433.0	-267.0	0.4002998500749625	-0.12593703148425786	302.0	28994.140625	-0.45277361319340326	-84.0	33.00200609117746	33979.0	238.35365853658539	-7818.0	7626342.0	232737.48779296875	-820.0	202.68292682926833	-6648.0	25.000000000000004	2652.0	3885.714285714286	1880.0	-4.497607655502392	-0.8516746411483254	3312.0	4780512.0	98.64179430878954	7.923444976076555	356.0	
2147.0	9.869565217391305	1345.0	1.1521739130434783	-2.8369565217391304	2514.0	-264.0	0.3958020989505247	-0.13343328335832083	280.0	29003.90625	-0.4197901049475262	-89.0	33.00200609117746	33979.0	246.12804878048783	-8073.0	7626662.0	232747.25341796875	-1070.0	184.57317073170734	-6054.0	32.6219512195122	2643.0	3872.5274725274726	2268.0	-5.425837320574162	-1.4545454545454546	3700.0	4780512.0	98.64179430878954	8.851674641148325	608.0	
2222.0	10.717391304347826	1267.0	0.33695652173913043	-2.793478260869565	2510.0	-264.0	0.3958020989505247	-0.11544227886056971	266.0	29013.671875	-0.3988005997001499	-77.0	33.00200609117746	33979.0	253.20121951219514	-8305.0	7626982.0	232757.01904296875	-1170.0	174.57317073170734	-5726.0	35.670731707317074	2637.0	3863.736263736264	2156.0	-5.157894736842105	-2.488038277511962	4092.0	4780512.0	98.64179430878954	9.789473684210526	1040.0	
2312.0	11.271739130434783	1216.0	-0.6413043478260869	-2.9239130434782608	2522.0	-273.0	0.40929535232383807	-0.12143928035982009	240.0	29023.4375	-0.35982008995502246	-81.0	33.00200609117746	33979.0	260.82317073170736	-8555.0	7627302.0	232766.78466796875	-1489.0	166.40243902439025	-5458.0	45.396341463414636	2648.0	3879.8534798534797	2152.0	-5.148325358851674	-3.0717703349282295	4208.0	4780512.0	98.64179430878954	10.066985645933014	1284.0	
2397.0	11.369565217391305	1207.0	-1.5652173913043477	-2.793478260869565	2510.0	-265.0	0.39730134932533734	-0.1199400299850075	228.0	29033.203125	-0.34182908545727136	-80.0	33.00200609117746	33979.0	267.19512195121956	-8764.0	7627622.0	232776.55029296875	-1808.0	162.10365853658539	-5317.0	55.1219512195122	2634.0	3859.3406593406594	2232.0	-5.339712918660287	-4.0765550239234445	4332.0	4780624.0	98.64065469855237	10.363636363636363	1704.0	
2463.0	11.195652173913043	1223.0	-2.282608695652174	-2.217391304347826	2457.0	-264.0	0.3958020989505247	-0.1184407796101949	208.0	29042.96875	-0.3118440779610195	-79.0	33.00200609117746	33979.0	274.2378048780488	-8995.0	7627942.0	232786.31591796875	-1984.0	162.22560975609758	-5321.0	60.487804878048784	2653.0	3887.1794871794873	1976.0	-4.7272727272727275	-5.062200956937799	4260.0	4780624.0	98.64065469855237	10.191387559808613	2116.0	
2520.0	11.0	1241.0	-2.902173913043478	-1.9021739130434783	2428.0	-255.0	0.3823088455772114	-0.11244377811094453	192.0	29052.734375	-0.28785607196401797	-75.0	33.00200609117746	33979.0	281.5853658536586	-9236.0	7628262.0	232796.08154296875	-2293.0	161.6768292682927	-5303.0	69.90853658536587	2645.0	3875.4578754578756	1800.0	-4.30622009569378	-5.818181818181818	4144.0	4780624.0	98.64065469855237	9.913875598086124	2432.0	
2560.0	10.92391304347826	1248.0	-3.3369565217391304	-1.7282608695652173	2412.0	-245.0	0.36731634182908546	-0.10044977511244378	167.0	29062.5	-0.25037481259370314	-67.0	33.00200609117746	33979.0	286.82926829268297	-9408.0	7628582.0	232805.84716796875	-2553.0	157.10365853658539	-5153.0	77.83536585365854	2644.0	3873.992673992674	1740.0	-4.162679425837321	-6.421052631578947	4132.0	4780624.0	98.64065469855237	9.885167464114833	2684.0	
2597.0	10.989130434782608	1242.0	-3.7391304347826084	-1.6956521739130435	2409.0	-248.0	0.37181409295352325	-0.10194902548725637	153.0	29072.265625	-0.22938530734632684	-68.0	33.00200609117746	33979.0	295.3353658536586	-9687.0	7628902.0	232815.61279296875	-2828.0	148.90243902439025	-4884.0	86.21951219512196	2639.0	3866.6666666666665	1716.0	-4.105263157894736	-6.956937799043062	4144.0	4780624.0	98.64065469855237	9.913875598086124	2908.0	
2656.0	11.097826086956522	1232.0	-4.380434782608695	-2.0978260869565215	2446.0	-237.0	0.35532233883058467	-0.08995502248875561	138.0	29082.03125	-0.20689655172413793	-60.0	33.00200609117746	33979.0	307.5	-10086.0	7629222.0	232825.37841796875	-3081.0	138.32317073170734	-4537.0	93.9329268292683	2639.0	3866.6666666666665	1852.0	-4.430622009569378	-7.473684210526316	4164.0	4780624.0	98.64065469855237	9.961722488038276	3124.0	
2714.0	11.054347826086957	1236.0	-5.010869565217392	-2.7717391304347827	2508.0	-234.0	0.35082458770614694	-0.0944527736131934	117.0	29091.796875	-0.17541229385307347	-63.0	33.00200609117746	33979.0	322.2256097560976	-10569.0	7629542.0	232835.14404296875	-3148.0	132.7439024390244	-4354.0	95.97560975609757	2643.0	3872.5274725274726	2132.0	-5.100478468899522	-8.248803827751196	4132.0	4780624.0	98.64065469855237	9.885167464114833	3448.0	
2813.0	10.652173913043478	1273.0	-6.08695652173913	-3.2065217391304346	2548.0	-219.0	0.328335832083958	-0.07196401799100449	109.0	29101.5625	-0.1634182908545727	-48.0	33.00200609117746	33979.0	337.6829268292683	-11076.0	7629862.0	232844.90966796875	-3012.0	138.9329268292683	-4557.0	91.82926829268294	2658.0	3894.5054945054944	2336.0	-5.588516746411483	-9.521531100478468	3956.0	4780624.0	98.64065469855237	9.464114832535884	3980.0	
2940.0	10.097826086956522	1324.0	-7.467391304347826	-3.4782608695652173	2573.0	-213.0	0.3193403298350824	-0.06146926536731634	93.0	29111.328125	-0.1394302848575712	-41.0	33.00200609117746	33979.0	349.1158536585366	-11451.0	7630182.0	232854.67529296875	-3055.0	151.06707317073173	-4955.0	93.14024390243904	2653.0	3887.1794871794873	2416.0	-5.779904306220096	-11.157894736842104	3716.0	4780624.0	98.64065469855237	8.889952153110048	4664.0	
3038.0	9.597826086956522	1370.0	-8.532608695652174	-3.434782608695652	2569.0	-207.0	0.3103448275862069	-0.043478260869565216	75.0	29121.09375	-0.11244377811094453	-29.0	33.00200609117746	33979.0	358.5365853658537	-11760.0	7630502.0	232864.44091796875	-3319.0	165.2439024390244	-5420.0	101.18902439024392	2634.0	3859.3406593406594	2384.0	-5.70334928229665	-12.507177033492823	3488.0	4780624.0	98.64065469855237	8.344497607655502	5228.0	
3088.0	9.271739130434783	1400.0	-9.076086956521738	-3.184782608695652	2546.0	-193.0	0.2893553223388306	-0.017991004497751123	59.0	29130.859375	-0.08845577211394302	-12.0	33.00200609117746	33979.0	365.94512195121956	-12003.0	7630822.0	232874.20654296875	-3383.0	173.1707317073171	-5680.0	103.14024390243904	2628.0	3850.5494505494507	2292.0	-5.483253588516746	-13.119617224880383	3328.0	4780480.0	98.64211991179667	7.961722488038277	5484.0	
3123.0	8.91304347826087	1433.0	-9.456521739130434	-2.6739130434782608	2499.0	-188.0	0.2818590704647676	-0.013493253373313342	39.0	29140.625	-0.05847076461769115	-9.0	33.00200609117746	33979.0	370.45731707317077	-12151.0	7631142.0	232883.97216796875	-3283.0	173.96341463414635	-5706.0	100.09146341463415	2643.0	3872.5274725274726	2080.0	-4.976076555023924	-13.569377990430622	3176.0	4780480.0	98.64211991179667	7.598086124401914	5672.0	
3154.0	8.73913043478261	1449.0	-9.793478260869565	-2.130434782608696	2449.0	-170.0	0.25487256371814093	0.013493253373313342	14.0	29150.390625	-0.020989505247376312	9.0	33.00200609117746	33979.0	374.75609756097566	-12292.0	7631462.0	232893.73779296875	-3212.0	169.57317073170734	-5562.0	97.92682926829269	2650.0	3882.7838827838827	1888.0	-4.516746411483253	-14.009569377990431	3092.0	4780480.0	98.64211991179667	7.3971291866028706	5856.0	
3230.0	8.717391304347826	1451.0	-10.619565217391305	-1.6956521739130435	2409.0	-160.0	0.239880059970015	0.04497751124437781	8.0	29160.15625	-0.01199400299850075	30.0	33.00200609117746	33979.0	378.38414634146346	-12411.0	7631782.0	232903.50341796875	-3218.0	163.9329268292683	-5377.0	98.10975609756099	2649.0	3881.3186813186812	1660.0	-3.9712918660287078	-15.004784688995215	3112.0	4780480.0	98.64211991179667	7.444976076555023	6272.0	
3340.0	8.858695652173912	1438.0	-11.815217391304348	-1.1521739130434783	2359.0	-157.0	0.2353823088455772	0.06296851574212893	-8.0	29169.921875	0.01199400299850075	42.0	33.00200609117746	33979.0	377.50000000000006	-12382.0	7632102.0	232913.26904296875	-3368.0	158.65853658536588	-5204.0	102.6829268292683	2655.0	3890.10989010989	1420.0	-3.3971291866028706	-15.645933014354066	3128.0	4780480.0	98.64211991179667	7.483253588516746	6540.0	
3412.0	9.141304347826086	1412.0	-12.597826086956522	-0.32608695652173914	2283.0	-146.0	0.21889055472263869	0.08845577211394302	-12.0	29179.6875	0.017991004497751123	59.0	33.00697723921039	33980.0	375.9146341463415	-12330.0	7632422.0	232923.03466796875	-3717.0	146.46341463414635	-4804.0	113.32317073170732	2648.0	3879.8534798534797	1260.0	-3.014354066985646	-16.74641148325359	3252.0	4780480.0	98.64296131648554	7.779904306220096	7000.0	
3448.0	9.521739130434783	1377.0	-12.989130434782608	0.2391304347826087	2231.0	-142.0	0.2128935532233883	0.12143928035982009	-30.0	29189.453125	0.04497751124437781	81.0	33.00697723921039	33980.0	372.19512195121956	-12208.0	7632742.0	232932.80029296875	-4065.0	127.89634146341464	-4195.0	123.93292682926831	2633.0	3857.875457875458	976.0	-2.3349282296650715	-17.339712918660286	3444.0	4780480.0	98.64296131648554	8.239234449760765	7248.0	
3438.0	9.815217391304348	1350.0	-12.880434782608695	0.9565217391304348	2165.0	-124.0	0.18590704647676162	0.13793103448275862	-38.0	29199.21875	0.05697151424287856	92.0	33.00697723921039	33980.0	366.89024390243907	-12034.0	7633062.0	232942.56591796875	-4513.0	105.48780487804879	-3460.0	137.59146341463415	2650.0	3882.7838827838827	656.0	-1.569377990430622	-17.39712918660287	3616.0	4780480.0	98.64296131648554	8.650717703349281	7272.0	
3405.0	9.989130434782608	1334.0	-12.521739130434781	1.5326086956521738	2112.0	-125.0	0.1874062968515742	0.17241379310344826	-40.0	29208.984375	0.05997001499250375	115.0	33.00697723921039	33980.0	359.0853658536586	-11778.0	7633382.0	232952.33154296875	-5036.0	80.70121951219512	-2647.0	153.53658536585368	2651.0	3884.2490842490843	424.0	-1.014354066985646	-17.033492822966508	3700.0	4780480.0	98.64296131648554	8.851674641148325	7120.0	
3357.0	9.891304347826086	1343.0	-12.0	1.6521739130434783	2101.0	-111.0	0.1664167916041979	0.19490254872563717	-50.0	29218.75	0.07496251874062969	130.0	33.00697723921039	33980.0	347.1036585365854	-11385.0	7633702.0	232962.09716796875	-5499.0	55.00000000000001	-1804.0	167.65243902439025	2631.0	3854.945054945055	272.0	-0.6507177033492823	-16.392344497607656	3728.0	4780480.0	98.64296131648554	8.91866028708134	6852.0	
3302.0	9.42391304347826	1386.0	-11.402173913043478	1.9239130434782608	2076.0	-114.0	0.17091454272863568	0.21889055472263869	-54.0	29228.515625	0.08095952023988005	146.0	33.00697723921039	33980.0	329.4207317073171	-10805.0	7634022.0	232971.86279296875	-5908.0	30.396341463414636	-997.0	180.1219512195122	2639.0	3866.6666666666665	172.0	-0.41148325358851673	-15.71291866028708	3568.0	4779168.0	98.65631117932935	8.535885167464114	6568.0	
3242.0	8.815217391304348	1442.0	-10.75	2.0217391304347827	2067.0	-107.0	0.16041979010494753	0.24887556221889054	-55.0	29238.28125	0.08245877061469264	166.0	33.00697723921039	33980.0	307.3475609756098	-10081.0	7634342.0	232981.62841796875	-6085.0	7.01219512195122	-230.0	185.51829268292684	2640.0	3868.131868131868	104.0	-0.24880382775119617	-14.889952153110046	3276.0	4779168.0	98.65631117932935	7.837320574162679	6224.0	
3173.0	8.184782608695652	1500.0	-10.0	2.0760869565217392	2062.0	-111.0	0.1664167916041979	0.2653673163418291	-52.0	29248.046875	0.07796101949025487	177.0	33.00697723921039	33980.0	281.00609756097566	-9217.0	7634662.0	232991.39404296875	-6115.0	-13.871951219512196	455.0	186.4329268292683	2650.0	3882.7838827838827	60.0	-0.14354066985645933	-14.124401913875598	2992.0	4779168.0	98.65631117932935	7.157894736842105	5904.0	
3117.0	7.706521739130435	1544.0	-9.391304347826086	2.217391304347826	2049.0	-117.0	0.17541229385307347	0.29235382308845576	-58.0	29257.8125	0.08695652173913043	195.0	33.00697723921039	33980.0	252.37804878048783	-8278.0	7634982.0	233001.15966796875	-6008.0	-30.60975609756098	1004.0	183.1707317073171	2653.0	3887.1794871794873	12.0	-0.028708133971291863	-13.454545454545453	2768.0	4779168.0	98.65631117932935	6.62200956937799	5624.0	
3093.0	7.33695652173913	1578.0	-9.130434782608695	2.380434782608696	2034.0	-113.0	0.16941529235382308	0.3118440779610195	-49.0	29267.578125	0.07346326836581708	208.0	33.00697723921039	33980.0	222.62195121951223	-7302.0	7635302.0	233010.92529296875	-5726.0	-44.72560975609756	1467.0	174.57317073170734	2653.0	3887.1794871794873	-84.0	0.20095693779904306	-13.004784688995215	2584.0	4779168.0	98.65631117932935	6.181818181818182	5436.0	
3068.0	6.83695652173913	1624.0	-8.858695652173912	2.4891304347826084	2024.0	-110.0	0.1649175412293853	0.31634182908545727	-47.0	29277.34375	0.0704647676161919	211.0	33.00697723921039	33980.0	194.359756097561	-6375.0	7635622.0	233020.69091796875	-5284.0	-54.51219512195122	1788.0	161.09756097560978	2636.0	3862.2710622710624	-184.0	0.4401913875598086	-12.660287081339712	2364.0	4779584.0	98.65207828933825	5.655502392344498	5292.0	
3051.0	6.434782608695652	1661.0	-8.67391304347826	2.619565217391304	2012.0	-117.0	0.17541229385307347	0.3373313343328336	-45.0	29287.109375	0.06746626686656672	225.0	33.00697723921039	33980.0	167.13414634146343	-5482.0	7635942.0	233030.45654296875	-4735.0	-60.15243902439025	1973.0	144.359756097561	2635.0	3860.805860805861	-252.0	0.6028708133971291	-12.459330143540669	2172.0	4779584.0	98.65207828933825	5.196172248803827	5208.0	
3038.0	6.032608695652174	1698.0	-8.532608695652174	2.641304347826087	2010.0	-127.0	0.19040479760119938	0.35082458770614694	-43.0	29296.875	0.06446776611694152	234.0	33.00697723921039	33980.0	141.34146341463415	-4636.0	7636262.0	233040.22216796875	-4110.0	-60.243902439024396	1976.0	125.3048780487805	2640.0	3868.131868131868	-268.0	0.6411483253588517	-12.277511961722487	2012.0	4779584.0	98.65207828933825	4.813397129186603	5132.0	
3021.0	5.75	1724.0	-8.347826086956522	2.5978260869565215	2014.0	-127.0	0.19040479760119938	0.35982008995502246	-38.0	29306.640625	0.05697151424287856	240.0	33.00697723921039	33980.0	117.7439024390244	-3862.0	7636582.0	233049.98779296875	-3376.0	-56.79878048780488	1863.0	102.92682926829269	2648.0	3879.8534798534797	-256.0	0.6124401913875598	-12.057416267942584	1852.0	4779584.0	98.65207828933825	4.430622009569378	5040.0	
2995.0	5.3478260869565215	1761.0	-8.065217391304348	2.4891304347826084	2024.0	-137.0	0.20539730134932532	0.36881559220389803	-38.0	29316.40625	0.05697151424287856	246.0	33.00697723921039	33980.0	100.60975609756099	-3300.0	7636902.0	233059.75341796875	-2600.0	-49.84756097560976	1635.0	79.26829268292684	2625.0	3846.153846153846	-240.0	0.5741626794258373	-11.607655502392344	1640.0	4779584.0	98.65207828933825	3.923444976076555	4852.0	
2981.0	4.956521739130435	1797.0	-7.913043478260869	2.641304347826087	2010.0	-134.0	0.20089955022488756	0.37631184407796103	-38.0	29326.171875	0.05697151424287856	251.0	33.00697723921039	33980.0	89.72560975609757	-2943.0	7637222.0	233069.51904296875	-1763.0	-42.6219512195122	1398.0	53.75000000000001	2657.0	3893.040293040293	-240.0	0.5741626794258373	-11.339712918660286	1472.0	4779632.0	98.65158987935204	3.5215311004784686	4740.0	
2962.0	4.858695652173913	1806.0	-7.706521739130435	2.5543478260869565	2018.0	-138.0	0.20689655172413793	0.3703148425787106	-35.0	29335.9375	0.05247376311844078	247.0	33.00697723921039	33980.0	58.41463414634147	-1916.0	7637542.0	233079.28466796875	-683.0	-32.86585365853659	1078.0	20.823170731707318	2653.0	3887.1794871794873	-276.0	0.6602870813397129	-11.39712918660287	1500.0	4779632.0	98.65158987935204	3.588516746411483	4764.0	
2948.0	4.815217391304348	1810.0	-7.554347826086956	2.3478260869565215	2037.0	-143.0	0.2143928035982009	0.38530734632683655	-32.0	29345.703125	0.047976011994003	257.0	33.00697723921039	33980.0	41.676829268292686	-1367.0	7637862.0	233089.05029296875	107.0	-19.725609756097562	647.0	-3.26219512195122	2638.0	3865.2014652014655	-188.0	0.4497607655502392	-10.966507177033492	1408.0	4779632.0	98.65158987935204	3.3684210526315788	4584.0	
2896.0	4.945652173913043	1798.0	-6.989130434782608	2.532608695652174	2020.0	-143.0	0.2143928035982009	0.38530734632683655	-38.0	29355.46875	0.05697151424287856	257.0	33.00697723921039	33980.0	31.52439024390244	-1034.0	7638182.0	233098.81591796875	1010.0	-7.957317073170732	261.0	-30.792682926829272	2636.0	3862.2710622710624	-276.0	0.6602870813397129	-10.497607655502392	1388.0	4779632.0	98.65158987935204	3.3205741626794256	4388.0	
2842.0	5.043478260869565	1789.0	-6.4021739130434785	2.641304347826087	2010.0	-147.0	0.22038980509745126	0.3868065967016492	-30.0	29365.234375	0.04497751124437781	258.0	33.00697723921039	33980.0	22.103658536585368	-725.0	7638502.0	233108.58154296875	1835.0	0.8231707317073171	-27.0	-55.94512195121952	2641.0	3869.5970695970695	-292.0	0.6985645933014354	-9.875598086124402	1484.0	4779632.0	98.65158987935204	3.5502392344497604	4128.0	
2797.0	5.304347826086956	1765.0	-5.913043478260869	2.793478260869565	1996.0	-137.0	0.20539730134932532	0.39280359820089955	-26.0	29375.0	0.038980509745127435	262.0	33.00697723921039	33980.0	13.01829268292683	-427.0	7638822.0	233118.34716796875	2433.0	9.878048780487806	-324.0	-74.17682926829269	2652.0	3885.714285714286	-332.0	0.7942583732057416	-9.349282296650717	1624.0	4779856.0	98.6493106338368	3.8851674641148324	3908.0	
2782.0	5.739130434782608	1725.0	-5.75	2.967391304347826	1980.0	-140.0	0.2098950524737631	0.3988005997001499	-29.0	29384.765625	0.043478260869565216	266.0	33.00697723921039	33980.0	5.701219512195123	-187.0	7639142.0	233128.11279296875	2899.0	16.676829268292686	-547.0	-88.38414634146342	2647.0	3878.388278388278	-392.0	0.937799043062201	-9.023923444976075	1800.0	4779856.0	98.6493106338368	4.30622009569378	3772.0	
2765.0	6.195652173913043	1683.0	-5.565217391304348	2.9456521739130435	1982.0	-139.0	0.2083958020989505	0.4002998500749625	-35.0	29394.53125	0.05247376311844078	267.0	33.00697723921039	33980.0	1.2500000000000002	-41.0	7639462.0	233137.87841796875	3192.0	23.719512195121954	-778.0	-97.31707317073172	2632.0	3856.4102564102564	-420.0	1.0047846889952152	-8.803827751196172	2012.0	4779856.0	98.6493106338368	4.813397129186603	3680.0	
2749.0	6.630434782608695	1643.0	-5.391304347826087	2.9782608695652173	1979.0	-129.0	0.1934032983508246	0.4017991004497751	-32.0	29404.296875	0.047976011994003	268.0	33.00697723921039	33980.0	-3.26219512195122	107.0	7639782.0	233147.64404296875	3312.0	31.03658536585366	-1018.0	-100.97560975609757	2651.0	3884.2490842490843	-448.0	1.0717703349282297	-8.631578947368421	2188.0	4779856.0	98.6493106338368	5.23444976076555	3608.0	
2734.0	6.934782608695652	1615.0	-5.228260869565217	3.0	1977.0	-130.0	0.19490254872563717	0.4047976011994003	-32.0	29414.0625	0.047976011994003	270.0	33.00697723921039	33980.0	-6.951219512195123	228.0	7640102.0	233157.40966796875	3278.0	38.8719512195122	-1275.0	-99.93902439024392	2654.0	3888.644688644689	-428.0	1.0239234449760766	-8.430622009569378	2348.0	4779856.0	98.6493106338368	5.617224880382775	3524.0	
2711.0	7.163043478260869	1594.0	-4.978260869565217	3.0869565217391304	1969.0	-127.0	0.19040479760119938	0.4047976011994003	-42.0	29423.828125	0.06296851574212893	270.0	33.00697723921039	33980.0	-11.463414634146343	376.0	7640422.0	233167.17529296875	3163.0	43.50609756097561	-1427.0	-96.4329268292683	2638.0	3865.2014652014655	-460.0	1.1004784688995215	-8.153110047846889	2472.0	4779952.0	98.6483338148784	5.913875598086124	3408.0	
2693.0	7.4021739130434785	1572.0	-4.782608695652174	3.0760869565217392	1970.0	-122.0	0.1829085457271364	0.4047976011994003	-31.0	29433.59375	0.046476761619190406	270.0	33.00697723921039	33980.0	-14.573170731707318	478.0	7640742.0	233176.94091796875	2942.0	45.97560975609756	-1508.0	-89.69512195121952	2634.0	3859.3406593406594	-464.0	1.1100478468899522	-7.923444976076555	2576.0	4779952.0	98.6483338148784	6.162679425837321	3312.0	
2686.0	7.489130434782608	1564.0	-4.706521739130435	3.0652173913043477	1971.0	-118.0	0.17691154422788605	0.4077961019490255	-30.0	29443.359375	0.04497751124437781	272.0	33.00697723921039	33980.0	-17.926829268292686	588.0	7641062.0	233186.70654296875	2688.0	47.5609756097561	-1560.0	-81.95121951219512	2640.0	3868.131868131868	-428.0	1.0239234449760766	-7.837320574162679	2624.0	4779952.0	98.6483338148784	6.277511961722488	3276.0	
2687.0	7.478260869565217	1565.0	-4.717391304347826	3.0869565217391304	1969.0	-113.0	0.16941529235382308	0.4032983508245877	-39.0	29453.125	0.05847076461769115	269.0	33.00697723921039	33980.0	-22.865853658536587	750.0	7641382.0	233196.47216796875	2422.0	47.743902439024396	-1566.0	-73.84146341463415	2647.0	3878.388278388278	-452.0	1.0813397129186602	-7.885167464114832	2628.0	4779952.0	98.6483338148784	6.287081339712919	3296.0	
2701.0	7.58695652173913	1555.0	-4.869565217391305	3.0	1977.0	-112.0	0.1679160419790105	0.41379310344827586	-34.0	29462.890625	0.050974512743628186	276.0	33.00697723921039	33980.0	-28.231707317073173	926.0	7641702.0	233206.23779296875	2189.0	47.31707317073171	-1552.0	-66.73780487804879	2631.0	3854.945054945055	-420.0	1.0047846889952152	-8.028708133971291	2664.0	4779952.0	98.6483338148784	6.373205741626794	3356.0	
2708.0	7.695652173913043	1545.0	-4.945652173913043	3.0	1977.0	-108.0	0.1619190404797601	0.4047976011994003	-43.0	29472.65625	0.06446776611694152	270.0	33.00697723921039	33980.0	-35.701219512195124	1171.0	7642022.0	233216.00341796875	1989.0	46.463414634146346	-1524.0	-60.64024390243903	2651.0	3884.2490842490843	-412.0	0.985645933014354	-8.105263157894736	2680.0	4780112.0	98.64670578401184	6.411483253588517	3388.0	
2728.0	7.760869565217391	1539.0	-5.163043478260869	2.7717391304347827	1998.0	-100.0	0.14992503748125938	0.4077961019490255	-44.0	29482.421875	0.06596701649175413	272.0	33.00697723921039	33980.0	-44.69512195121952	1466.0	7642342.0	233225.76904296875	1818.0	45.335365853658544	-1487.0	-55.426829268292686	2632.0	3856.4102564102564	-348.0	0.8325358851674641	-8.267942583732058	2752.0	4780112.0	98.64670578401184	6.583732057416268	3456.0	
2744.0	7.739130434782608	1541.0	-5.33695652173913	2.6739130434782608	2007.0	-99.0	0.14842578710644677	0.3988005997001499	-42.0	29492.1875	0.06296851574212893	266.0	33.00697723921039	33980.0	-53.75000000000001	1763.0	7642662.0	233235.53466796875	1621.0	45.60975609756098	-1496.0	-49.420731707317074	2656.0	3891.5750915750914	-248.0	0.5933014354066986	-8.459330143540669	2736.0	4780112.0	98.64670578401184	6.545454545454545	3536.0	
2770.0	7.521739130434782	1561.0	-5.619565217391304	2.5978260869565215	2014.0	-98.0	0.14692653673163417	0.4017991004497751	-47.0	29501.953125	0.0704647676161919	268.0	33.00697723921039	33980.0	-64.0548780487805	2101.0	7642982.0	233245.30029296875	1465.0	45.457317073170735	-1491.0	-44.66463414634147	2632.0	3856.4102564102564	-236.0	0.5645933014354066	-8.736842105263158	2672.0	4780112.0	98.64670578401184	6.392344497607655	3652.0	
2778.0	7.326086956521739	1579.0	-5.706521739130435	2.5978260869565215	2014.0	-97.0	0.1454272863568216	0.38980509745127434	-46.0	29511.71875	0.06896551724137931	260.0	33.00697723921039	33980.0	-76.25	2501.0	7643302.0	233255.06591796875	1426.0	43.78048780487805	-1436.0	-43.47560975609756	2651.0	3884.2490842490843	-224.0	0.5358851674641149	-8.976076555023923	2572.0	4780112.0	98.64670578401184	6.15311004784689	3752.0	
2810.0	7.173913043478261	1593.0	-6.054347826086956	2.608695652173913	2013.0	-94.0	0.1409295352323838	0.38830584707646176	-48.0	29521.484375	0.07196401799100449	259.0	33.00697723921039	33980.0	-90.1219512195122	2956.0	7643622.0	233264.83154296875	1499.0	41.85975609756098	-1373.0	-45.701219512195124	2655.0	3890.10989010989	-204.0	0.4880382775119617	-9.349282296650717	2504.0	4780272.0	98.6450777540588	5.990430622009569	3908.0	
2845.0	7.163043478260869	1594.0	-6.434782608695652	2.467391304347826	2026.0	-82.0	0.12293853073463268	0.38080959520239877	-51.0	29531.25	0.07646176911544228	254.0	33.00697723921039	33980.0	-105.09146341463416	3447.0	7643942.0	233274.59716796875	1605.0	40.09146341463415	-1315.0	-48.9329268292683	2645.0	3875.4578754578756	-172.0	0.41148325358851673	-9.770334928229664	2464.0	4780272.0	98.6450777540588	5.894736842105263	4084.0	
2869.0	7.076086956521739	1602.0	-6.695652173913043	2.391304347826087	2033.0	-86.0	0.12893553223388304	0.3748125937031484	-42.0	29541.015625	0.06296851574212893	250.0	33.00697723921039	33980.0	-119.57317073170732	3922.0	7644262.0	233284.36279296875	1694.0	37.19512195121951	-1220.0	-51.646341463414636	2645.0	3875.4578754578756	-120.0	0.28708133971291866	-10.181818181818182	2460.0	4780272.0	98.6450777540588	5.885167464114832	4256.0	
2906.0	7.054347826086956	1604.0	-7.0978260869565215	2.260869565217391	2045.0	-78.0	0.1169415292353823	0.3568215892053973	-47.0	29550.78125	0.0704647676161919	238.0	33.00697723921039	33980.0	-134.72560975609758	4419.0	7644582.0	233294.12841796875	1795.0	34.08536585365854	-1118.0	-54.72560975609757	2643.0	3872.5274725274726	-76.0	0.18181818181818182	-10.564593301435407	2444.0	4780272.0	98.6450777540588	5.84688995215311	4416.0	
2932.0	7.054347826086956	1604.0	-7.380434782608695	2.3369565217391304	2038.0	-79.0	0.1184407796101949	0.3538230884557721	-51.0	29560.546875	0.07646176911544228	236.0	33.00697723921039	33980.0	-151.21951219512198	4960.0	7644902.0	233303.89404296875	1980.0	28.84146341463415	-946.0	-60.365853658536594	2653.0	3887.1794871794873	-116.0	0.27751196172248804	-10.985645933014354	2416.0	4780272.0	98.6450777540588	5.779904306220096	4592.0	
2968.0	7.0978260869565215	1600.0	-7.771739130434782	2.3260869565217392	2039.0	-77.0	0.11544227886056971	0.3448275862068965	-62.0	29570.3125	0.09295352323838081	230.0	33.00697723921039	33980.0	-168.26219512195124	5519.0	7645222.0	233313.65966796875	2155.0	21.371951219512198	-701.0	-65.70121951219512	2643.0	3872.5274725274726	-96.0	0.2296650717703349	-11.435406698564593	2440.0	4780176.0	98.64605457192098	5.837320574162679	4780.0	
3011.0	7.184782608695652	1592.0	-8.23913043478261	2.3478260869565215	2037.0	-73.0	0.10944527736131934	0.32233883058470764	-52.0	29580.078125	0.07796101949025487	215.0	33.00697723921039	33980.0	-186.46341463414635	6116.0	7645542.0	233323.42529296875	2232.0	14.02439024390244	-460.0	-68.04878048780489	2650.0	3882.7838827838827	-104.0	0.24880382775119617	-11.961722488038276	2492.0	4780176.0	98.64605457192098	5.961722488038277	5000.0	
3041.0	7.326086956521739	1579.0	-8.565217391304348	2.130434782608696	2057.0	-75.0	0.11244377811094453	0.31334332833583206	-59.0	29589.84375	0.08845577211394302	209.0	33.00697723921039	33980.0	-205.82317073170734	6751.0	7645862.0	233333.19091796875	2261.0	7.408536585365854	-243.0	-68.9329268292683	2636.0	3862.2710622710624	4.0	-0.009569377990430622	-12.33492822966507	2572.0	4780176.0	98.64605457192098	6.15311004784689	5156.0	
3062.0	7.304347826086956	1581.0	-8.793478260869565	2.152173913043478	2055.0	-73.0	0.10944527736131934	0.29385307346326833	-60.0	29599.609375	0.08995502248875561	196.0	33.00697723921039	33980.0	-224.66463414634148	7369.0	7646182.0	233342.95654296875	2373.0	0.09146341463414635	-3.0	-72.34756097560977	2636.0	3862.2710622710624	0.0	0.0	-12.62200956937799	2556.0	4780176.0	98.64605457192098	6.114832535885167	5276.0	
3078.0	7.282608695652174	1583.0	-8.967391304347826	2.010869565217391	2068.0	-74.0	0.11094452773613193	0.2773613193403298	-56.0	29609.375	0.08395802098950525	185.0	33.00697723921039	33980.0	-241.21951219512198	7912.0	7646502.0	233352.72216796875	2393.0	-6.158536585365854	202.0	-72.95731707317074	2646.0	3876.923076923077	88.0	-0.21052631578947367	-12.842105263157894	2560.0	4780176.0	98.64605457192098	6.124401913875598	5368.0	
3100.0	7.5978260869565215	1554.0	-9.206521739130434	1.9130434782608696	2077.0	-74.0	0.11094452773613193	0.2773613193403298	-56.0	29619.140625	0.08395802098950525	185.0	33.00697723921039	33980.0	-257.8963414634147	8459.0	7646822.0	233362.48779296875	2439.0	-14.05487804878049	461.0	-74.35975609756099	2652.0	3885.714285714286	136.0	-0.3253588516746411	-13.033492822966506	2612.0	4780192.0	98.64589176892113	6.248803827751196	5448.0	
3118.0	8.119565217391305	1506.0	-9.402173913043478	1.8695652173913042	2081.0	-76.0	0.11394302848575712	0.25037481259370314	-63.0	29628.90625	0.0944527736131934	167.0	33.00697723921039	33980.0	-271.1585365853659	8894.0	7647142.0	233372.25341796875	2379.0	-22.652439024390247	743.0	-72.53048780487805	2647.0	3878.388278388278	136.0	-0.3253588516746411	-13.291866028708133	2804.0	4780192.0	98.64589176892113	6.708133971291866	5556.0	
3137.0	8.717391304347826	1451.0	-9.608695652173912	1.9130434782608696	2077.0	-76.0	0.11394302848575712	0.25037481259370314	-63.0	29638.671875	0.0944527736131934	167.0	33.00697723921039	33980.0	-279.6646341463415	9173.0	7647462.0	233382.01904296875	2251.0	-31.920731707317078	1047.0	-68.62804878048782	2641.0	3869.5970695970695	132.0	-0.3157894736842105	-13.578947368421051	3080.0	4780192.0	98.64589176892113	7.368421052631579	5676.0	
3155.0	9.152173913043478	1411.0	-9.804347826086957	1.9782608695652173	2071.0	-77.0	0.11544227886056971	0.20389805097451275	-63.0	29648.4375	0.0944527736131934	136.0	33.00697723921039	33980.0	-284.39024390243907	9328.0	7647782.0	233391.78466796875	1993.0	-38.07926829268293	1249.0	-60.76219512195122	2656.0	3891.5750915750914	136.0	-0.3253588516746411	-13.770334928229664	3304.0	4780192.0	98.64589176892113	7.904306220095694	5756.0	
3167.0	9.217391304347826	1405.0	-9.934782608695652	1.8152173913043477	2086.0	-74.0	0.11094452773613193	0.18590704647676162	-57.0	29658.203125	0.08545727136431784	124.0	33.00697723921039	33980.0	-289.2987804878049	9489.0	7648102.0	233401.55029296875	1740.0	-43.53658536585366	1428.0	-53.04878048780488	2632.0	3856.4102564102564	104.0	-0.24880382775119617	-13.866028708133971	3376.0	4780192.0	98.64589176892113	8.076555023923445	5796.0	
3138.0	9.228260869565217	1404.0	-9.619565217391305	1.7608695652173914	2091.0	-84.0	0.12593703148425786	0.17091454272863568	-47.0	29667.96875	0.0704647676161919	114.0	33.00697723921039	33980.0	-294.359756097561	9655.0	7648422.0	233411.31591796875	1656.0	-48.9329268292683	1605.0	-50.487804878048784	2653.0	3887.1794871794873	184.0	-0.4401913875598086	-13.722488038277511	3356.0	4780384.0	98.6439381336352	8.028708133971291	5736.0	
3122.0	9.33695652173913	1394.0	-9.445652173913043	1.717391304347826	2095.0	-83.0	0.12443778110944527	0.14392803598200898	-45.0	29677.734375	0.06746626686656672	96.0	33.00697723921039	33980.0	-299.2987804878049	9817.0	7648742.0	233421.08154296875	1620.0	-57.01219512195122	1870.0	-49.39024390243903	2645.0	3875.4578754578756	180.0	-0.43062200956937796	-13.511961722488039	3424.0	4780384.0	98.6439381336352	8.191387559808613	5648.0	
3106.0	9.641304347826086	1366.0	-9.271739130434783	1.4782608695652173	2117.0	-89.0	0.13343328335832083	0.10944527736131934	-39.0	29687.5	0.05847076461769115	73.0	33.00697723921039	33980.0	-302.19512195121956	9912.0	7649062.0	233430.84716796875	1432.0	-62.50000000000001	2050.0	-43.65853658536586	2633.0	3857.875457875458	308.0	-0.7368421052631579	-13.23444976076555	3540.0	4780384.0	98.6439381336352	8.4688995215311	5532.0	
3067.0	9.73913043478261	1357.0	-8.847826086956522	1.5	2115.0	-96.0	0.14392803598200898	0.08845577211394302	-35.0	29697.265625	0.05247376311844078	59.0	33.00697723921039	33980.0	-302.5304878048781	9923.0	7649382.0	233440.61279296875	1398.0	-68.59756097560977	2250.0	-42.6219512195122	2648.0	3879.8534798534797	296.0	-0.708133971291866	-12.937799043062201	3612.0	4780384.0	98.6439381336352	8.641148325358852	5408.0	
3043.0	9.73913043478261	1357.0	-8.58695652173913	1.4782608695652173	2117.0	-98.0	0.14692653673163417	0.0704647676161919	-24.0	29707.03125	0.035982008995502246	47.0	33.00697723921039	33980.0	-302.13414634146346	9910.0	7649702.0	233450.37841796875	1351.0	-75.79268292682927	2486.0	-41.18902439024391	2638.0	3865.2014652014655	312.0	-0.7464114832535885	-12.430622009569378	3588.0	4780384.0	98.6439381336352	8.583732057416267	5196.0	
2986.0	9.728260869565217	1358.0	-7.967391304347826	1.5217391304347825	2113.0	-104.0	0.15592203898050974	0.041979010494752625	-18.0	29716.796875	0.026986506746626684	28.0	33.00697723921039	33980.0	-301.1585365853659	9878.0	7650022.0	233460.14404296875	1319.0	-84.63414634146342	2776.0	-40.213414634146346	2653.0	3887.1794871794873	316.0	-0.7559808612440191	-11.933014354066986	3584.0	4780304.0	98.64475214817782	8.574162679425838	4988.0	
2956.0	9.92391304347826	1340.0	-7.641304347826087	1.3369565217391304	2130.0	-109.0	0.1634182908545727	0.017991004497751123	-9.0	29726.5625	0.013493253373313342	12.0	33.00697723921039	33980.0	-298.9939024390244	9807.0	7650342.0	233469.90966796875	1145.0	-93.38414634146342	3063.0	-34.90853658536586	2648.0	3879.8534798534797	364.0	-0.8708133971291866	-11.349282296650717	3660.0	4780304.0	98.64475214817782	8.75598086124402	4744.0	
2921.0	10.228260869565217	1312.0	-7.260869565217391	1.3804347826086956	2126.0	-110.0	0.1649175412293853	-0.0014992503748125937	2.0	29736.328125	-0.0029985007496251873	-1.0	33.00697723921039	33980.0	-295.4268292682927	9690.0	7650662.0	233479.67529296875	893.0	-100.06097560975611	3282.0	-27.225609756097562	2652.0	3885.714285714286	360.0	-0.8612440191387559	-10.861244019138756	3816.0	4780304.0	98.64475214817782	9.129186602870814	4540.0	
2867.0	10.369565217391305	1299.0	-6.673913043478261	1.1739130434782608	2145.0	-117.0	0.17541229385307347	-0.0239880059970015	12.0	29746.09375	-0.017991004497751123	-16.0	33.00697723921039	33980.0	-288.6585365853659	9468.0	7650982.0	233489.44091796875	652.0	-106.03658536585367	3478.0	-19.878048780487806	2641.0	3869.5970695970695	444.0	-1.062200956937799	-10.33492822966507	3872.0	4780304.0	98.64475214817782	9.263157894736842	4320.0	
2849.0	10.521739130434783	1285.0	-6.478260869565217	1.065217391304348	2155.0	-127.0	0.19040479760119938	-0.05247376311844078	20.0	29755.859375	-0.029985007496251874	-35.0	33.00697723921039	33980.0	-283.0487804878049	9284.0	7651302.0	233499.20654296875	468.0	-109.42073170731709	3589.0	-14.26829268292683	2639.0	3866.6666666666665	496.0	-1.186602870813397	-9.913875598086124	3944.0	4780304.0	98.64475214817782	9.435406698564593	4144.0	
2813.0	10.717391304347826	1267.0	-6.08695652173913	0.9021739130434783	2170.0	-133.0	0.19940029985007496	-0.0704647676161919	36.0	29765.625	-0.05397301349325337	-47.0	33.00697723921039	33980.0	-277.6829268292683	9108.0	7651622.0	233508.97216796875	408.0	-115.06097560975611	3774.0	-12.439024390243903	2643.0	3872.5274725274726	580.0	-1.38755980861244	-9.531100478468899	4040.0	4780368.0	98.64410093652546	9.665071770334928	3984.0	
2791.0	10.782608695652174	1261.0	-5.8478260869565215	0.7826086956521738	2181.0	-139.0	0.2083958020989505	-0.08545727136431784	51.0	29775.390625	-0.07646176911544228	-57.0	33.00697723921039	33980.0	-271.4634146341464	8904.0	7651942.0	233518.73779296875	279.0	-119.96951219512196	3935.0	-8.506097560975611	2649.0	3881.3186813186812	604.0	-1.444976076555024	-9.4066985645933	4072.0	4780368.0	98.64410093652546	9.741626794258373	3932.0	
2761.0	10.402173913043478	1296.0	-5.521739130434782	0.7826086956521738	2181.0	-138.0	0.20689655172413793	-0.10044977511244378	64.0	29785.15625	-0.095952023988006	-67.0	33.00697723921039	33980.0	-265.64024390243907	8713.0	7652262.0	233528.50341796875	205.0	-123.68902439024392	4057.0	-6.250000000000001	2649.0	3881.3186813186812	604.0	-1.444976076555024	-9.09090909090909	3944.0	4780368.0	98.64410093652546	9.435406698564593	3800.0	
2718.0	10.141304347826086	1320.0	-5.054347826086956	0.5652173913043478	2201.0	-145.0	0.21739130434782608	-0.1199400299850075	81.0	29794.921875	-0.12143928035982009	-80.0	33.00697723921039	33980.0	-262.95731707317077	8625.0	7652582.0	233538.26904296875	-6.0	-127.7439024390244	4190.0	0.1829268292682927	2638.0	3865.2014652014655	664.0	-1.588516746411483	-8.593301435406698	3780.0	4780368.0	98.64410093652546	9.043062200956937	3592.0	
2677.0	10.26086956521739	1309.0	-4.608695652173913	0.5543478260869565	2202.0	-153.0	0.22938530734632684	-0.136431784107946	95.0	29804.6875	-0.1424287856071964	-91.0	33.00697723921039	33980.0	-262.95731707317077	8625.0	7652902.0	233548.03466796875	-122.0	-128.84146341463415	4226.0	3.7195121951219514	2651.0	3884.2490842490843	752.0	-1.7990430622009568	-7.9425837320574155	3832.0	4780368.0	98.64410093652546	9.167464114832535	3320.0	
2631.0	10.369565217391305	1299.0	-4.108695652173913	0.5760869565217391	2200.0	-155.0	0.23238380809595202	-0.14392803598200898	99.0	29814.453125	-0.14842578710644677	-96.0	33.00697723921039	33980.0	-258.719512195122	8486.0	7653222.0	233557.80029296875	-114.0	-130.27439024390245	4273.0	3.4756097560975614	2639.0	3866.6666666666665	692.0	-1.6555023923444976	-7.349282296650717	3876.0	4780304.0	98.64475214817782	9.272727272727272	3072.0	
2570.0	10.152173913043478	1319.0	-3.4456521739130435	0.8695652173913043	2173.0	-161.0	0.24137931034482757	-0.1634182908545727	116.0	29824.21875	-0.17391304347826086	-109.0	33.00697723921039	33980.0	-251.61585365853662	8253.0	7653542.0	233567.56591796875	-8.0	-134.26829268292684	4404.0	0.24390243902439027	2652.0	3885.714285714286	580.0	-1.38755980861244	-6.669856459330143	3788.0	4780304.0	98.64475214817782	9.062200956937799	2788.0	
2542.0	10.08695652173913	1325.0	-3.141304347826087	0.8260869565217391	2177.0	-153.0	0.22938530734632684	-0.1664167916041979	137.0	29833.984375	-0.20539730134932532	-111.0	33.00697723921039	33980.0	-245.7317073170732	8060.0	7653862.0	233577.33154296875	44.0	-139.75609756097563	4584.0	-1.3414634146341464	2632.0	3856.4102564102564	576.0	-1.3779904306220094	-6.086124401913875	3732.0	4780304.0	98.64475214817782	8.92822966507177	2544.0	
2493.0	10.33695652173913	1302.0	-2.608695652173913	0.8804347826086957	2172.0	-162.0	0.24287856071964017	-0.17991004497751123	147.0	29843.75	-0.22038980509745126	-120.0	33.00697723921039	33980.0	-241.37195121951223	7917.0	7654182.0	233587.09716796875	62.0	-144.2378048780488	4731.0	-1.8902439024390245	2642.0	3871.062271062271	556.0	-1.3301435406698565	-5.70334928229665	3852.0	4780304.0	98.64475214817782	9.215311004784688	2384.0	
2467.0	10.369565217391305	1299.0	-2.3260869565217392	0.9347826086956521	2167.0	-162.0	0.24287856071964017	-0.19490254872563717	171.0	29853.515625	-0.2563718140929535	-130.0	33.00697723921039	33980.0	-233.32317073170734	7653.0	7654502.0	233596.86279296875	194.0	-147.8048780487805	4848.0	-5.914634146341464	2654.0	3888.644688644689	552.0	-1.3205741626794258	-5.330143540669856	3888.0	4780304.0	98.64475214817782	9.301435406698564	2228.0	
2442.0	9.934782608695652	1339.0	-2.0543478260869565	0.7391304347826086	2185.0	-160.0	0.239880059970015	-0.19940029985007496	184.0	29863.28125	-0.27586206896551724	-133.0	33.00697723921039	33980.0	-223.109756097561	7318.0	7654822.0	233606.62841796875	284.0	-150.7926829268293	4946.0	-8.658536585365855	2638.0	3865.2014652014655	580.0	-1.38755980861244	-4.889952153110047	3676.0	4780416.0	98.64361252788211	8.794258373205741	2044.0	
2388.0	9.467391304347826	1382.0	-1.467391304347826	0.4891304347826087	2208.0	-169.0	0.25337331334332835	-0.2098950524737631	189.0	29873.046875	-0.2833583208395802	-140.0	33.00697723921039	33980.0	-218.59756097560978	7170.0	7655142.0	233616.39404296875	457.0	-148.75	4879.0	-13.932926829268293	2654.0	3888.644688644689	696.0	-1.6650717703349283	-4.430622009569378	3480.0	4780416.0	98.64361252788211	8.325358851674642	1852.0	
2362.0	9.48913043478261	1380.0	-1.184782608695652	0.46739130434782605	2210.0	-178.0	0.26686656671664166	-0.20539730134932532	209.0	29882.8125	-0.31334332833583206	-137.0	33.00697723921039	33980.0	-217.40853658536588	7131.0	7655462.0	233626.15966796875	713.0	-148.109756097561	4858.0	-21.73780487804878	2659.0	3895.970695970696	764.0	-1.8277511961722488	-3.942583732057416	3520.0	4780416.0	98.64361252788211	8.421052631578947	1648.0	
2330.0	9.815217391304348	1350.0	-0.8369565217391304	0.18478260869565216	2236.0	-178.0	0.26686656671664166	-0.21589205397301348	222.0	29892.578125	-0.3328335832083958	-144.0	33.00697723921039	33980.0	-211.00609756097563	6921.0	7655782.0	233635.92529296875	987.0	-148.26219512195124	4863.0	-30.09146341463415	2651.0	3884.2490842490843	856.0	-2.047846889952153	-3.5215311004784686	3632.0	4780416.0	98.64361252788211	8.688995215311005	1472.0	
2306.0	9.804347826086957	1351.0	-0.5760869565217391	0.14130434782608695	2240.0	-179.0	0.26836581709145424	-0.22188905547226387	243.0	29902.34375	-0.36431784107946025	-148.0	33.00697723921039	33980.0	-203.53658536585368	6676.0	7656102.0	233645.69091796875	1133.0	-146.46341463414635	4804.0	-34.54268292682927	2632.0	3856.4102564102564	828.0	-1.9808612440191387	-3.177033492822966	3604.0	4780416.0	98.64361252788211	8.62200956937799	1328.0	
2264.0	9.619565217391305	1368.0	-0.11956521739130435	0.05434782608695652	2248.0	-179.0	0.26836581709145424	-0.2143928035982009	262.0	29912.109375	-0.39280359820089955	-143.0	33.00697723921039	33980.0	-198.109756097561	6498.0	7656422.0	233655.45654296875	1149.0	-142.5609756097561	4676.0	-35.03048780487805	2648.0	3879.8534798534797	888.0	-2.124401913875598	-2.803827751196172	3516.0	4780576.0	98.64198449966476	8.411483253588516	1172.0	
2247.0	9.467391304347826	1382.0	0.06521739130434782	0.03260869565217391	2250.0	-189.0	0.2833583208395802	-0.23238380809595202	268.0	29921.875	-0.4017991004497751	-155.0	33.00697723921039	33980.0	-195.4268292682927	6410.0	7656742.0	233665.22216796875	1325.0	-135.76219512195124	4453.0	-40.396341463414636	2643.0	3872.5274725274726	880.0	-2.1052631578947367	-2.5837320574162677	3492.0	4780576.0	98.64198449966476	8.354066985645932	1080.0	
2210.0	9.48913043478261	1380.0	0.46739130434782605	0.19565217391304346	2235.0	-192.0	0.28785607196401797	-0.22488755622188905	281.0	29931.640625	-0.4212893553223388	-150.0	33.00697723921039	33980.0	-191.7378048780488	6289.0	7657062.0	233674.98779296875	1533.0	-130.1219512195122	4268.0	-46.737804878048784	2630.0	3853.479853479854	808.0	-1.9330143540669855	-2.1818181818181817	3480.0	4780576.0	98.64198449966476	8.325358851674642	912.0	
2176.0	9.576086956521738	1372.0	0.8369565217391304	-0.03260869565217391	2256.0	-191.0	0.2863568215892054	-0.22638680659670163	306.0	29941.40625	-0.4587706146926537	-151.0	33.00697723921039	33980.0	-185.88414634146343	6097.0	7657382.0	233684.75341796875	1654.0	-126.06707317073172	4135.0	-50.426829268292686	2622.0	3841.758241758242	888.0	-2.124401913875598	-1.7511961722488039	3500.0	4780576.0	98.64198449966476	8.373205741626794	732.0	
2149.0	9.695652173913043	1361.0	1.1304347826086956	0.42391304347826086	2214.0	-193.0	0.2893553223388306	-0.22488755622188905	312.0	29951.171875	-0.4677661169415292	-150.0	33.00697723921039	33980.0	-182.8658536585366	5998.0	7657702.0	233694.51904296875	1955.0	-118.71951219512196	3894.0	-59.60365853658537	2653.0	3887.1794871794873	736.0	-1.7607655502392343	-1.3301435406698565	3620.0	4780576.0	98.64198449966476	8.660287081339712	556.0	
2120.0	9.42391304347826	1386.0	1.4456521739130435	0.4891304347826087	2208.0	-191.0	0.2863568215892054	-0.21889055472263869	324.0	29960.9375	-0.48575712143928035	-146.0	33.00697723921039	33980.0	-173.71951219512198	5698.0	7658022.0	233704.28466796875	2010.0	-109.42073170731709	3589.0	-61.28048780487806	2648.0	3879.8534798534797	708.0	-1.69377990430622	-0.9473684210526315	3488.0	4780384.0	98.6439381336352	8.344497607655502	396.0	
2087.0	8.945652173913043	1430.0	1.8043478260869565	0.7391304347826086	2185.0	-189.0	0.2833583208395802	-0.2143928035982009	334.0	29970.703125	-0.5007496251874063	-143.0	33.00697723921039	33980.0	-162.77439024390245	5339.0	7658342.0	233714.05029296875	1923.0	-104.35975609756099	3423.0	-58.62804878048781	2629.0	3852.0146520146523	596.0	-1.4258373205741626	-0.5454545454545454	3228.0	4780384.0	98.6439381336352	7.722488038277512	228.0	
2023.0	8.75	1448.0	2.5	1.0869565217391304	2153.0	-205.0	0.3073463268365817	-0.20239880059970014	342.0	29980.46875	-0.512743628185907	-135.0	33.00697723921039	33980.0	-154.66463414634148	5073.0	7658662.0	233723.81591796875	1643.0	-109.84756097560977	3603.0	-50.09146341463415	2650.0	3882.7838827838827	480.0	-1.1483253588516746	0.2583732057416268	3152.0	4780384.0	98.6439381336352	7.5406698564593295	-108.0	
1953.0	8.83695652173913	1440.0	3.260869565217391	0.9239130434782609	2168.0	-200.0	0.29985007496251875	-0.20389805097451275	353.0	29990.234375	-0.5292353823088456	-136.0	33.00697723921039	33980.0	-147.9268292682927	4852.0	7658982.0	233733.58154296875	1374.0	-115.94512195121952	3803.0	-41.890243902439025	2622.0	3841.758241758242	504.0	-1.2057416267942582	1.2248803827751196	3204.0	4780384.0	98.6439381336352	7.665071770334928	-512.0	
1912.0	8.815217391304348	1442.0	3.7065217391304346	1.108695652173913	2151.0	-194.0	0.2908545727136432	-0.20689655172413793	360.0	30000.0	-0.5397301349325337	-138.0	33.00697723921039	33980.0	-138.44512195121953	4541.0	7659302.0	233743.34716796875	1131.0	-120.54878048780489	3954.0	-34.48170731707317	2640.0	3868.131868131868	416.0	-0.9952153110047847	1.6842105263157894	3196.0	4780384.0	98.6439381336352	7.645933014354067	-704.0	
1884.0	8.48913043478261	1472.0	4.010869565217392	1.1956521739130435	2143.0	-194.0	0.2908545727136432	-0.19490254872563717	378.0	30009.765625	-0.5667166416791604	-130.0	33.00697723921039	33980.0	-130.2439024390244	4272.0	7659622.0	233753.11279296875	906.0	-122.7439024390244	4026.0	-27.621951219512198	2642.0	3871.062271062271	364.0	-0.8708133971291866	1.9904306220095693	3008.0	4780624.0	98.64149609137768	7.196172248803827	-832.0	
1878.0	8.076086956521738	1510.0	4.076086956521739	1.2608695652173914	2137.0	-199.0	0.2983508245877061	-0.19490254872563717	388.0	30019.53125	-0.5817091454272864	-130.0	33.00697723921039	33980.0	-124.32926829268294	4078.0	7659942.0	233762.87841796875	855.0	-125.3658536585366	4112.0	-26.06707317073171	2633.0	3857.875457875458	364.0	-0.8708133971291866	2.1339712918660285	2864.0	4780624.0	98.64149609137768	6.851674641148325	-892.0	
1863.0	7.782608695652174	1537.0	4.239130434782608	1.6521739130434783	2101.0	-196.0	0.29385307346326833	-0.1889055472263868	394.0	30029.296875	-0.5907046476761619	-126.0	33.00697723921039	33980.0	-119.35975609756099	3915.0	7660262.0	233772.64404296875	943.0	-121.79878048780489	3995.0	-28.750000000000004	2649.0	3881.3186813186812	156.0	-0.37320574162679426	2.1626794258373203	2724.0	4780624.0	98.64149609137768	6.516746411483253	-904.0	
1862.0	7.423913043478261	1570.0	4.25	2.010869565217391	2068.0	-194.0	0.2908545727136432	-0.19490254872563717	410.0	30039.0625	-0.6146926536731634	-130.0	33.00697723921039	33980.0	-115.27439024390245	3781.0	7660582.0	233782.40966796875	913.0	-118.10975609756099	3874.0	-27.83536585365854	2652.0	3885.714285714286	56.0	-0.1339712918660287	2.3349282296650715	2592.0	4780624.0	98.64149609137768	6.200956937799043	-976.0	
1840.0	7.184782608695652	1592.0	4.489130434782608	2.141304347826087	2056.0	-196.0	0.29385307346326833	-0.18440779610194902	421.0	30048.828125	-0.631184407796102	-123.0	33.00697723921039	33980.0	-112.95731707317074	3705.0	7660902.0	233792.17529296875	935.0	-110.67073170731709	3630.0	-28.50609756097561	2641.0	3869.5970695970695	-92.0	0.2200956937799043	2.5933014354066986	2476.0	4780624.0	98.64149609137768	5.923444976076555	-1084.0	
1821.0	7.1521739130434785	1595.0	4.695652173913043	2.2391304347826084	2047.0	-191.0	0.2863568215892054	-0.1664167916041979	427.0	30058.59375	-0.6401799100449775	-111.0	33.00697723921039	33980.0	-109.54268292682927	3593.0	7661222.0	233801.94091796875	790.0	-105.79268292682927	3470.0	-24.085365853658537	2645.0	3875.4578754578756	-116.0	0.27751196172248804	2.8708133971291865	2444.0	4780480.0	98.64296131648554	5.84688995215311	-1200.0	
1789.0	7.032608695652174	1606.0	5.043478260869565	2.5543478260869565	2018.0	-186.0	0.2788605697151424	-0.17991004497751123	440.0	30068.359375	-0.6596701649175412	-120.0	33.00697723921039	33980.0	-104.48170731707319	3427.0	7661542.0	233811.70654296875	816.0	-100.09146341463415	3283.0	-24.878048780487806	2639.0	3866.6666666666665	-208.0	0.49760765550239233	3.129186602870813	2432.0	4780480.0	98.64296131648554	5.818181818181818	-1308.0	
1772.0	6.934782608695652	1615.0	5.228260869565217	2.5760869565217392	2016.0	-184.0	0.27586206896551724	-0.17091454272863568	446.0	30078.125	-0.6686656671664167	-114.0	33.00697723921039	33980.0	-99.75609756097562	3272.0	7661862.0	233821.47216796875	853.0	-99.63414634146342	3268.0	-26.00609756097561	2639.0	3866.6666666666665	-268.0	0.6411483253588517	3.3971291866028706	2368.0	4780480.0	98.64296131648554	5.665071770334928	-1420.0	
1762.0	6.945652173913043	1614.0	5.33695652173913	2.5760869565217392	2016.0	-187.0	0.280359820089955	-0.1679160419790105	459.0	30087.890625	-0.6881559220389805	-112.0	33.00697723921039	33980.0	-93.65853658536587	3072.0	7662182.0	233831.23779296875	815.0	-97.95731707317074	3213.0	-24.84756097560976	2627.0	3849.084249084249	-280.0	0.6698564593301435	3.5502392344497604	2352.0	4780480.0	98.64296131648554	5.626794258373206	-1484.0	
1753.0	7.032608695652174	1606.0	5.434782608695652	2.25	2046.0	-189.0	0.2833583208395802	-0.15442278860569714	463.0	30097.65625	-0.6941529235382309	-103.0	33.00697723921039	33980.0	-88.50609756097562	2903.0	7662502.0	233841.00341796875	751.0	-92.71341463414635	3041.0	-22.896341463414636	2623.0	3843.223443223443	-144.0	0.34449760765550236	3.69377990430622	2396.0	4780480.0	98.64296131648554	5.732057416267942	-1544.0	
1740.0	6.934782608695652	1615.0	5.576086956521739	2.5	2023.0	-190.0	0.2848575712143928	-0.15442278860569714	463.0	30107.421875	-0.6941529235382309	-103.0	33.00697723921039	33980.0	-83.50609756097562	2739.0	7662822.0	233850.76904296875	618.0	-82.6829268292683	2712.0	-18.84146341463415	2641.0	3869.5970695970695	-212.0	0.507177033492823	3.7703349282296648	2356.0	4780512.0	98.64263571084207	5.636363636363636	-1576.0	
1724.0	6.684782608695652	1638.0	5.75	2.8043478260869565	1995.0	-179.0	0.26836581709145424	-0.16041979010494753	473.0	30117.1875	-0.7091454272863568	-107.0	33.00697723921039	33980.0	-78.68902439024392	2581.0	7663142.0	233860.53466796875	531.0	-75.03048780487805	2461.0	-16.189024390243905	2650.0	3882.7838827838827	-340.0	0.8133971291866028	3.990430622009569	2260.0	4780512.0	98.64263571084207	5.4066985645933014	-1668.0	
1708.0	6.5	1655.0	5.923913043478261	2.869565217391304	1989.0	-182.0	0.272863568215892	-0.1454272863568216	472.0	30126.953125	-0.7076461769115442	-97.0	33.00697723921039	33980.0	-75.0609756097561	2462.0	7663462.0	233870.30029296875	508.0	-69.48170731707317	2279.0	-15.487804878048783	2635.0	3860.805860805861	-412.0	0.985645933014354	4.229665071770334	2176.0	4780512.0	98.64263571084207	5.205741626794258	-1768.0	
1694.0	6.445652173913043	1660.0	6.076086956521739	3.010869565217391	1976.0	-177.0	0.2653673163418291	-0.14842578710644677	486.0	30136.71875	-0.7286356821589205	-99.0	33.00697723921039	33980.0	-71.64634146341464	2350.0	7663782.0	233880.06591796875	520.0	-64.51219512195122	2116.0	-15.853658536585368	2654.0	3888.644688644689	-440.0	1.0526315789473684	4.440191387559809	2128.0	4780512.0	98.64263571084207	5.090909090909091	-1856.0	
1675.0	6.576086956521739	1648.0	6.282608695652174	2.7391304347826084	2001.0	-181.0	0.27136431784107945	-0.13793103448275862	483.0	30146.484375	-0.7241379310344828	-92.0	33.00697723921039	33980.0	-67.89634146341464	2227.0	7664102.0	233889.83154296875	543.0	-60.060975609756106	1970.0	-16.554878048780488	2630.0	3853.479853479854	-364.0	0.8708133971291866	4.688995215311005	2184.0	4780512.0	98.64263571084207	5.22488038277512	-1960.0	
1656.0	6.891304347826087	1619.0	6.489130434782608	2.5652173913043477	2017.0	-177.0	0.2653673163418291	-0.13793103448275862	490.0	30156.25	-0.7346326836581709	-92.0	33.00697723921039	33980.0	-63.17073170731708	2072.0	7664422.0	233899.59716796875	571.0	-53.9329268292683	1769.0	-17.408536585365855	2639.0	3866.6666666666665	-260.0	0.6220095693779905	4.8708133971291865	2340.0	4780592.0	98.64182169689326	5.598086124401914	-2036.0	
1634.0	6.913043478260869	1617.0	6.728260869565217	2.619565217391304	2012.0	-176.0	0.2638680659670165	-0.13193403298350825	500.0	30166.015625	-0.7496251874062968	-88.0	33.00697723921039	33980.0	-59.39024390243903	1948.0	7664742.0	233909.36279296875	626.0	-49.146341463414636	1612.0	-19.085365853658537	2640.0	3868.131868131868	-328.0	0.784688995215311	5.110047846889952	2312.0	4780592.0	98.64182169689326	5.5311004784688995	-2136.0	
1616.0	6.913043478260869	1617.0	6.923913043478261	2.630434782608696	2011.0	-168.0	0.2518740629685157	-0.13193403298350825	501.0	30175.78125	-0.7511244377811094	-88.0	33.00697723921039	33980.0	-56.34146341463415	1848.0	7665062.0	233919.12841796875	530.0	-49.237804878048784	1615.0	-16.158536585365855	2636.0	3862.2710622710624	-272.0	0.6507177033492823	5.339712918660287	2368.0	4780592.0	98.64182169689326	5.665071770334928	-2232.0	
1596.0	7.021739130434782	1607.0	7.141304347826087	2.5869565217391304	2015.0	-178.0	0.26686656671664166	-0.12743628185907047	500.0	30185.546875	-0.7496251874062968	-85.0	33.00697723921039	33980.0	-54.024390243902445	1772.0	7665382.0	233928.89404296875	492.0	-47.01219512195122	1542.0	-15.000000000000002	2648.0	3879.8534798534797	-288.0	0.6889952153110047	5.55023923444976	2392.0	4780592.0	98.64182169689326	5.722488038277512	-2320.0	
1589.0	7.108695652173913	1599.0	7.217391304347826	2.5652173913043477	2017.0	-182.0	0.272863568215892	-0.11394302848575712	499.0	30195.3125	-0.7481259370314842	-76.0	33.00697723921039	33980.0	-51.40243902439025	1686.0	7665702.0	233938.65966796875	448.0	-44.29878048780488	1453.0	-13.658536585365855	2656.0	3891.5750915750914	-188.0	0.4497607655502392	5.684210526315789	2468.0	4780592.0	98.64182169689326	5.904306220095694	-2376.0	
1573.0	7.304347826086956	1581.0	7.391304347826087	2.3260869565217392	2039.0	-172.0	0.2578710644677661	-0.11544227886056971	500.0	30205.078125	-0.7496251874062968	-77.0	33.00697723921039	33980.0	-49.35975609756098	1619.0	7666022.0	233948.42529296875	413.0	-39.54268292682927	1297.0	-12.591463414634147	2635.0	3860.805860805861	-176.0	0.42105263157894735	5.904306220095694	2584.0	4780752.0	98.64019366968076	6.181818181818182	-2468.0	
1551.0	7.543478260869565	1559.0	7.630434782608695	2.2717391304347827	2044.0	-173.0	0.2593703148425787	-0.11544227886056971	506.0	30214.84375	-0.7586206896551724	-77.0	33.00697723921039	33980.0	-46.920731707317074	1539.0	7666342.0	233958.19091796875	361.0	-35.15243902439025	1153.0	-11.006097560975611	2642.0	3871.062271062271	-104.0	0.24880382775119617	6.669856459330143	2656.0	4780752.0	98.64019366968076	6.354066985645932	-2788.0	
1529.0	7.608695652173913	1553.0	7.869565217391304	2.402173913043478	2032.0	-175.0	0.2623688155922039	-0.1169415292353823	509.0	30224.609375	-0.7631184407796102	-78.0	33.00697723921039	33980.0	-44.29878048780488	1453.0	7666662.0	233967.95654296875	315.0	-34.08536585365854	1118.0	-9.603658536585368	2631.0	3854.945054945055	-144.0	0.34449760765550236	6.3349282296650715	2680.0	4780752.0	98.64019366968076	6.411483253588517	-2648.0	
1512.0	7.663043478260869	1548.0	8.054347826086957	2.4782608695652173	2025.0	-171.0	0.2563718140929535	-0.11244377811094453	511.0	30234.375	-0.7661169415292354	-75.0	33.00697723921039	33980.0	-41.79878048780488	1371.0	7666982.0	233977.72216796875	260.0	-35.457317073170735	1163.0	-7.926829268292684	2635.0	3860.805860805861	-224.0	0.5358851674641149	6.62200956937799	2692.0	4780752.0	98.64019366968076	6.440191387559809	-2768.0	
1504.0	7.782608695652174	1537.0	8.141304347826086	2.467391304347826	2026.0	-166.0	0.24887556221889054	-0.10044977511244378	518.0	30244.140625	-0.7766116941529235	-67.0	33.00697723921039	33980.0	-39.11585365853659	1283.0	7667302.0	233987.48779296875	161.0	-36.98170731707317	1213.0	-4.908536585365854	2634.0	3859.3406593406594	-248.0	0.5933014354066986	6.708133971291866	2716.0	4780752.0	98.64019366968076	6.497607655502392	-2804.0	
1502.0	7.793478260869565	1536.0	8.16304347826087	2.2717391304347827	2044.0	-164.0	0.24587706146926536	-0.10644677661169415	518.0	30253.90625	-0.7766116941529235	-71.0	33.00697723921039	33980.0	-35.85365853658537	1176.0	7667622.0	233997.25341796875	61.0	-36.79878048780488	1207.0	-1.8597560975609757	2626.0	3847.6190476190477	-172.0	0.41148325358851673	6.746411483253588	2756.0	4780688.0	98.64084488045613	6.5933014354066986	-2820.0	
1496.0	7.826086956521739	1533.0	8.228260869565217	2.3260869565217392	2039.0	-167.0	0.25037481259370314	-0.10344827586206896	524.0	30263.671875	-0.7856071964017991	-69.0	33.00697723921039	33980.0	-32.987804878048784	1082.0	7667942.0	234007.01904296875	-16.0	-33.8109756097561	1109.0	0.48780487804878053	2640.0	3868.131868131868	-160.0	0.3827751196172249	6.813397129186603	2780.0	4780688.0	98.64084488045613	6.650717703349282	-2848.0	
1491.0	7.815217391304348	1534.0	8.282608695652174	2.2717391304347827	2044.0	-164.0	0.24587706146926536	-0.10044977511244378	521.0	30273.4375	-0.7811094452773613	-67.0	33.00697723921039	33980.0	-30.54878048780488	1002.0	7668262.0	234016.78466796875	-124.0	-29.207317073170735	958.0	3.780487804878049	2649.0	3881.3186813186812	-124.0	0.2966507177033493	6.861244019138756	2764.0	4780688.0	98.64084488045613	6.6124401913875595	-2868.0	
1478.0	7.5978260869565215	1554.0	8.42391304347826	2.260869565217391	2045.0	-166.0	0.24887556221889054	-0.10194902548725637	521.0	30283.203125	-0.7811094452773613	-68.0	33.00697723921039	33980.0	-28.780487804878053	944.0	7668582.0	234026.55029296875	-189.0	-24.420731707317074	801.0	5.76219512195122	2636.0	3862.2710622710624	-136.0	0.3253588516746411	7.0047846889952154	2688.0	4780688.0	98.64084488045613	6.430622009569378	-2928.0	
1468.0	7.423913043478261	1570.0	8.532608695652174	2.543478260869565	2019.0	-164.0	0.24587706146926536	-0.095952023988006	527.0	30292.96875	-0.7901049475262368	-64.0	33.00697723921039	33980.0	-27.28658536585366	895.0	7668902.0	234036.31591796875	-150.0	-19.512195121951223	640.0	4.573170731707317	2650.0	3882.7838827838827	-224.0	0.5358851674641149	7.186602870813397	2620.0	4780688.0	98.64084488045613	6.267942583732057	-3004.0	
1454.0	7.413043478260869	1571.0	8.684782608695652	2.2391304347826084	2047.0	-163.0	0.24437781109445278	-0.09895052473763118	533.0	30302.734375	-0.7991004497751124	-66.0	33.00697723921039	33980.0	-25.853658536585368	848.0	7669222.0	234046.08154296875	-113.0	-15.335365853658537	503.0	3.4451219512195124	2628.0	3850.5494505494507	-128.0	0.3062200956937799	7.330143540669856	2608.0	4780752.0	98.64019366968076	6.239234449760765	-3064.0	
1444.0	7.521739130434782	1561.0	8.793478260869565	2.1956521739130435	2051.0	-161.0	0.24137931034482757	-0.08545727136431784	525.0	30312.5	-0.7871064467766117	-57.0	33.00697723921039	33980.0	-24.146341463414636	792.0	7669542.0	234055.84716796875	-88.0	-10.335365853658537	339.0	2.682926829268293	2636.0	3862.2710622710624	-132.0	0.3157894736842105	7.425837320574162	2640.0	4780752.0	98.64019366968076	6.315789473684211	-3104.0	
1441.0	7.6521739130434785	1549.0	8.826086956521738	1.9565217391304348	2073.0	-167.0	0.25037481259370314	-0.0944527736131934	537.0	30322.265625	-0.8050974512743628	-63.0	33.00697723921039	33980.0	-21.82926829268293	716.0	7669862.0	234065.61279296875	-44.0	-7.225609756097562	237.0	1.3414634146341464	2635.0	3860.805860805861	-20.0	0.04784688995215311	7.502392344497608	2656.0	4780752.0	98.64019366968076	6.354066985645932	-3136.0	
1446.0	7.576086956521739	1556.0	8.771739130434783	1.9782608695652173	2071.0	-165.0	0.24737631184407796	-0.08545727136431784	528.0	30332.03125	-0.7916041979010494	-57.0	33.00697723921039	33980.0	-19.390243902439025	636.0	7670182.0	234075.37841796875	-1.0	-3.8414634146341466	126.0	0.030487804878048783	2630.0	3853.479853479854	-4.0	0.009569377990430622	7.38755980861244	2660.0	4780752.0	98.64019366968076	6.363636363636363	-3088.0	
1463.0	7.728260869565217	1542.0	8.58695652173913	1.7934782608695652	2088.0	-164.0	0.24587706146926536	-0.08545727136431784	524.0	30341.796875	-0.7856071964017991	-57.0	33.00697723921039	33980.0	-18.56707317073171	609.0	7670502.0	234085.14404296875	14.0	0.4573170731707317	-15.0	-0.426829268292683	2644.0	3873.992673992674	84.0	-0.20095693779904306	7.1387559808612435	2732.0	4780752.0	98.64019366968076	6.535885167464115	-2984.0	
1477.0	7.8478260869565215	1531.0	8.434782608695652	1.8804347826086956	2080.0	-164.0	0.24587706146926536	-0.08845577211394302	528.0	30351.5625	-0.7916041979010494	-59.0	33.00697723921039	33980.0	-20.182926829268293	662.0	7670822.0	234094.90966796875	-3.0	6.7682926829268295	-222.0	0.09146341463414635	2648.0	3879.8534798534797	112.0	-0.2679425837320574	7.043062200956937	2820.0	4780816.0	98.63954245905153	6.746411483253588	-2944.0	
1469.0	7.804347826086956	1535.0	8.521739130434783	1.8804347826086956	2080.0	-167.0	0.25037481259370314	-0.07646176911544228	535.0	30361.328125	-0.8020989505247376	-51.0	33.00697723921039	33980.0	-21.707317073170735	712.0	7671142.0	234104.67529296875	-12.0	11.646341463414636	-382.0	0.3658536585365854	2639.0	3866.6666666666665	36.0	-0.08612440191387559	7.167464114832535	2780.0	4780816.0	98.63954245905153	6.650717703349282	-2996.0	
1449.0	7.717391304347826	1543.0	8.73913043478261	1.9239130434782608	2076.0	-167.0	0.25037481259370314	-0.07796101949025487	531.0	30371.09375	-0.7961019490254873	-52.0	33.00697723921039	33980.0	-22.682926829268293	744.0	7671462.0	234114.44091796875	-53.0	8.628048780487806	-283.0	1.6158536585365855	2641.0	3869.5970695970695	52.0	-0.12440191387559808	7.282296650717703	2740.0	4780816.0	98.63954245905153	6.555023923444976	-3044.0	
1441.0	7.771739130434782	1538.0	8.826086956521738	1.9239130434782608	2076.0	-170.0	0.25487256371814093	-0.0914542728635682	531.0	30380.859375	-0.7961019490254873	-61.0	33.00697723921039	33980.0	-23.140243902439025	759.0	7671782.0	234124.20654296875	-72.0	4.390243902439025	-144.0	2.1951219512195124	2636.0	3862.2710622710624	60.0	-0.14354066985645933	7.483253588516746	2760.0	4780816.0	98.63954245905153	6.602870813397129	-3128.0	
1444.0	7.739130434782608	1541.0	8.793478260869565	1.6956521739130435	2097.0	-168.0	0.2518740629685157	-0.07196401799100449	536.0	30390.625	-0.8035982008995503	-48.0	33.00697723921039	33980.0	-22.34756097560976	733.0	7672102.0	234133.97216796875	-142.0	-0.09146341463414635	3.0	4.329268292682928	2637.0	3863.736263736264	124.0	-0.2966507177033493	7.502392344497608	2748.0	4780816.0	98.63954245905153	6.574162679425837	-3136.0	
1454.0	7.619565217391304	1552.0	8.684782608695652	1.5652173913043477	2109.0	-168.0	0.2518740629685157	-0.07196401799100449	536.0	30400.390625	-0.8035982008995503	-48.0	33.00697723921039	33980.0	-22.04268292682927	723.0	7672422.0	234143.73779296875	-228.0	-1.2500000000000002	41.0	6.951219512195123	2627.0	3849.084249084249	136.0	-0.3253588516746411	7.368421052631579	2672.0	4780864.0	98.63905405117553	6.392344497607655	-3080.0	
1460.0	7.25	1586.0	8.619565217391305	1.5543478260869565	2110.0	-165.0	0.24737631184407796	-0.07796101949025487	539.0	30410.15625	-0.808095952023988	-52.0	33.00697723921039	33980.0	-21.79878048780488	715.0	7672742.0	234153.50341796875	-347.0	-0.7317073170731708	24.0	10.579268292682928	2625.0	3846.153846153846	164.0	-0.3923444976076555	7.2727272727272725	2536.0	4780864.0	98.63905405117553	6.0669856459330145	-3040.0	
1458.0	7.119565217391304	1598.0	8.641304347826086	1.5434782608695652	2111.0	-165.0	0.24737631184407796	-0.07796101949025487	539.0	30419.921875	-0.808095952023988	-52.0	33.00697723921039	33980.0	-21.3109756097561	699.0	7673062.0	234163.26904296875	-380.0	0.24390243902439027	-8.0	11.585365853658537	2641.0	3869.5970695970695	208.0	-0.49760765550239233	7.282296650717703	2476.0	4780864.0	98.63905405117553	5.923444976076555	-3044.0	
1452.0	6.913043478260869	1617.0	8.706521739130434	1.6630434782608696	2100.0	-165.0	0.24737631184407796	-0.07196401799100449	534.0	30429.6875	-0.800599700149925	-48.0	33.00697723921039	33980.0	-20.457317073170735	671.0	7673382.0	234173.03466796875	-411.0	2.957317073170732	-97.0	12.53048780487805	2652.0	3885.714285714286	176.0	-0.42105263157894735	7.339712918660287	2388.0	4780864.0	98.63905405117553	5.712918660287081	-3068.0	
1442.0	6.641304347826087	1642.0	8.815217391304348	1.7282608695652173	2094.0	-161.0	0.24137931034482757	-0.07946026986506746	541.0	30439.453125	-0.8110944527736131	-53.0	33.00697723921039	33980.0	-19.573170731707318	642.0	7673702.0	234182.80029296875	-403.0	3.9024390243902443	-128.0	12.286585365853659	2632.0	3856.4102564102564	132.0	-0.3157894736842105	7.521531100478469	2252.0	4780864.0	98.63905405117553	5.38755980861244	-3144.0	
1431.0	6.434782608695652	1661.0	8.934782608695652	1.9891304347826086	2070.0	-164.0	0.24587706146926536	-0.07496251874062969	540.0	30449.21875	-0.8095952023988006	-50.0	33.01194838753436	33981.0	-17.926829268292686	588.0	7674022.0	234192.56591796875	-329.0	3.1097560975609757	-102.0	10.03048780487805	2651.0	3884.2490842490843	48.0	-0.11483253588516745	7.607655502392344	2160.0	4780864.0	98.63989542740218	5.167464114832535	-3180.0	
1435.0	6.25	1678.0	8.891304347826086	2.0760869565217392	2062.0	-159.0	0.2383808095952024	-0.07346326836581708	540.0	30458.984375	-0.8095952023988006	-49.0	33.01194838753436	33981.0	-15.091463414634148	495.0	7674342.0	234202.33154296875	-258.0	3.536585365853659	-116.0	7.865853658536586	2643.0	3872.5274725274726	-24.0	0.057416267942583726	7.617224880382775	2080.0	4780864.0	98.63989542740218	4.976076555023924	-3184.0	
1442.0	6.108695652173913	1691.0	8.815217391304348	2.119565217391304	2058.0	-162.0	0.24287856071964017	-0.07946026986506746	540.0	30468.75	-0.8095952023988006	-53.0	33.01194838753436	33981.0	-12.896341463414636	423.0	7674662.0	234212.09716796875	-229.0	5.5182926829268295	-181.0	6.981707317073171	2639.0	3866.6666666666665	-60.0	0.14354066985645933	7.521531100478469	1996.0	4780864.0	98.63989542740218	4.77511961722488	-3144.0	
1451.0	6.0978260869565215	1692.0	8.717391304347826	2.0869565217391304	2061.0	-164.0	0.24587706146926536	-0.06896551724137931	538.0	30478.515625	-0.8065967016491754	-46.0	33.01194838753436	33981.0	-10.03048780487805	329.0	7674982.0	234221.86279296875	-191.0	8.841463414634147	-290.0	5.823170731707318	2634.0	3859.3406593406594	-84.0	0.20095693779904306	7.368421052631579	1948.0	4780864.0	98.63989542740218	4.660287081339713	-3080.0	
1459.0	5.891304347826087	1711.0	8.630434782608695	2.282608695652174	2043.0	-165.0	0.24737631184407796	-0.07796101949025487	541.0	30488.28125	-0.8110944527736131	-52.0	33.01194838753436	33981.0	-6.737804878048781	221.0	7675302.0	234231.62841796875	-114.0	12.621951219512196	-414.0	3.4756097560975614	2635.0	3860.805860805861	-144.0	0.34449760765550236	7.263157894736842	1908.0	4780864.0	98.63989542740218	4.564593301435407	-3036.0	
1473.0	5.956521739130435	1705.0	8.478260869565217	2.3369565217391304	2038.0	-158.0	0.2368815592203898	-0.06896551724137931	542.0	30498.046875	-0.8125937031484257	-46.0	33.01194838753436	33981.0	-3.2926829268292686	108.0	7675622.0	234241.39404296875	-33.0	15.975609756097562	-524.0	1.0060975609756098	2644.0	3873.992673992674	-188.0	0.4497607655502392	7.071770334928229	1924.0	4779888.0	98.64982648411639	4.6028708133971294	-2956.0	
1496.0	6.076086956521739	1694.0	8.228260869565217	2.4239130434782608	2030.0	-162.0	0.24287856071964017	-0.07196401799100449	541.0	30507.8125	-0.8110944527736131	-48.0	33.01194838753436	33981.0	0.7317073170731708	-24.0	7675942.0	234251.15966796875	-40.0	19.908536585365855	-653.0	1.2195121951219514	2626.0	3847.6190476190477	-240.0	0.5741626794258373	6.784688995215311	2012.0	4779888.0	98.64982648411639	4.813397129186603	-2836.0	
1525.0	6.239130434782608	1679.0	7.913043478260869	2.5869565217391304	2015.0	-159.0	0.2383808095952024	-0.07196401799100449	543.0	30517.578125	-0.8140929535232384	-48.0	33.01194838753436	33981.0	6.829268292682928	-224.0	7676262.0	234260.92529296875	-107.0	25.792682926829272	-846.0	3.26219512195122	2638.0	3865.2014652014655	-280.0	0.6698564593301435	6.555023923444976	2052.0	4779888.0	98.64982648411639	4.909090909090909	-2740.0	
1548.0	6.0978260869565215	1692.0	7.663043478260869	2.8152173913043477	1994.0	-160.0	0.239880059970015	-0.08245877061469264	535.0	30527.34375	-0.8020989505247376	-55.0	33.01194838753436	33981.0	13.963414634146343	-458.0	7676582.0	234270.69091796875	-213.0	30.51829268292683	-1001.0	6.4939024390243905	2637.0	3863.736263736264	-332.0	0.7942583732057416	6.267942583732057	2032.0	4779888.0	98.64982648411639	4.861244019138756	-2620.0	
1577.0	5.815217391304348	1718.0	7.3478260869565215	2.9239130434782608	1984.0	-168.0	0.2518740629685157	-0.07346326836581708	538.0	30537.109375	-0.8065967016491754	-49.0	33.01194838753436	33981.0	20.701219512195124	-679.0	7676902.0	234280.45654296875	-291.0	35.213414634146346	-1155.0	8.871951219512196	2635.0	3860.805860805861	-420.0	1.0047846889952152	5.942583732057416	1896.0	4779888.0	98.64982648411639	4.535885167464115	-2484.0	
1610.0	5.630434782608695	1735.0	6.989130434782608	3.0652173913043477	1971.0	-163.0	0.24437781109445278	-0.08095952023988005	537.0	30546.875	-0.8050974512743628	-54.0	33.01194838753436	33981.0	27.042682926829272	-887.0	7677222.0	234290.22216796875	-356.0	42.13414634146342	-1382.0	10.853658536585368	2635.0	3860.805860805861	-504.0	1.2057416267942582	5.511961722488038	1788.0	4779744.0	98.65129172486988	4.277511961722488	-2304.0	
1645.0	5.5	1747.0	6.608695652173913	3.217391304347826	1957.0	-168.0	0.2518740629685157	-0.08095952023988005	534.0	30556.640625	-0.800599700149925	-54.0	33.01194838753436	33981.0	34.237804878048784	-1123.0	7677542.0	234299.98779296875	-374.0	50.518292682926834	-1657.0	11.402439024390246	2633.0	3857.875457875458	-608.0	1.4545454545454546	5.119617224880383	1684.0	4779744.0	98.65129172486988	4.028708133971292	-2140.0	
1680.0	5.08695652173913	1785.0	6.228260869565217	3.3043478260869565	1949.0	-172.0	0.2578710644677661	-0.07946026986506746	531.0	30566.40625	-0.7961019490254873	-53.0	33.01194838753436	33981.0	42.65243902439025	-1399.0	7677862.0	234309.75341796875	-379.0	59.237804878048784	-1943.0	11.55487804878049	2622.0	3841.758241758242	-684.0	1.6363636363636362	4.698564593301435	1532.0	4779744.0	98.65129172486988	3.665071770334928	-1964.0	
1714.0	4.945652173913043	1798.0	5.858695652173913	3.0869565217391304	1969.0	-173.0	0.2593703148425787	-0.08545727136431784	534.0	30576.171875	-0.800599700149925	-57.0	33.01194838753436	33981.0	50.518292682926834	-1657.0	7678182.0	234319.51904296875	-309.0	66.98170731707317	-2197.0	9.420731707317074	2639.0	3866.6666666666665	-544.0	1.3014354066985645	4.267942583732057	1440.0	4779744.0	98.65129172486988	3.4449760765550237	-1784.0	
1758.0	4.956521739130435	1797.0	5.380434782608695	2.8152173913043477	1994.0	-183.0	0.27436281859070466	-0.08095952023988005	524.0	30585.9375	-0.7856071964017991	-54.0	33.01194838753436	33981.0	59.085365853658544	-1938.0	7678502.0	234329.28466796875	-176.0	79.87804878048782	-2620.0	5.365853658536586	2650.0	3882.7838827838827	-392.0	0.937799043062201	3.6555023923444976	1448.0	4779744.0	98.65129172486988	3.464114832535885	-1528.0	
1785.0	4.793478260869565	1812.0	5.08695652173913	2.5543478260869565	2018.0	-188.0	0.2818590704647676	-0.07946026986506746	524.0	30595.703125	-0.7856071964017991	-53.0	33.01194838753436	33981.0	67.89634146341464	-2227.0	7678822.0	234339.05029296875	-124.0	97.22560975609757	-3189.0	3.780487804878049	2635.0	3860.805860805861	-316.0	0.7559808612440191	3.291866028708134	1392.0	4780400.0	98.64461674520787	3.3301435406698565	-1376.0	
1794.0	4.641304347826087	1826.0	4.989130434782608	2.5978260869565215	2014.0	-181.0	0.27136431784107945	-0.08995502248875561	524.0	30605.46875	-0.7856071964017991	-60.0	33.01194838753436	33981.0	77.28658536585367	-2535.0	7679142.0	234348.81591796875	-53.0	112.8658536585366	-3702.0	1.6158536585365855	2654.0	3888.644688644689	-276.0	0.6602870813397129	3.1483253588516744	1320.0	4780400.0	98.64461674520787	3.1578947368421053	-1316.0	
1803.0	4.608695652173913	1829.0	4.891304347826087	2.467391304347826	2026.0	-186.0	0.2788605697151424	-0.0944527736131934	510.0	30615.234375	-0.7646176911544228	-63.0	33.01194838753436	33981.0	87.07317073170732	-2856.0	7679462.0	234358.58154296875	9.0	124.78658536585367	-4093.0	-0.27439024390243905	2622.0	3841.758241758242	-244.0	0.5837320574162679	3.090909090909091	1292.0	4780400.0	98.64461674520787	3.090909090909091	-1292.0	
1807.0	4.717391304347826	1819.0	4.8478260869565215	2.4239130434782608	2030.0	-196.0	0.29385307346326833	-0.10194902548725637	510.0	30625.0	-0.7646176911544228	-68.0	33.01194838753436	33981.0	98.29268292682927	-3224.0	7679782.0	234368.34716796875	1.0	135.27439024390245	-4437.0	-0.030487804878048783	2640.0	3868.131868131868	-216.0	0.5167464114832536	2.9665071770334928	1332.0	4780400.0	98.64461674520787	3.186602870813397	-1240.0	
1830.0	4.858695652173913	1806.0	4.5978260869565215	2.3369565217391304	2038.0	-191.0	0.2863568215892054	-0.10194902548725637	502.0	30634.765625	-0.7526236881559221	-68.0	33.01194838753436	33981.0	111.09756097560977	-3644.0	7680102.0	234378.11279296875	-96.0	144.14634146341464	-4728.0	2.9268292682926833	2636.0	3862.2710622710624	-208.0	0.49760765550239233	2.679425837320574	1356.0	4780400.0	98.64461674520787	3.2440191387559807	-1120.0	
1856.0	4.684782608695652	1822.0	4.315217391304348	2.260869565217391	2045.0	-201.0	0.30134932533733133	-0.11394302848575712	490.0	30644.53125	-0.7346326836581709	-76.0	33.01194838753436	33981.0	124.54268292682929	-4085.0	7680422.0	234387.87841796875	-237.0	151.7378048780488	-4977.0	7.225609756097562	2637.0	3863.736263736264	-124.0	0.2966507177033493	2.354066985645933	1312.0	4780016.0	98.64852404851227	3.138755980861244	-984.0	
1889.0	4.6521739130434785	1825.0	3.9565217391304346	2.0760869565217392	2062.0	-198.0	0.29685157421289354	-0.11544227886056971	486.0	30654.296875	-0.7286356821589205	-77.0	33.01194838753436	33981.0	137.8048780487805	-4520.0	7680742.0	234397.64404296875	-378.0	159.4207317073171	-5229.0	11.52439024390244	2660.0	3897.4358974358975	36.0	-0.08612440191387559	1.9425837320574162	1288.0	4780016.0	98.64852404851227	3.0813397129186604	-812.0	
1924.0	4.673913043478261	1823.0	3.5760869565217392	1.608695652173913	2105.0	-206.0	0.3088455772113943	-0.12293853073463268	468.0	30664.0625	-0.7016491754122939	-82.0	33.01194838753436	33981.0	150.91463414634148	-4950.0	7681062.0	234407.40966796875	-525.0	168.07926829268294	-5513.0	16.00609756097561	2645.0	3875.4578754578756	252.0	-0.6028708133971291	1.69377990430622	1280.0	4780016.0	98.64852404851227	3.062200956937799	-708.0	
1958.0	4.8478260869565215	1807.0	3.2065217391304346	0.9565217391304348	2165.0	-215.0	0.32233883058470764	-0.12893553223388304	464.0	30673.828125	-0.6956521739130435	-86.0	33.01194838753436	33981.0	163.56707317073173	-5365.0	7681382.0	234417.17529296875	-728.0	177.19512195121953	-5812.0	22.195121951219516	2642.0	3871.062271062271	356.0	-0.8516746411483254	1.2535885167464114	1344.0	4780016.0	98.64852404851227	3.215311004784689	-524.0	
1987.0	5.195652173913043	1775.0	2.891304347826087	0.32608695652173914	2223.0	-214.0	0.32083958020989506	-0.1424287856071964	454.0	30683.59375	-0.6806596701649176	-95.0	33.01194838753436	33981.0	176.859756097561	-5801.0	7681702.0	234426.94091796875	-982.0	185.39634146341464	-6081.0	29.939024390243905	2643.0	3872.5274725274726	644.0	-1.5406698564593302	0.7942583732057416	1476.0	4780016.0	98.64852404851227	3.5311004784688995	-332.0	
2024.0	5.8478260869565215	1715.0	2.4891304347826084	-0.2608695652173913	2277.0	-225.0	0.3373313343328336	-0.1394302848575712	435.0	30693.359375	-0.6521739130434783	-93.0	33.01194838753436	33981.0	190.06097560975613	-6234.0	7682022.0	234436.70654296875	-1328.0	194.57317073170734	-6382.0	40.487804878048784	2636.0	3862.2710622710624	964.0	-2.3062200956937797	0.3923444976076555	1752.0	4780368.0	98.6449423536156	4.1913875598086126	-164.0	
2043.0	6.3478260869565215	1669.0	2.282608695652174	-0.5869565217391304	2307.0	-228.0	0.34182908545727136	-0.15592203898050974	419.0	30703.125	-0.6281859070464767	-104.0	33.01194838753436	33981.0	204.2378048780488	-6699.0	7682342.0	234446.47216796875	-1475.0	205.3048780487805	-6734.0	44.96951219512196	2638.0	3865.2014652014655	1100.0	-2.631578947368421	0.019138755980861243	2012.0	4780368.0	98.6449423536156	4.813397129186603	-8.0	
2057.0	6.619565217391304	1644.0	2.130434782608696	-0.7608695652173912	2323.0	-227.0	0.3403298350824588	-0.15592203898050974	407.0	30712.890625	-0.6101949025487257	-104.0	33.01194838753436	33981.0	218.56707317073173	-7169.0	7682662.0	234456.23779296875	-1533.0	212.40853658536588	-6967.0	46.737804878048784	2626.0	3847.6190476190477	1144.0	-2.736842105263158	-0.11483253588516745	2092.0	4780368.0	98.6449423536156	5.0047846889952154	48.0	
2049.0	6.565217391304348	1649.0	2.217391304347826	-0.8913043478260869	2335.0	-229.0	0.34332833583208394	-0.1619190404797601	390.0	30722.65625	-0.5847076461769115	-108.0	33.01194838753436	33981.0	232.68292682926833	-7632.0	7682982.0	234466.00341796875	-1597.0	211.82926829268294	-6948.0	48.68902439024391	2638.0	3865.2014652014655	1288.0	-3.0813397129186604	-0.19138755980861244	2136.0	4780368.0	98.6449423536156	5.110047846889952	80.0	
2073.0	6.804347826086956	1627.0	1.9565217391304348	-0.9565217391304348	2341.0	-230.0	0.3448275862068965	-0.16941529235382308	377.0	30732.421875	-0.5652173913043478	-113.0	33.01194838753436	33981.0	244.57317073170734	-8022.0	7683302.0	234475.76904296875	-1483.0	207.7439024390244	-6814.0	45.213414634146346	2652.0	3885.714285714286	1392.0	-3.3301435406698565	-0.42105263157894735	2252.0	4780368.0	98.6449423536156	5.38755980861244	176.0	
2107.0	7.065217391304348	1603.0	1.5869565217391304	-0.8804347826086957	2334.0	-228.0	0.34182908545727136	-0.17841079460269865	350.0	30742.1875	-0.5247376311844077	-119.0	33.01194838753436	33981.0	255.4268292682927	-8378.0	7683622.0	234485.53466796875	-1326.0	202.89634146341464	-6655.0	40.426829268292686	2647.0	3878.388278388278	1324.0	-3.1674641148325358	-0.7942583732057416	2344.0	4780448.0	98.64412833266479	5.607655502392344	332.0	
2140.0	7.228260869565217	1588.0	1.2282608695652173	-1.2934782608695652	2372.0	-233.0	0.3493253373313343	-0.17541229385307347	331.0	30751.953125	-0.4962518740629685	-117.0	33.01194838753436	33981.0	267.25609756097566	-8766.0	7683942.0	234495.30029296875	-1255.0	192.89634146341464	-6327.0	38.26219512195122	2635.0	3860.805860805861	1516.0	-3.626794258373206	-1.263157894736842	2444.0	4780448.0	98.64412833266479	5.84688995215311	528.0	
2177.0	7.467391304347826	1566.0	0.8260869565217391	-1.434782608695652	2385.0	-229.0	0.34332833583208394	-0.18440779610194902	313.0	30761.71875	-0.46926536731634183	-123.0	33.01194838753436	33981.0	277.8353658536586	-9113.0	7684262.0	234505.06591796875	-1093.0	183.14024390243904	-6007.0	33.32317073170732	2658.0	3894.5054945054944	1640.0	-3.923444976076555	-1.8277511961722488	2564.0	4780448.0	98.64412833266479	6.133971291866028	764.0	
2230.0	8.195652173913043	1499.0	0.25	-2.652173913043478	2497.0	-227.0	0.3403298350824588	-0.18140929535232383	289.0	30771.484375	-0.4332833583208396	-121.0	33.01194838753436	33981.0	284.57317073170736	-9334.0	7684582.0	234514.83154296875	-1015.0	169.1158536585366	-5547.0	30.945121951219516	2631.0	3854.945054945055	2156.0	-5.157894736842105	-2.3923444976076556	2900.0	4780448.0	98.64412833266479	6.937799043062201	1000.0	
2298.0	9.51086956521739	1378.0	-0.4891304347826087	-3.2717391304347827	2554.0	-223.0	0.33433283358320837	-0.18590704647676162	266.0	30781.25	-0.3988005997001499	-124.0	33.01194838753436	33981.0	289.969512195122	-9511.0	7684902.0	234524.59716796875	-1131.0	158.68902439024393	-5205.0	34.48170731707317	2641.0	3869.5970695970695	2416.0	-5.779904306220096	-3.3014354066985643	3520.0	4780448.0	98.64412833266479	8.421052631578947	1380.0	
2388.0	10.989130434782608	1242.0	-1.467391304347826	-3.4239130434782608	2568.0	-221.0	0.3313343328335832	-0.1874062968515742	252.0	30791.015625	-0.3778110944527736	-125.0	33.01194838753436	33981.0	298.9634146341464	-9806.0	7685222.0	234534.36279296875	-1232.0	155.0	-5084.0	37.5609756097561	2639.0	3866.6666666666665	2404.0	-5.751196172248804	-4.45933014354067	4172.0	4780304.0	98.64559357054067	9.980861244019138	1864.0	
2451.0	11.891304347826086	1159.0	-2.152173913043478	-3.2391304347826084	2551.0	-213.0	0.3193403298350824	-0.17991004497751123	236.0	30800.78125	-0.3538230884557721	-120.0	33.01194838753436	33981.0	312.8658536585366	-10262.0	7685542.0	234544.12841796875	-1751.0	151.9207317073171	-4983.0	53.38414634146342	2637.0	3863.736263736264	2372.0	-5.6746411483253585	-5.291866028708133	4588.0	4780304.0	98.64559357054067	10.976076555023923	2212.0	
2492.0	12.293478260869565	1122.0	-2.5978260869565215	-2.8369565217391304	2514.0	-218.0	0.3268365817091454	-0.17241379310344826	214.0	30810.546875	-0.32083958020989506	-115.0	33.01194838753436	33981.0	330.1829268292683	-10830.0	7685862.0	234553.89404296875	-2464.0	139.81707317073173	-4586.0	75.1219512195122	2644.0	3873.992673992674	2176.0	-5.205741626794258	-5.69377990430622	4700.0	4780304.0	98.64559357054067	11.24401913875598	2380.0	
2489.0	12.271739130434783	1124.0	-2.5652173913043477	-2.608695652173913	2493.0	-211.0	0.31634182908545727	-0.17841079460269865	196.0	30820.3125	-0.29385307346326833	-119.0	33.01194838753436	33981.0	344.57317073170736	-11302.0	7686182.0	234563.65966796875	-2822.0	120.79268292682929	-3962.0	86.03658536585367	2624.0	3844.6886446886447	2168.0	-5.186602870813397	-5.636363636363636	4688.0	4780304.0	98.64559357054067	11.215311004784688	2356.0	
2477.0	12.271739130434783	1124.0	-2.4347826086956523	-3.5978260869565215	2584.0	-208.0	0.3118440779610195	-0.15592203898050974	175.0	30830.078125	-0.2623688155922039	-104.0	33.01194838753436	33981.0	358.0487804878049	-11744.0	7686502.0	234573.42529296875	-2501.0	100.76219512195122	-3305.0	76.25	2637.0	3863.736263736264	2120.0	-5.071770334928229	-5.38755980861244	4764.0	4780304.0	98.64559357054067	11.39712918660287	2252.0	
2635.0	10.489130434782608	1288.0	-4.1521739130434785	-5.630434782608695	2771.0	-205.0	0.3073463268365817	-0.1619190404797601	150.0	30839.84375	-0.22488755622188905	-108.0	33.01194838753436	33981.0	358.9024390243903	-11772.0	7686822.0	234583.19091796875	-2146.0	159.2378048780488	-5223.0	65.42682926829269	2643.0	3872.5274725274726	3412.0	-8.16267942583732	-6.717703349282297	4232.0	4780400.0	98.64461674520787	10.124401913875598	2808.0	
2816.0	9.01086956521739	1424.0	-6.119565217391304	-3.7282608695652173	2596.0	-194.0	0.2908545727136432	-0.14692653673163417	123.0	30849.609375	-0.18440779610194902	-98.0	33.01194838753436	33981.0	346.25000000000006	-11357.0	7687142.0	234592.95654296875	-2623.0	203.71951219512198	-6682.0	79.96951219512196	2628.0	3850.5494505494507	2580.0	-6.172248803827751	-9.598086124401913	3340.0	4780400.0	98.64461674520787	7.990430622009569	4012.0	
2803.0	9.25	1402.0	-5.978260869565217	-2.4891304347826084	2482.0	-183.0	0.27436281859070466	-0.12743628185907047	113.0	30859.375	-0.16941529235382308	-85.0	33.01194838753436	33981.0	337.9268292682927	-11084.0	7687462.0	234602.72216796875	-2608.0	183.62804878048783	-6023.0	79.51219512195122	2638.0	3865.2014652014655	2120.0	-5.071770334928229	-9.68421052631579	3332.0	4780400.0	98.64461674520787	7.971291866028708	4048.0	
2775.0	9.945652173913043	1338.0	-5.673913043478261	-1.467391304347826	2388.0	-179.0	0.26836581709145424	-0.1169415292353823	99.0	30869.140625	-0.14842578710644677	-78.0	33.01194838753436	33981.0	333.9939024390244	-10955.0	7687782.0	234612.48779296875	-1936.0	163.9939024390244	-5379.0	59.024390243902445	2645.0	3875.4578754578756	1720.0	-4.114832535885167	-9.196172248803828	3684.0	4780400.0	98.64461674520787	8.813397129186603	3844.0	
2776.0	9.91304347826087	1341.0	-5.684782608695652	-0.7826086956521738	2325.0	-167.0	0.25037481259370314	-0.09895052473763118	79.0	30878.90625	-0.1184407796101949	-66.0	33.01194838753436	33981.0	342.37804878048786	-11230.0	7688102.0	234622.25341796875	-1735.0	140.51829268292684	-4609.0	52.896341463414636	2649.0	3881.3186813186812	1372.0	-3.2822966507177034	-9.167464114832535	3672.0	4780400.0	98.64461674520787	8.78468899521531	3832.0	
2822.0	8.978260869565217	1427.0	-6.184782608695652	-0.2826086956521739	2279.0	-158.0	0.2368815592203898	-0.07646176911544228	60.0	30888.671875	-0.08995502248875561	-51.0	33.01194838753436	33981.0	355.4878048780488	-11660.0	7688422.0	234632.01904296875	-1701.0	118.04878048780489	-3872.0	51.85975609756098	2649.0	3881.3186813186812	1160.0	-2.77511961722488	-9.655502392344497	3264.0	4780480.0	98.64380272434843	7.8086124401913874	4036.0	
2907.0	7.880434782608695	1528.0	-7.108695652173913	0.10869565217391304	2243.0	-153.0	0.22938530734632684	-0.06596701649175413	43.0	30898.4375	-0.06446776611694152	-44.0	33.01194838753436	33981.0	360.9756097560976	-11840.0	7688742.0	234641.78466796875	-1458.0	97.43902439024392	-3196.0	44.451219512195124	2648.0	3879.8534798534797	976.0	-2.3349282296650715	-10.717703349282296	2744.0	4780480.0	98.64380272434843	6.564593301435407	4480.0	
3016.0	7.021739130434782	1607.0	-8.293478260869565	0.2717391304347826	2228.0	-142.0	0.2128935532233883	-0.026986506746626684	30.0	30908.203125	-0.04497751124437781	-18.0	33.01194838753436	33981.0	352.5914634146342	-11565.0	7689062.0	234651.55029296875	-1072.0	79.84756097560977	-2619.0	32.6829268292683	2639.0	3866.6666666666665	840.0	-2.0095693779904304	-12.191387559808613	2392.0	4780480.0	98.64380272434843	5.722488038277512	5096.0	
3138.0	6.8478260869565215	1623.0	-9.619565217391305	0.16304347826086957	2238.0	-142.0	0.2128935532233883	-0.010494752623688156	14.0	30917.96875	-0.020989505247376312	-7.0	33.01194838753436	33981.0	343.7804878048781	-11276.0	7689382.0	234661.31591796875	-626.0	67.07317073170732	-2200.0	19.085365853658537	2626.0	3847.6190476190477	888.0	-2.124401913875598	-13.70334928229665	2288.0	4780480.0	98.64380272434843	5.473684210526316	5728.0	
3258.0	7.206521739130435	1590.0	-10.92391304347826	0.16304347826086957	2238.0	-139.0	0.2083958020989505	0.014992503748125937	0.0	30927.734375	0.0	10.0	33.01194838753436	33981.0	340.3658536585366	-11164.0	7689702.0	234671.08154296875	-103.0	57.957317073170735	-1901.0	3.1402439024390247	2627.0	3849.084249084249	880.0	-2.1052631578947367	-15.167464114832535	2456.0	4780480.0	98.64380272434843	5.875598086124402	6340.0	
3369.0	8.032608695652174	1514.0	-12.130434782608695	0.15217391304347827	2239.0	-134.0	0.20089955022488756	0.031484257871064465	-11.0	30937.5	0.01649175412293853	21.0	33.01194838753436	33981.0	340.88414634146346	-11181.0	7690022.0	234680.84716796875	374.0	49.54268292682927	-1625.0	-11.402439024390246	2644.0	3873.992673992674	912.0	-2.1818181818181817	-16.564593301435405	2820.0	4780560.0	98.64298870371736	6.746411483253588	6924.0	
3460.0	8.978260869565217	1427.0	-13.119565217391305	-0.11956521739130435	2264.0	-134.0	0.20089955022488756	0.06896551724137931	-17.0	30947.265625	0.025487256371814093	46.0	33.01194838753436	33981.0	344.6036585365854	-11303.0	7690342.0	234690.61279296875	639.0	44.32926829268293	-1454.0	-19.481707317073173	2634.0	3859.3406593406594	1016.0	-2.430622009569378	-17.636363636363637	3220.0	4780560.0	98.64298870371736	7.70334928229665	7372.0	
3529.0	9.608695652173912	1369.0	-13.869565217391305	-0.32608695652173914	2283.0	-135.0	0.20239880059970014	0.10044977511244378	-28.0	30957.03125	0.041979010494752625	67.0	33.01194838753436	33981.0	347.469512195122	-11397.0	7690662.0	234700.37841796875	723.0	41.676829268292686	-1367.0	-22.04268292682927	2632.0	3856.4102564102564	1136.0	-2.7177033492822966	-18.48803827751196	3548.0	4780560.0	98.64298870371736	8.488038277511961	7728.0	
3570.0	10.206521739130434	1314.0	-14.315217391304348	-0.5217391304347826	2301.0	-136.0	0.20389805097451275	0.12293853073463268	-33.0	30966.796875	0.04947526236881559	82.0	33.01194838753436	33981.0	347.7743902439025	-11407.0	7690982.0	234710.14404296875	622.0	40.487804878048784	-1328.0	-18.963414634146343	2647.0	3878.388278388278	1176.0	-2.813397129186603	-18.717703349282296	3676.0	4780560.0	98.64298870371736	8.794258373205741	7824.0	
3580.0	10.619565217391305	1276.0	-14.42391304347826	-0.358695652173913	2286.0	-123.0	0.18440779610194902	0.15442278860569714	-37.0	30976.5625	0.05547226386806597	103.0	33.01194838753436	33981.0	344.6036585365854	-11303.0	7691302.0	234719.90966796875	265.0	40.00000000000001	-1312.0	-8.079268292682928	2641.0	3869.5970695970695	1180.0	-2.8229665071770333	-18.92822966507177	3920.0	4780560.0	98.64298870371736	9.37799043062201	7912.0	
3542.0	11.152173913043478	1227.0	-14.01086956521739	-0.17391304347826086	2269.0	-131.0	0.19640179910044978	0.17391304347826086	-48.0	30986.328125	0.07196401799100449	116.0	33.01194838753436	33981.0	337.3475609756098	-11065.0	7691622.0	234729.67529296875	-319.0	36.82926829268293	-1208.0	9.725609756097562	2634.0	3859.3406593406594	1100.0	-2.631578947368421	-18.650717703349283	4164.0	4780336.0	98.64526796205986	9.961722488038276	7796.0	
3468.0	11.565217391304348	1189.0	-13.206521739130434	0.11956521739130435	2242.0	-123.0	0.18440779610194902	0.2128935532233883	-47.0	30996.09375	0.0704647676161919	142.0	33.01194838753436	33981.0	327.4085365853659	-10739.0	7691942.0	234739.44091796875	-987.0	32.19512195121951	-1056.0	30.09146341463415	2642.0	3871.062271062271	964.0	-2.3062200956937797	-17.971291866028707	4420.0	4780336.0	98.64526796205986	10.574162679425838	7512.0	
3401.0	11.619565217391305	1184.0	-12.478260869565217	0.30434782608695654	2225.0	-129.0	0.1934032983508246	0.24137931034482757	-48.0	31005.859375	0.07196401799100449	161.0	33.01194838753436	33981.0	314.359756097561	-10311.0	7692262.0	234749.20654296875	-1601.0	27.378048780487806	-898.0	48.8109756097561	2631.0	3854.945054945055	876.0	-2.0956937799043063	-16.94736842105263	4488.0	4780336.0	98.64526796205986	10.736842105263158	7084.0	
3304.0	11.293478260869565	1214.0	-11.42391304347826	0.22826086956521738	2232.0	-117.0	0.17541229385307347	0.2593703148425787	-50.0	31015.625	0.07496251874062969	173.0	33.01194838753436	33981.0	294.359756097561	-9655.0	7692582.0	234758.97216796875	-2195.0	23.201219512195124	-761.0	66.92073170731707	2630.0	3853.479853479854	828.0	-1.9808612440191387	-15.808612440191387	4372.0	4780336.0	98.64526796205986	10.459330143540669	6608.0	
3215.0	10.771739130434783	1262.0	-10.456521739130434	0.5	2207.0	-124.0	0.18590704647676162	0.29235382308845576	-51.0	31025.390625	0.07646176911544228	195.0	33.01194838753436	33981.0	267.4085365853659	-8771.0	7692902.0	234768.73779296875	-2700.0	18.932926829268293	-621.0	82.31707317073172	2652.0	3885.714285714286	768.0	-1.8373205741626792	-14.794258373205741	4172.0	4780336.0	98.64526796205986	9.980861244019138	6184.0	
3159.0	10.271739130434783	1308.0	-9.847826086956522	0.8369565217391304	2176.0	-126.0	0.1889055472263868	0.29985007496251875	-56.0	31035.15625	0.08395802098950525	200.0	33.01194838753436	33981.0	236.76829268292684	-7766.0	7693222.0	234778.50341796875	-3091.0	11.341463414634147	-372.0	94.23780487804879	2629.0	3852.0146520146523	596.0	-1.4258373205741626	-13.84688995215311	3972.0	4780384.0	98.64477954940716	9.502392344497608	5788.0	
3092.0	9.619565217391305	1368.0	-9.119565217391305	1.1739130434782608	2145.0	-123.0	0.18440779610194902	0.32233883058470764	-46.0	31044.921875	0.06896551724137931	215.0	33.01194838753436	33981.0	205.4878048780488	-6740.0	7693542.0	234788.26904296875	-3298.0	2.7439024390243905	-90.0	100.54878048780489	2637.0	3863.736263736264	456.0	-1.0909090909090908	-13.014354066985645	3664.0	4780384.0	98.64477954940716	8.76555023923445	5440.0	
3046.0	8.66304347826087	1456.0	-8.619565217391305	1.467391304347826	2118.0	-121.0	0.18140929535232383	0.33883058470764615	-45.0	31054.6875	0.06746626686656672	226.0	33.01194838753436	33981.0	173.2926829268293	-5684.0	7693862.0	234798.03466796875	-3407.0	-5.0304878048780495	165.0	103.8719512195122	2657.0	3893.040293040293	344.0	-0.8229665071770335	-12.373205741626794	3228.0	4780384.0	98.64477954940716	7.722488038277512	5172.0	
3016.0	7.478260869565217	1565.0	-8.293478260869565	1.5434782608695652	2111.0	-121.0	0.18140929535232383	0.34782608695652173	-46.0	31064.453125	0.06896551724137931	232.0	33.01194838753436	33981.0	141.09756097560978	-4628.0	7694182.0	234807.80029296875	-3328.0	-13.04878048780488	428.0	101.46341463414635	2642.0	3871.062271062271	276.0	-0.6602870813397129	-12.038277511961722	2700.0	4780384.0	98.64477954940716	6.45933014354067	5032.0	
2999.0	6.25	1678.0	-8.108695652173912	1.6956521739130435	2097.0	-122.0	0.1829085457271364	0.3613193403298351	-48.0	31074.21875	0.07196401799100449	241.0	33.01194838753436	33981.0	108.14024390243904	-3547.0	7694502.0	234817.56591796875	-2950.0	-18.201219512195124	597.0	89.93902439024392	2650.0	3882.7838827838827	228.0	-0.5454545454545454	-11.971291866028707	2136.0	4780384.0	98.64477954940716	5.110047846889952	5004.0	
3019.0	5.326086956521739	1763.0	-8.326086956521738	1.6195652173913042	2104.0	-132.0	0.19790104947526235	0.3583208395802099	-47.0	31083.984375	0.0704647676161919	239.0	33.01194838753436	33981.0	75.79268292682927	-2486.0	7694822.0	234827.33154296875	-2346.0	-19.725609756097562	647.0	71.52439024390245	2616.0	3832.967032967033	208.0	-0.49760765550239233	-12.038277511961722	1720.0	4780432.0	98.64429113683669	4.114832535885167	5032.0	
3023.0	4.989130434782608	1794.0	-8.369565217391305	1.6630434782608696	2100.0	-128.0	0.191904047976012	0.36431784107946025	-39.0	31093.75	0.05847076461769115	243.0	33.01194838753436	33981.0	45.97560975609756	-1508.0	7695142.0	234837.09716796875	-1448.0	-18.140243902439025	595.0	44.146341463414636	2643.0	3872.5274725274726	188.0	-0.4497607655502392	-12.038277511961722	1536.0	4780432.0	98.64429113683669	3.6746411483253585	5032.0	
3016.0	5.119565217391304	1782.0	-8.293478260869565	1.5869565217391304	2107.0	-134.0	0.20089955022488756	0.36431784107946025	-43.0	31103.515625	0.06446776611694152	243.0	33.01194838753436	33981.0	25.60975609756098	-840.0	7695462.0	234846.86279296875	-304.0	-16.128048780487806	529.0	9.26829268292683	2638.0	3865.2014652014655	180.0	-0.43062200956937796	-11.913875598086124	1528.0	4780432.0	98.64429113683669	3.6555023923444976	4980.0	
2996.0	5.206521739130435	1774.0	-8.076086956521738	1.5326086956521738	2112.0	-133.0	0.19940029985007496	0.3703148425787106	-49.0	31113.28125	0.07346326836581708	247.0	33.01194838753436	33981.0	12.53048780487805	-411.0	7695782.0	234856.62841796875	835.0	-11.981707317073171	393.0	-25.457317073170735	2634.0	3859.3406593406594	192.0	-0.4593301435406698	-11.732057416267942	1580.0	4780432.0	98.64429113683669	3.7799043062200957	4904.0	
2960.0	5.565217391304348	1741.0	-7.684782608695652	1.3369565217391304	2130.0	-138.0	0.20689655172413793	0.37631184407796103	-41.0	31123.046875	0.06146926536731634	251.0	33.01194838753436	33981.0	2.713414634146342	-89.0	7696102.0	234866.39404296875	1809.0	-4.573170731707317	150.0	-55.15243902439025	2647.0	3878.388278388278	252.0	-0.6028708133971291	-11.330143540669855	1664.0	4780432.0	98.64429113683669	3.9808612440191387	4736.0	
2917.0	5.869565217391304	1713.0	-7.217391304347826	1.25	2138.0	-131.0	0.19640179910044978	0.3793103448275862	-40.0	31132.8125	0.05997001499250375	253.0	33.01194838753436	33981.0	-4.878048780487806	160.0	7696422.0	234876.15966796875	2632.0	3.0182926829268295	-99.0	-80.2439024390244	2638.0	3865.2014652014655	336.0	-0.8038277511961722	-10.794258373205741	1824.0	4780208.0	98.64657039620234	4.363636363636363	4512.0	
2874.0	6.413043478260869	1663.0	-6.75	0.967391304347826	2164.0	-131.0	0.19640179910044978	0.37631184407796103	-43.0	31142.578125	0.06446776611694152	251.0	33.01194838753436	33981.0	-9.02439024390244	296.0	7696742.0	234885.92529296875	3371.0	13.140243902439025	-431.0	-102.77439024390245	2650.0	3882.7838827838827	448.0	-1.0717703349282297	-10.31578947368421	2048.0	4780208.0	98.64657039620234	4.899521531100478	4312.0	
2831.0	6.989130434782608	1610.0	-6.282608695652174	1.0434782608695652	2157.0	-122.0	0.1829085457271364	0.383808095952024	-38.0	31152.34375	0.05697151424287856	256.0	33.01194838753436	33981.0	-11.036585365853659	362.0	7697062.0	234895.69091796875	3917.0	21.890243902439025	-718.0	-119.42073170731709	2645.0	3875.4578754578756	456.0	-1.0909090909090908	-9.866028708133971	2324.0	4780208.0	98.64657039620234	5.559808612440191	4124.0	
2806.0	7.771739130434782	1538.0	-6.010869565217392	0.9782608695652174	2163.0	-120.0	0.17991004497751123	0.37631184407796103	-41.0	31162.109375	0.06146926536731634	251.0	33.01194838753436	33981.0	-10.823170731707318	355.0	7697382.0	234905.45654296875	4318.0	29.29878048780488	-961.0	-131.64634146341464	2636.0	3862.2710622710624	448.0	-1.0717703349282297	-9.368421052631579	2640.0	4780208.0	98.64657039620234	6.315789473684211	3916.0	
2767.0	8.48913043478261	1472.0	-5.58695652173913	0.9347826086956521	2167.0	-114.0	0.17091454272863568	0.38080959520239877	-39.0	31171.875	0.05847076461769115	254.0	33.01194838753436	33981.0	-10.609756097560977	348.0	7697702.0	234915.22216796875	4586.0	36.4329268292683	-1195.0	-139.81707317073173	2637.0	3863.736263736264	484.0	-1.1578947368421053	-8.91866028708134	2992.0	4780208.0	98.64657039620234	7.157894736842105	3728.0	
2749.0	9.108695652173912	1415.0	-5.391304347826087	0.9456521739130435	2166.0	-110.0	0.1649175412293853	0.38830584707646176	-43.0	31181.640625	0.06446776611694152	259.0	33.01194838753436	33981.0	-9.481707317073171	311.0	7698022.0	234924.98779296875	4812.0	42.43902439024391	-1392.0	-146.70731707317074	2642.0	3871.062271062271	460.0	-1.1004784688995215	-8.631578947368421	3252.0	4780432.0	98.64429113683669	7.779904306220096	3608.0	
2722.0	9.23913043478261	1403.0	-5.0978260869565215	1.0543478260869565	2156.0	-112.0	0.1679160419790105	0.383808095952024	-40.0	31191.40625	0.05997001499250375	256.0	33.01194838753436	33981.0	-7.865853658536586	258.0	7698342.0	234934.75341796875	4700.0	43.9329268292683	-1441.0	-143.2926829268293	2622.0	3841.758241758242	432.0	-1.0334928229665072	-8.258373205741627	3364.0	4780432.0	98.64429113683669	8.047846889952153	3452.0	
2706.0	9.358695652173912	1392.0	-4.923913043478261	1.065217391304348	2155.0	-112.0	0.1679160419790105	0.383808095952024	-40.0	31201.171875	0.05997001499250375	256.0	33.01194838753436	33981.0	-9.390243902439025	308.0	7698662.0	234944.51904296875	4382.0	45.701219512195124	-1499.0	-133.59756097560978	2641.0	3869.5970695970695	472.0	-1.1291866028708133	-8.047846889952153	3416.0	4780432.0	98.64429113683669	8.17224880382775	3364.0	
2700.0	9.347826086956522	1393.0	-4.858695652173913	1.184782608695652	2144.0	-101.0	0.15142428785607195	0.38830584707646176	-50.0	31210.9375	0.07496251874062969	259.0	33.01194838753436	33981.0	-16.03658536585366	526.0	7698982.0	234954.28466796875	3971.0	46.98170731707317	-1541.0	-121.06707317073172	2638.0	3865.2014652014655	428.0	-1.0239234449760766	-8.047846889952153	3460.0	4780432.0	98.64429113683669	8.277511961722487	3364.0	
2696.0	9.456521739130434	1383.0	-4.815217391304348	1.2826086956521738	2135.0	-101.0	0.15142428785607195	0.38830584707646176	-50.0	31220.703125	0.07496251874062969	259.0	33.01194838753436	33981.0	-25.457317073170735	835.0	7699302.0	234964.05029296875	3438.0	44.207317073170735	-1450.0	-104.81707317073172	2634.0	3859.3406593406594	396.0	-0.9473684210526315	-8.009569377990431	3532.0	4780432.0	98.64429113683669	8.44976076555024	3348.0	
2701.0	9.75	1356.0	-4.869565217391305	1.2173913043478262	2141.0	-104.0	0.15592203898050974	0.3988005997001499	-46.0	31230.46875	0.06896551724137931	266.0	33.01194838753436	33981.0	-37.13414634146342	1218.0	7699622.0	234973.81591796875	2971.0	39.207317073170735	-1286.0	-90.57926829268294	2646.0	3876.923076923077	420.0	-1.0047846889952152	-8.066985645933014	3668.0	4780192.0	98.64673320051125	8.77511961722488	3372.0	
2708.0	9.91304347826087	1341.0	-4.945652173913043	1.2391304347826086	2139.0	-98.0	0.14692653673163417	0.38980509745127434	-48.0	31240.234375	0.07196401799100449	260.0	33.01194838753436	33981.0	-49.90853658536586	1637.0	7699942.0	234983.58154296875	2617.0	32.80487804878049	-1076.0	-79.78658536585367	2647.0	3878.388278388278	408.0	-0.9760765550239234	-8.153110047846889	3748.0	4780192.0	98.64673320051125	8.966507177033492	3408.0	
2722.0	10.0	1333.0	-5.0978260869565215	1.1304347826086956	2149.0	-85.0	0.12743628185907047	0.39430284857571213	-43.0	31250.0	0.06446776611694152	263.0	33.01194838753436	33981.0	-63.90243902439025	2096.0	7700262.0	234993.34716796875	2269.0	25.0609756097561	-822.0	-69.17682926829269	2640.0	3868.131868131868	480.0	-1.1483253588516746	-8.354066985645932	3800.0	4780192.0	98.64673320051125	9.09090909090909	3492.0	
2744.0	10.032608695652174	1330.0	-5.33695652173913	1.076086956521739	2154.0	-86.0	0.12893553223388304	0.3868065967016492	-50.0	31259.765625	0.07496251874062969	258.0	33.01194838753436	33981.0	-79.39024390243902	2604.0	7700582.0	235003.11279296875	1939.0	17.28658536585366	-567.0	-59.115853658536594	2645.0	3875.4578754578756	504.0	-1.2057416267942582	-8.497607655502392	3792.0	4780192.0	98.64673320051125	9.07177033492823	3552.0	
2762.0	9.695652173913043	1361.0	-5.532608695652174	1.065217391304348	2155.0	-86.0	0.12893553223388304	0.38080959520239877	-48.0	31269.53125	0.07196401799100449	254.0	33.01194838753436	33981.0	-95.91463414634147	3146.0	7700902.0	235012.87841796875	1646.0	5.152439024390245	-169.0	-50.1829268292683	2635.0	3860.805860805861	452.0	-1.0813397129186602	-8.77511961722488	3708.0	4780192.0	98.64673320051125	8.870813397129186	3668.0	
2785.0	9.467391304347826	1382.0	-5.782608695652174	0.717391304347826	2187.0	-82.0	0.12293853073463268	0.36881559220389803	-53.0	31279.296875	0.07946026986506746	246.0	33.01194838753436	33981.0	-114.87804878048782	3768.0	7701222.0	235022.64404296875	1534.0	-4.329268292682928	142.0	-46.768292682926834	2647.0	3878.388278388278	604.0	-1.444976076555024	-8.976076555023923	3556.0	4780240.0	98.6462447876119	8.507177033492823	3752.0	
2808.0	9.41304347826087	1387.0	-6.032608695652174	0.5869565217391304	2199.0	-81.0	0.12143928035982009	0.36731634182908546	-51.0	31289.0625	0.07646176911544228	245.0	33.01194838753436	33981.0	-137.01219512195124	4494.0	7701542.0	235032.40966796875	1481.0	-13.871951219512196	455.0	-45.15243902439025	2637.0	3863.736263736264	712.0	-1.7033492822966507	-9.291866028708133	3504.0	4780240.0	98.6462447876119	8.382775119617225	3884.0	
2835.0	9.771739130434783	1354.0	-6.326086956521739	0.2391304347826087	2231.0	-81.0	0.12143928035982009	0.35982008995502246	-47.0	31298.828125	0.0704647676161919	240.0	33.01194838753436	33981.0	-157.89634146341464	5179.0	7701862.0	235042.17529296875	1435.0	-21.402439024390247	702.0	-43.75000000000001	2628.0	3850.5494505494507	824.0	-1.971291866028708	-9.665071770334928	3628.0	4780240.0	98.6462447876119	8.679425837320574	4040.0	
2861.0	10.130434782608695	1321.0	-6.608695652173913	0.16304347826086957	2238.0	-83.0	0.12443778110944527	0.3493253373313343	-58.0	31308.59375	0.08695652173913043	233.0	33.01194838753436	33981.0	-173.47560975609758	5690.0	7702182.0	235051.94091796875	1412.0	-27.621951219512198	906.0	-43.04878048780488	2642.0	3871.062271062271	892.0	-2.1339712918660285	-10.16267942583732	3836.0	4780240.0	98.6462447876119	9.177033492822966	4248.0	
2914.0	10.369565217391305	1299.0	-7.184782608695652	-0.08695652173913043	2261.0	-89.0	0.13343328335832083	0.3313343328335832	-51.0	31318.359375	0.07646176911544228	221.0	33.01194838753436	33981.0	-186.5548780487805	6119.0	7702502.0	235061.70654296875	1384.0	-33.201219512195124	1089.0	-42.19512195121952	2634.0	3859.3406593406594	976.0	-2.3349282296650715	-10.641148325358852	3936.0	4780240.0	98.6462447876119	9.416267942583731	4448.0	
2936.0	10.434782608695652	1293.0	-7.423913043478261	-0.22826086956521738	2274.0	-89.0	0.13343328335832083	0.32083958020989506	-57.0	31328.125	0.08545727136431784	214.0	33.01194838753436	33981.0	-200.2439024390244	6568.0	7702822.0	235071.47216796875	1409.0	-37.43902439024391	1228.0	-42.957317073170735	2634.0	3859.3406593406594	1056.0	-2.526315789473684	-11.081339712918659	3964.0	4780336.0	98.64526796205986	9.483253588516746	4632.0	
2979.0	10.5	1287.0	-7.891304347826087	-0.33695652173913043	2284.0	-83.0	0.12443778110944527	0.29235382308845576	-66.0	31337.890625	0.09895052473763118	195.0	33.01194838753436	33981.0	-214.359756097561	7031.0	7703142.0	235081.23779296875	1448.0	-41.79878048780488	1371.0	-44.146341463414636	2640.0	3868.131868131868	1076.0	-2.574162679425837	-11.569377990430622	3948.0	4780336.0	98.64526796205986	9.444976076555024	4836.0	
3006.0	10.347826086956522	1301.0	-8.184782608695652	-0.3695652173913043	2287.0	-94.0	0.1409295352323838	0.2833583208395802	-59.0	31347.65625	0.08845577211394302	189.0	33.01194838753436	33981.0	-227.68292682926833	7468.0	7703462.0	235091.00341796875	1493.0	-46.61585365853659	1529.0	-45.518292682926834	2648.0	3879.8534798534797	1124.0	-2.688995215311005	-11.923444976076555	3920.0	4780336.0	98.64526796205986	9.37799043062201	4984.0	
3031.0	10.239130434782608	1311.0	-8.456521739130434	-0.4782608695652174	2297.0	-94.0	0.1409295352323838	0.2623688155922039	-60.0	31357.421875	0.08995502248875561	175.0	33.01194838753436	33981.0	-241.28048780487808	7914.0	7703782.0	235100.76904296875	1496.0	-53.14024390243903	1743.0	-45.60975609756098	2639.0	3866.6666666666665	1156.0	-2.7655502392344498	-12.16267942583732	3880.0	4780336.0	98.64526796205986	9.282296650717702	5084.0	
3033.0	10.184782608695652	1316.0	-8.478260869565217	-0.6956521739130435	2317.0	-104.0	0.15592203898050974	0.24587706146926536	-55.0	31367.1875	0.08245877061469264	164.0	33.01194838753436	33981.0	-256.1585365853659	8402.0	7704102.0	235110.53466796875	1542.0	-59.90853658536586	1965.0	-47.01219512195122	2637.0	3863.736263736264	1292.0	-3.090909090909091	-12.325358851674642	3852.0	4780336.0	98.64526796205986	9.215311004784688	5152.0	
3047.0	10.358695652173912	1300.0	-8.630434782608695	-0.8043478260869565	2327.0	-96.0	0.14392803598200898	0.22638680659670163	-61.0	31376.953125	0.0914542728635682	151.0	33.01194838753436	33981.0	-272.2256097560976	8929.0	7704422.0	235120.30029296875	1642.0	-65.94512195121952	2163.0	-50.0609756097561	2633.0	3857.875457875458	1340.0	-3.2057416267942584	-12.4688995215311	3936.0	4780096.0	98.6477100265566	9.416267942583731	5212.0	
3038.0	10.728260869565217	1266.0	-8.532608695652174	-0.8695652173913043	2333.0	-106.0	0.15892053973013492	0.20239880059970014	-59.0	31386.71875	0.08845577211394302	135.0	33.01194838753436	33981.0	-286.0975609756098	9384.0	7704742.0	235130.06591796875	1814.0	-73.68902439024392	2417.0	-55.304878048780495	2645.0	3875.4578754578756	1416.0	-3.38755980861244	-12.679425837320574	4148.0	4780096.0	98.6477100265566	9.923444976076555	5300.0	
3076.0	11.326086956521738	1211.0	-8.945652173913043	-1.0434782608695652	2349.0	-103.0	0.15442278860569714	0.18440779610194902	-48.0	31396.484375	0.07196401799100449	123.0	33.01194838753436	33981.0	-296.3719512195122	9721.0	7705062.0	235139.83154296875	2083.0	-81.6158536585366	2677.0	-63.50609756097562	2644.0	3873.992673992674	1448.0	-3.464114832535885	-12.956937799043061	4360.0	4780096.0	98.6477100265566	10.430622009569378	5416.0	
3089.0	11.58695652173913	1187.0	-9.08695652173913	-1.0978260869565217	2354.0	-112.0	0.1679160419790105	0.14992503748125938	-42.0	31406.25	0.06296851574212893	100.0	33.01194838753436	33981.0	-302.5	9922.0	7705382.0	235149.59716796875	2302.0	-92.31707317073172	3028.0	-70.1829268292683	2645.0	3875.4578754578756	1484.0	-3.5502392344497604	-13.052631578947368	4456.0	4780096.0	98.6477100265566	10.660287081339712	5456.0	
3093.0	11.66304347826087	1180.0	-9.130434782608695	-1.2173913043478262	2365.0	-113.0	0.16941529235382308	0.1394302848575712	-44.0	31416.015625	0.06596701649175413	93.0	33.01194838753436	33981.0	-311.00609756097566	10201.0	7705702.0	235159.36279296875	2514.0	-104.93902439024392	3442.0	-76.64634146341464	2644.0	3873.992673992674	1504.0	-3.5980861244019136	-13.09090909090909	4476.0	4780096.0	98.6477100265566	10.708133971291865	5472.0	
3091.0	11.630434782608695	1183.0	-9.108695652173912	-1.434782608695652	2385.0	-121.0	0.18140929535232383	0.10794602698650674	-38.0	31425.78125	0.05697151424287856	72.0	33.01194838753436	33981.0	-319.0548780487805	10465.0	7706022.0	235169.12841796875	2657.0	-119.32926829268294	3914.0	-81.00609756097562	2634.0	3859.3406593406594	1580.0	-3.7799043062200957	-13.07177033492823	4464.0	4780432.0	98.64429113683669	10.679425837320574	5464.0	
3088.0	11.967391304347826	1152.0	-9.076086956521738	-1.684782608695652	2408.0	-126.0	0.1889055472263868	0.08545727136431784	-28.0	31435.546875	0.041979010494752625	57.0	33.01194838753436	33981.0	-326.6463414634147	10714.0	7706342.0	235178.89404296875	2656.0	-132.13414634146343	4334.0	-80.97560975609757	2648.0	3879.8534798534797	1716.0	-4.105263157894736	-13.023923444976075	4552.0	4780432.0	98.64429113683669	10.889952153110048	5444.0	
3064.0	12.16304347826087	1134.0	-8.815217391304348	-1.9456521739130435	2432.0	-138.0	0.20689655172413793	0.06146926536731634	-13.0	31445.3125	0.019490254872563718	41.0	33.01194838753436	33981.0	-330.82317073170736	10851.0	7706662.0	235188.65966796875	2471.0	-143.38414634146343	4703.0	-75.33536585365854	2636.0	3862.2710622710624	1796.0	-4.296650717703349	-12.746411483253588	4676.0	4780432.0	98.64429113683669	11.186602870813397	5328.0	
3025.0	12.369565217391305	1115.0	-8.391304347826086	-2.3260869565217392	2467.0	-151.0	0.22638680659670163	0.04047976011994003	-1.0	31455.078125	0.0014992503748125937	27.0	33.01194838753436	33981.0	-332.50000000000006	10906.0	7706982.0	235198.42529296875	2286.0	-150.21341463414635	4927.0	-69.69512195121952	2632.0	3856.4102564102564	1980.0	-4.7368421052631575	-12.354066985645932	4772.0	4780432.0	98.64429113683669	11.416267942583731	5164.0	
2988.0	12.51086956521739	1102.0	-7.989130434782608	-2.510869565217391	2484.0	-154.0	0.23088455772113942	0.013493253373313342	10.0	31464.84375	-0.014992503748125937	9.0	33.01194838753436	33981.0	-331.25000000000006	10865.0	7707302.0	235208.19091796875	2111.0	-156.82926829268294	5144.0	-64.35975609756098	2645.0	3875.4578754578756	2068.0	-4.947368421052631	-12.066985645933014	4856.0	4780432.0	98.64429113683669	11.617224880382775	5044.0	
2983.0	12.67391304347826	1087.0	-7.934782608695652	-2.6739130434782608	2499.0	-162.0	0.24287856071964017	-0.010494752623688156	18.0	31474.609375	-0.026986506746626684	-7.0	33.01194838753436	33981.0	-330.64024390243907	10845.0	7707622.0	235217.95654296875	1878.0	-162.28658536585368	5323.0	-57.25609756097562	2634.0	3859.3406593406594	2140.0	-5.119617224880383	-11.779904306220095	4916.0	4780384.0	98.64477954940716	11.760765550239235	4924.0	
2932.0	12.804347826086957	1075.0	-7.380434782608695	-2.8152173913043477	2512.0	-175.0	0.2623688155922039	-0.020989505247376312	40.0	31484.375	-0.05997001499250375	-14.0	33.01194838753436	33981.0	-327.3475609756098	10737.0	7707942.0	235227.72216796875	1339.0	-168.62804878048783	5531.0	-40.82317073170732	2639.0	3866.6666666666665	2212.0	-5.291866028708133	-11.263157894736842	4972.0	4780384.0	98.64477954940716	11.894736842105262	4708.0	
2915.0	13.380434782608695	1022.0	-7.195652173913043	-2.9565217391304346	2525.0	-185.0	0.2773613193403298	-0.043478260869565216	56.0	31494.140625	-0.08395802098950525	-29.0	33.01194838753436	33981.0	-325.7926829268293	10686.0	7708262.0	235237.48779296875	766.0	-173.50609756097563	5691.0	-23.353658536585368	2638.0	3865.2014652014655	2272.0	-5.435406698564593	-10.899521531100477	5208.0	4780384.0	98.64477954940716	12.459330143540669	4556.0	
2889.0	13.576086956521738	1004.0	-6.913043478260869	-3.0869565217391304	2537.0	-189.0	0.2833583208395802	-0.06596701649175413	67.0	31503.90625	-0.10044977511244378	-44.0	33.01194838753436	33981.0	-322.37804878048786	10574.0	7708582.0	235247.25341796875	427.0	-176.70731707317074	5796.0	-13.01829268292683	2633.0	3857.875457875458	2332.0	-5.578947368421052	-10.602870813397129	5324.0	4780384.0	98.64477954940716	12.736842105263158	4432.0	
2858.0	13.097826086956522	1048.0	-6.576086956521739	-3.0543478260869565	2534.0	-191.0	0.2863568215892054	-0.07796101949025487	81.0	31513.671875	-0.12143928035982009	-52.0	33.01194838753436	33981.0	-316.82926829268297	10392.0	7708902.0	235257.01904296875	322.0	-183.2317073170732	6010.0	-9.817073170731708	2634.0	3859.3406593406594	2312.0	-5.5311004784688995	-10.143540669856458	5076.0	4780384.0	98.64477954940716	12.143540669856458	4240.0	
2804.0	12.402173913043478	1112.0	-5.989130434782608	-3.1956521739130435	2547.0	-202.0	0.3028485757121439	-0.10344827586206896	111.0	31523.4375	-0.1664167916041979	-69.0	33.01194838753436	33981.0	-314.87804878048786	10328.0	7709222.0	235266.78466796875	95.0	-189.5426829268293	6217.0	-2.8963414634146343	2662.0	3900.3663003663005	2436.0	-5.827751196172248	-9.473684210526315	4784.0	4780384.0	98.64477954940716	11.444976076555024	3960.0	
2747.0	11.902173913043478	1158.0	-5.369565217391304	-2.934782608695652	2523.0	-203.0	0.3043478260869565	-0.1199400299850075	125.0	31533.203125	-0.1874062968515742	-80.0	33.01194838753436	33981.0	-314.51219512195127	10316.0	7709542.0	235276.55029296875	17.0	-195.21341463414635	6403.0	-0.5182926829268293	2640.0	3868.131868131868	2244.0	-5.368421052631579	-8.78468899521531	4560.0	4780384.0	98.64477954940716	10.909090909090908	3672.0	
2669.0	11.391304347826086	1205.0	-4.521739130434782	-2.869565217391304	2517.0	-209.0	0.31334332833583206	-0.13193403298350825	143.0	31542.96875	-0.2143928035982009	-88.0	33.01194838753436	33981.0	-312.95731707317077	10265.0	7709862.0	235286.31591796875	102.0	-202.62195121951223	6646.0	-3.1097560975609757	2651.0	3884.2490842490843	2256.0	-5.3971291866028706	-8.0	4340.0	4780384.0	98.64477954940716	10.382775119617225	3344.0	
2636.0	11.032608695652174	1238.0	-4.163043478260869	-2.75	2506.0	-214.0	0.32083958020989506	-0.1424287856071964	164.0	31552.734375	-0.24587706146926536	-95.0	33.01194838753436	33981.0	-312.3475609756098	10245.0	7710182.0	235296.08154296875	320.0	-210.5487804878049	6906.0	-9.756097560975611	2627.0	3849.084249084249	2168.0	-5.186602870813397	-7.358851674641148	4168.0	4780384.0	98.64477954940716	9.971291866028707	3076.0	
2584.0	11.043478260869565	1237.0	-3.5978260869565215	-2.5543478260869565	2488.0	-221.0	0.3313343328335832	-0.15592203898050974	181.0	31562.5	-0.27136431784107945	-104.0	33.01194838753436	33981.0	-307.2865853658537	10079.0	7710502.0	235305.84716796875	413.0	-217.68292682926833	7140.0	-12.591463414634147	2645.0	3875.4578754578756	2108.0	-5.043062200956937	-7.023923444976076	4144.0	4780384.0	98.64477954940716	9.913875598086124	2936.0	
2536.0	11.152173913043478	1227.0	-3.0760869565217392	-2.4782608695652173	2481.0	-224.0	0.335832083958021	-0.17091454272863568	204.0	31572.265625	-0.3058470764617691	-114.0	33.01194838753436	33981.0	-300.3353658536586	9851.0	7710822.0	235315.61279296875	346.0	-220.91463414634148	7246.0	-10.54878048780488	2642.0	3871.062271062271	2036.0	-4.8708133971291865	-6.363636363636363	4192.0	4780672.0	98.64184907521756	10.028708133971291	2660.0	
2483.0	11.152173913043478	1227.0	-2.5	-2.5760869565217392	2490.0	-232.0	0.34782608695652173	-0.15892053973013492	227.0	31582.03125	-0.3403298350824588	-106.0	33.01194838753436	33981.0	-290.8536585365854	9540.0	7711142.0	235325.37841796875	232.0	-219.5426829268293	7201.0	-7.073170731707318	2637.0	3863.736263736264	2104.0	-5.033492822966507	-5.655502392344498	4228.0	4780672.0	98.64184907521756	10.114832535885167	2364.0	
2438.0	10.793478260869565	1260.0	-2.010869565217391	-2.152173913043478	2451.0	-237.0	0.35532233883058467	-0.16941529235382308	249.0	31591.796875	-0.3733133433283358	-113.0	33.01194838753436	33981.0	-278.9329268292683	9149.0	7711462.0	235335.14404296875	233.0	-218.47560975609758	7166.0	-7.103658536585367	2645.0	3875.4578754578756	1884.0	-4.507177033492823	-5.0143540669856455	4072.0	4780672.0	98.64184907521756	9.741626794258373	2096.0	
2390.0	9.804347826086957	1351.0	-1.4891304347826086	-1.967391304347826	2434.0	-235.0	0.3523238380809595	-0.17841079460269865	268.0	31601.5625	-0.4017991004497751	-119.0	33.01194838753436	33981.0	-267.8353658536586	8785.0	7711782.0	235344.90966796875	153.0	-217.34756097560978	7129.0	-4.664634146341464	2627.0	3849.084249084249	1816.0	-4.344497607655502	-4.382775119617225	3664.0	4780672.0	98.64184907521756	8.76555023923445	1832.0	
2348.0	9.043478260869565	1421.0	-1.0326086956521738	-1.6956521739130435	2409.0	-230.0	0.3448275862068965	-0.17241379310344826	290.0	31611.328125	-0.43478260869565216	-115.0	33.01194838753436	33981.0	-259.1463414634147	8500.0	7712102.0	235354.67529296875	-2.0	-211.09756097560978	6924.0	0.06097560975609757	2655.0	3890.10989010989	1696.0	-4.057416267942584	-3.9043062200956937	3272.0	4780672.0	98.64184907521756	7.827751196172248	1632.0	
2327.0	8.51086956521739	1470.0	-0.8043478260869565	-1.576086956521739	2398.0	-229.0	0.34332833583208394	-0.1829085457271364	313.0	31621.09375	-0.46926536731634183	-122.0	33.01194838753436	33981.0	-252.16463414634148	8271.0	7712422.0	235364.44091796875	106.0	-200.64024390243904	6581.0	-3.231707317073171	2631.0	3854.945054945055	1608.0	-3.8468899521531097	-3.4736842105263155	3040.0	4780640.0	98.64217468331469	7.2727272727272725	1452.0	
2291.0	7.663043478260869	1548.0	-0.41304347826086957	-0.717391304347826	2319.0	-227.0	0.3403298350824588	-0.17841079460269865	334.0	31630.859375	-0.5007496251874063	-119.0	33.01194838753436	33981.0	-242.65243902439028	7959.0	7712742.0	235374.20654296875	366.0	-189.39024390243904	6212.0	-11.158536585365855	2635.0	3860.805860805861	1236.0	-2.956937799043062	-3.1196172248803826	2648.0	4780640.0	98.64217468331469	6.3349282296650715	1304.0	
2241.0	6.5978260869565215	1646.0	0.13043478260869565	-0.010869565217391304	2254.0	-231.0	0.34632683658170915	-0.17391304347826086	347.0	31640.625	-0.52023988005997	-116.0	33.01194838753436	33981.0	-231.21951219512198	7584.0	7713062.0	235383.97216796875	653.0	-180.91463414634148	5934.0	-19.908536585365855	2643.0	3872.5274725274726	860.0	-2.0574162679425836	-2.5454545454545454	2168.0	4780640.0	98.64217468331469	5.186602870813397	1064.0	
2197.0	6.108695652173913	1691.0	0.6086956521739131	-0.25	2276.0	-229.0	0.34332833583208394	-0.17691154422788605	365.0	31650.390625	-0.5472263868065966	-118.0	33.01194838753436	33981.0	-220.4268292682927	7230.0	7713382.0	235393.73779296875	948.0	-172.89634146341464	5671.0	-28.902439024390247	2648.0	3879.8534798534797	972.0	-2.325358851674641	-1.9043062200956937	1896.0	4780640.0	98.64217468331469	4.535885167464115	796.0	
2123.0	6.021739130434782	1699.0	1.4130434782608696	-0.5108695652173912	2300.0	-226.0	0.33883058470764615	-0.1619190404797601	384.0	31660.15625	-0.5757121439280359	-108.0	33.01194838753436	33981.0	-204.87804878048783	6720.0	7713702.0	235403.50341796875	1000.0	-167.28658536585368	5487.0	-30.487804878048784	2635.0	3860.805860805861	1124.0	-2.688995215311005	-0.8995215311004784	1880.0	4780640.0	98.64217468331469	4.497607655502392	376.0	
2054.0	6.25	1678.0	2.1630434782608696	0.20652173913043478	2234.0	-230.0	0.3448275862068965	-0.1649175412293853	398.0	31669.921875	-0.5967016491754122	-110.0	33.01194838753436	33981.0	-186.06707317073173	6103.0	7714022.0	235413.26904296875	1065.0	-162.71341463414635	5337.0	-32.46951219512196	2645.0	3875.4578754578756	768.0	-1.8373205741626792	0.03827751196172249	1968.0	4780912.0	98.63940701565387	4.708133971291866	-16.0	
2000.0	6.184782608695652	1684.0	2.75	0.6739130434782609	2191.0	-223.0	0.33433283358320837	-0.14992503748125938	409.0	31679.6875	-0.6131934032983508	-100.0	33.01194838753436	33981.0	-168.32317073170734	5521.0	7714342.0	235423.03466796875	1122.0	-167.25609756097563	5486.0	-34.207317073170735	2638.0	3865.2014652014655	620.0	-1.4832535885167464	0.6889952153110047	1956.0	4780912.0	98.63940701565387	4.679425837320574	-288.0	
1970.0	5.967391304347826	1704.0	3.0760869565217392	0.33695652173913043	2222.0	-221.0	0.3313343328335832	-0.15292353823088456	417.0	31689.453125	-0.6251874062968515	-102.0	33.01194838753436	33981.0	-152.34756097560978	4997.0	7714662.0	235432.80029296875	1001.0	-177.22560975609758	5813.0	-30.51829268292683	2644.0	3873.992673992674	792.0	-1.894736842105263	1.0239234449760766	1880.0	4780912.0	98.63940701565387	4.497607655502392	-428.0	
1935.0	5.413043478260869	1755.0	3.4565217391304346	0.6195652173913043	2196.0	-219.0	0.328335832083958	-0.14992503748125938	436.0	31699.21875	-0.6536731634182908	-100.0	33.01194838753436	33981.0	-135.51829268292684	4445.0	7714982.0	235442.56591796875	1062.0	-172.16463414634148	5647.0	-32.37804878048781	2643.0	3872.5274725274726	572.0	-1.368421052631579	1.2344497607655502	1616.0	4780912.0	98.63940701565387	3.866028708133971	-516.0	
1950.0	4.8478260869565215	1807.0	3.293478260869565	1.2934782608695652	2134.0	-216.0	0.3238380809595202	-0.13343328335832083	446.0	31708.984375	-0.6686656671664167	-89.0	33.01194838753436	33981.0	-122.13414634146342	4006.0	7715302.0	235452.33154296875	956.0	-163.07926829268294	5349.0	-29.146341463414636	2631.0	3854.945054945055	408.0	-0.9760765550239234	1.215311004784689	1488.0	4780912.0	98.63940701565387	3.5598086124401913	-508.0	
1927.0	4.75	1816.0	3.543478260869565	1.6195652173913042	2104.0	-216.0	0.3238380809595202	-0.13043478260869565	458.0	31718.75	-0.6866566716641679	-87.0	33.0218906850554	33983.0	-111.95121951219514	3672.0	7715622.0	235462.09716796875	633.0	-155.27439024390245	5093.0	-19.29878048780488	2644.0	3873.992673992674	192.0	-0.4593301435406698	1.4066985645933014	1336.0	4780912.0	98.64108976971875	3.1961722488038276	-588.0	
1890.0	5.021739130434782	1791.0	3.9456521739130435	1.6304347826086956	2103.0	-212.0	0.31784107946026985	-0.12443778110944527	464.0	31728.515625	-0.6956521739130435	-83.0	33.0218906850554	33983.0	-102.25609756097562	3354.0	7715942.0	235471.86279296875	375.0	-141.46341463414635	4640.0	-11.432926829268293	2649.0	3881.3186813186812	148.0	-0.354066985645933	1.8564593301435406	1412.0	4780912.0	98.64108976971875	3.3779904306220097	-776.0	
1843.0	5.271739130434782	1768.0	4.456521739130435	1.7065217391304348	2096.0	-206.0	0.3088455772113943	-0.12593703148425786	477.0	31738.28125	-0.7151424287856072	-84.0	33.0218906850554	33983.0	-91.92073170731709	3015.0	7716262.0	235481.62841796875	201.0	-125.91463414634147	4130.0	-6.128048780487806	2633.0	3857.875457875458	112.0	-0.2679425837320574	2.478468899521531	1576.0	4780912.0	98.64108976971875	3.7703349282296648	-1036.0	
1804.0	5.260869565217392	1769.0	4.880434782608695	2.0978260869565215	2060.0	-201.0	0.30134932533733133	-0.12293853073463268	484.0	31748.046875	-0.7256371814092953	-82.0	33.0218906850554	33983.0	-79.60365853658537	2611.0	7716582.0	235491.39404296875	59.0	-118.90243902439026	3900.0	-1.7987804878048783	2647.0	3878.388278388278	4.0	-0.009569377990430622	3.004784688995215	1600.0	4780912.0	98.64108976971875	3.827751196172249	-1256.0	
1760.0	4.913043478260869	1801.0	5.358695652173913	1.9130434782608696	2077.0	-197.0	0.29535232383808097	-0.11244377811094453	490.0	31757.8125	-0.7346326836581709	-75.0	33.0218906850554	33983.0	-68.78048780487805	2256.0	7716902.0	235501.15966796875	-3.0	-114.78658536585367	3765.0	0.09146341463414635	2632.0	3856.4102564102564	36.0	-0.08612440191387559	3.588516746411483	1444.0	4780912.0	98.64108976971875	3.4545454545454546	-1500.0	
1711.0	4.641304347826087	1826.0	5.891304347826087	2.1847826086956523	2052.0	-192.0	0.28785607196401797	-0.10794602698650674	499.0	31767.578125	-0.7481259370314842	-72.0	33.0218906850554	33983.0	-60.1219512195122	1972.0	7717222.0	235510.92529296875	-103.0	-106.70731707317074	3500.0	3.1402439024390247	2625.0	3846.153846153846	-168.0	0.4019138755980861	4.220095693779904	1292.0	4779776.0	98.65264905699662	3.090909090909091	-1764.0	
1688.0	4.858695652173913	1806.0	6.141304347826087	2.119565217391304	2058.0	-188.0	0.2818590704647676	-0.10944527736131934	498.0	31777.34375	-0.7466266866566716	-73.0	33.0218906850554	33983.0	-51.493902439024396	1689.0	7717542.0	235520.69091796875	-188.0	-102.59146341463416	3365.0	5.731707317073171	2641.0	3869.5970695970695	-44.0	0.10526315789473684	4.488038277511961	1392.0	4779776.0	98.65264905699662	3.3301435406698565	-1876.0	
1671.0	5.260869565217392	1769.0	6.326086956521739	2.3043478260869565	2041.0	-189.0	0.2833583208395802	-0.11094452773613193	509.0	31787.109375	-0.7631184407796102	-74.0	33.0218906850554	33983.0	-42.86585365853659	1406.0	7717862.0	235530.45654296875	-331.0	-91.67682926829269	3007.0	10.091463414634147	2639.0	3866.6666666666665	-188.0	0.4497607655502392	4.717703349282297	1580.0	4779776.0	98.65264905699662	3.7799043062200957	-1972.0	
1651.0	5.467391304347826	1750.0	6.543478260869565	2.141304347826087	2056.0	-187.0	0.280359820089955	-0.10344827586206896	512.0	31796.875	-0.767616191904048	-69.0	33.0218906850554	33983.0	-34.176829268292686	1121.0	7718182.0	235540.22216796875	-581.0	-82.77439024390245	2715.0	17.713414634146343	2643.0	3872.5274725274726	-72.0	0.17224880382775118	4.851674641148326	1696.0	4779776.0	98.65264905699662	4.057416267942584	-2028.0	
1655.0	5.445652173913043	1752.0	6.5	2.402173913043478	2032.0	-182.0	0.272863568215892	-0.0914542728635682	509.0	31806.640625	-0.7631184407796102	-61.0	33.0218906850554	33983.0	-28.07926829268293	921.0	7718502.0	235549.98779296875	-675.0	-72.43902439024392	2376.0	20.57926829268293	2648.0	3879.8534798534797	-216.0	0.5167464114832536	4.918660287081339	1648.0	4779776.0	98.65264905699662	3.942583732057416	-2056.0	
1654.0	5.217391304347826	1773.0	6.510869565217391	2.2065217391304346	2050.0	-175.0	0.2623688155922039	-0.09895052473763118	516.0	31816.40625	-0.7736131934032984	-66.0	33.0218906850554	33983.0	-21.55487804878049	707.0	7718822.0	235559.75341796875	-778.0	-62.28658536585366	2043.0	23.719512195121954	2634.0	3859.3406593406594	-112.0	0.2679425837320574	4.909090909090909	1592.0	4780112.0	98.64923010807601	3.8086124401913874	-2052.0	
1659.0	5.130434782608695	1781.0	6.456521739130435	2.1847826086956523	2052.0	-173.0	0.2593703148425787	-0.09895052473763118	510.0	31826.171875	-0.7646176911544228	-66.0	33.0218906850554	33983.0	-17.77439024390244	583.0	7719142.0	235569.51904296875	-767.0	-47.43902439024391	1556.0	23.384146341463417	2639.0	3866.6666666666665	-144.0	0.34449760765550236	4.918660287081339	1532.0	4780112.0	98.64923010807601	3.665071770334928	-2056.0	
1643.0	5.141304347826087	1780.0	6.630434782608695	2.130434782608696	2057.0	-170.0	0.25487256371814093	-0.10644677661169415	513.0	31835.9375	-0.7691154422788605	-71.0	33.0218906850554	33983.0	-15.30487804878049	502.0	7719462.0	235579.28466796875	-758.0	-32.80487804878049	1076.0	23.10975609756098	2637.0	3863.736263736264	-124.0	0.2966507177033493	5.023923444976076	1560.0	4780112.0	98.64923010807601	3.7320574162679425	-2100.0	
1633.0	5.228260869565217	1772.0	6.739130434782608	2.1739130434782608	2053.0	-169.0	0.25337331334332835	-0.10344827586206896	520.0	31845.703125	-0.7796101949025487	-69.0	33.0218906850554	33983.0	-11.951219512195124	392.0	7719782.0	235589.05029296875	-733.0	-20.823170731707318	683.0	22.34756097560976	2641.0	3869.5970695970695	-116.0	0.27751196172248804	5.110047846889952	1672.0	4780112.0	98.64923010807601	4.0	-2136.0	
1628.0	5.58695652173913	1739.0	6.793478260869565	1.891304347826087	2079.0	-168.0	0.2518740629685157	-0.09895052473763118	522.0	31855.46875	-0.7826086956521738	-66.0	33.0218906850554	33983.0	-8.597560975609756	282.0	7720102.0	235598.81591796875	-665.0	-12.53048780487805	411.0	20.27439024390244	2654.0	3888.644688644689	-60.0	0.14354066985645933	5.205741626794258	1716.0	4780112.0	98.64923010807601	4.105263157894736	-2176.0	
1631.0	5.608695652173913	1737.0	6.760869565217391	1.6956521739130435	2097.0	-155.0	0.23238380809595202	-0.10644677661169415	531.0	31865.234375	-0.7961019490254873	-71.0	33.0218906850554	33983.0	-5.609756097560976	184.0	7720422.0	235608.58154296875	-597.0	-3.231707317073171	106.0	18.201219512195124	2627.0	3849.084249084249	80.0	-0.19138755980861244	5.186602870813397	1780.0	4780352.0	98.64678800417076	4.258373205741627	-2168.0	
1630.0	5.75	1724.0	6.771739130434782	1.3804347826086956	2126.0	-170.0	0.25487256371814093	-0.10344827586206896	521.0	31875.0	-0.7811094452773613	-69.0	33.0218906850554	33983.0	-3.9939024390243905	131.0	7720742.0	235618.34716796875	-502.0	6.158536585365854	-202.0	15.30487804878049	2645.0	3875.4578754578756	216.0	-0.5167464114832536	5.196172248803827	1820.0	4780352.0	98.64678800417076	4.354066985645932	-2172.0	
1633.0	5.913043478260869	1709.0	6.739130434782608	0.9782608695652174	2163.0	-163.0	0.24437781109445278	-0.11094452773613193	525.0	31884.765625	-0.7871064467766117	-74.0	33.0218906850554	33983.0	-4.2682926829268295	140.0	7721062.0	235628.11279296875	-308.0	16.03658536585366	-526.0	9.390243902439025	2649.0	3881.3186813186812	424.0	-1.014354066985646	5.157894736842105	1876.0	4780352.0	98.64678800417076	4.488038277511961	-2156.0	
1626.0	6.065217391304348	1695.0	6.815217391304348	0.9021739130434783	2170.0	-163.0	0.24437781109445278	-0.09895052473763118	521.0	31894.53125	-0.7811094452773613	-66.0	33.0218906850554	33983.0	-5.091463414634147	167.0	7721382.0	235637.87841796875	-60.0	27.408536585365855	-899.0	1.829268292682927	2630.0	3853.479853479854	432.0	-1.0334928229665072	5.205741626794258	1984.0	4780352.0	98.64678800417076	4.746411483253588	-2176.0	
1607.0	6.228260869565217	1680.0	7.021739130434782	0.9891304347826086	2162.0	-167.0	0.25037481259370314	-0.10044977511244378	516.0	31904.296875	-0.7736131934032984	-67.0	33.0218906850554	33983.0	-5.823170731707318	191.0	7721702.0	235647.64404296875	168.0	35.518292682926834	-1165.0	-5.121951219512195	2649.0	3881.3186813186812	436.0	-1.0430622009569377	5.492822966507177	2020.0	4780352.0	98.64678800417076	4.832535885167464	-2296.0	
1578.0	6.271739130434782	1676.0	7.33695652173913	1.141304347826087	2148.0	-166.0	0.24887556221889054	-0.09895052473763118	518.0	31914.0625	-0.7766116941529235	-66.0	33.0218906850554	33983.0	-6.981707317073171	229.0	7722022.0	235657.40966796875	320.0	37.28658536585366	-1223.0	-9.756097560975611	2627.0	3849.084249084249	380.0	-0.9090909090909091	5.837320574162679	2048.0	4780464.0	98.64564835638507	4.899521531100478	-2440.0	
1554.0	6.521739130434782	1653.0	7.5978260869565215	1.4021739130434783	2124.0	-171.0	0.2563718140929535	-0.10344827586206896	513.0	31923.828125	-0.7691154422788605	-69.0	33.0218906850554	33983.0	-6.676829268292684	219.0	7722342.0	235667.17529296875	454.0	35.76219512195122	-1173.0	-13.841463414634148	2634.0	3859.3406593406594	280.0	-0.6698564593301435	6.095693779904306	2164.0	4780464.0	98.64564835638507	5.177033492822966	-2548.0	
1538.0	6.641304347826087	1642.0	7.771739130434782	1.7934782608695652	2088.0	-165.0	0.24737631184407796	-0.10794602698650674	521.0	31933.59375	-0.7811094452773613	-72.0	33.0218906850554	33983.0	-4.329268292682928	142.0	7722662.0	235676.94091796875	432.0	33.71951219512196	-1106.0	-13.170731707317074	2640.0	3868.131868131868	132.0	-0.3157894736842105	6.2105263157894735	2248.0	4780464.0	98.64564835638507	5.37799043062201	-2596.0	
1549.0	6.760869565217391	1631.0	7.6521739130434785	2.108695652173913	2059.0	-176.0	0.2638680659670165	-0.10644677661169415	518.0	31943.359375	-0.7766116941529235	-71.0	33.0218906850554	33983.0	1.0060975609756098	-33.0	7722982.0	235686.70654296875	315.0	31.52439024390244	-1034.0	-9.603658536585368	2634.0	3859.3406593406594	-36.0	0.08612440191387559	6.172248803827751	2272.0	4780464.0	98.64564835638507	5.435406698564593	-2580.0	
1553.0	6.83695652173913	1624.0	7.608695652173913	2.4565217391304346	2027.0	-175.0	0.2623688155922039	-0.10494752623688156	516.0	31953.125	-0.7736131934032984	-70.0	33.0218906850554	33983.0	6.737804878048781	-221.0	7723302.0	235696.47216796875	94.0	31.09756097560976	-1020.0	-2.8658536585365857	2647.0	3878.388278388278	-196.0	0.4688995215311005	6.057416267942584	2312.0	4780464.0	98.64564835638507	5.5311004784688995	-2532.0	
1581.0	6.956521739130435	1613.0	7.304347826086956	2.75	2000.0	-172.0	0.2578710644677661	-0.095952023988006	521.0	31962.890625	-0.7811094452773613	-64.0	33.0218906850554	33983.0	14.237804878048781	-467.0	7723622.0	235706.23779296875	-134.0	33.8719512195122	-1111.0	4.085365853658537	2648.0	3879.8534798534797	-332.0	0.7942583732057416	5.7990430622009566	2340.0	4780416.0	98.64613677680983	5.598086124401914	-2424.0	
1607.0	6.695652173913043	1637.0	7.021739130434782	2.9456521739130435	1982.0	-174.0	0.2608695652173913	-0.09895052473763118	517.0	31972.65625	-0.775112443778111	-66.0	33.0218906850554	33983.0	23.201219512195124	-761.0	7723942.0	235716.00341796875	-356.0	38.44512195121951	-1261.0	10.853658536585368	2630.0	3853.479853479854	-436.0	1.0430622009569377	5.38755980861244	2240.0	4780416.0	98.64613677680983	5.358851674641148	-2252.0	
1643.0	6.423913043478261	1662.0	6.630434782608695	3.0760869565217392	1970.0	-173.0	0.2593703148425787	-0.10194902548725637	512.0	31982.421875	-0.767616191904048	-68.0	33.0218906850554	33983.0	31.920731707317078	-1047.0	7724262.0	235725.76904296875	-548.0	46.15853658536586	-1514.0	16.707317073170735	2642.0	3871.062271062271	-528.0	1.263157894736842	5.023923444976076	2080.0	4780416.0	98.64613677680983	4.976076555023924	-2100.0	
1670.0	5.978260869565217	1703.0	6.33695652173913	3.260869565217391	1953.0	-180.0	0.2698650674662669	-0.10344827586206896	509.0	31992.1875	-0.7631184407796102	-69.0	33.0218906850554	33983.0	40.36585365853659	-1324.0	7724582.0	235735.53466796875	-677.0	55.1219512195122	-1808.0	20.640243902439025	2633.0	3857.875457875458	-620.0	1.4832535885167464	4.669856459330143	1912.0	4780416.0	98.64613677680983	4.574162679425837	-1952.0	
1708.0	5.815217391304348	1718.0	5.923913043478261	3.1956521739130435	1959.0	-183.0	0.27436281859070466	-0.11394302848575712	504.0	32001.953125	-0.7556221889055472	-76.0	33.0218906850554	33983.0	49.90853658536586	-1637.0	7724902.0	235745.30029296875	-790.0	63.04878048780488	-2068.0	24.085365853658537	2629.0	3852.0146520146523	-568.0	1.3588516746411483	4.45933014354067	1580.0	4780416.0	98.64613677680983	3.7799043062200957	-1864.0	
1743.0	5.510869565217392	1746.0	5.543478260869565	2.7065217391304346	2004.0	-183.0	0.27436281859070466	-0.11394302848575712	504.0	32011.71875	-0.7556221889055472	-76.0	33.0218906850554	33983.0	58.84146341463415	-1930.0	7725222.0	235755.06591796875	-850.0	71.00609756097562	-2329.0	25.914634146341466	2638.0	3865.2014652014655	-392.0	0.937799043062201	3.894736842105263	1740.0	4780384.0	98.64646239047202	4.162679425837321	-1628.0	
1808.0	5.445652173913043	1752.0	4.83695652173913	2.293478260869565	2042.0	-187.0	0.280359820089955	-0.11094452773613193	502.0	32021.484375	-0.7526236881559221	-74.0	33.0218906850554	33983.0	68.01829268292684	-2231.0	7725542.0	235764.83154296875	-798.0	86.76829268292684	-2846.0	24.32926829268293	2625.0	3846.153846153846	-224.0	0.5358851674641149	3.186602870813397	1732.0	4780384.0	98.64646239047202	4.143540669856459	-1332.0	
1839.0	5.195652173913043	1775.0	4.5	2.0217391304347827	2067.0	-187.0	0.280359820089955	-0.11094452773613193	502.0	32031.25	-0.7526236881559221	-74.0	33.0218906850554	33983.0	76.3109756097561	-2503.0	7725862.0	235774.59716796875	-799.0	106.67682926829269	-3499.0	24.35975609756098	2643.0	3872.5274725274726	-92.0	0.2200956937799043	2.679425837320574	1596.0	4780384.0	98.64646239047202	3.818181818181818	-1120.0	
1859.0	4.9021739130434785	1802.0	4.282608695652174	2.0217391304347827	2067.0	-187.0	0.280359820089955	-0.1184407796101949	488.0	32041.015625	-0.7316341829085456	-79.0	33.0218906850554	33983.0	83.8109756097561	-2749.0	7726182.0	235784.36279296875	-765.0	124.42073170731709	-4081.0	23.323170731707318	2650.0	3882.7838827838827	-40.0	0.09569377990430622	2.4401913875598087	1412.0	4780384.0	98.64646239047202	3.3779904306220097	-1020.0	
1864.0	4.75	1816.0	4.228260869565217	1.5978260869565217	2106.0	-187.0	0.280359820089955	-0.12443778110944527	485.0	32050.78125	-0.7271364317841079	-83.0	33.0218906850554	33983.0	90.97560975609757	-2984.0	7726502.0	235794.12841796875	-602.0	136.9207317073171	-4491.0	18.353658536585368	2637.0	3863.736263736264	84.0	-0.20095693779904306	2.3923444976076556	1352.0	4780384.0	98.64646239047202	3.2344497607655502	-1000.0	
1864.0	4.804347826086956	1811.0	4.228260869565217	1.3478260869565217	2129.0	-187.0	0.280359820089955	-0.13493253373313344	483.0	32060.546875	-0.7241379310344828	-90.0	33.0218906850554	33983.0	97.50000000000001	-3198.0	7726822.0	235803.89404296875	-437.0	148.8109756097561	-4881.0	13.323170731707318	2622.0	3841.758241758242	216.0	-0.5167464114832536	2.325358851674641	1360.0	4780576.0	98.64450870904702	3.253588516746411	-972.0	
1882.0	4.891304347826087	1803.0	4.032608695652174	1.3043478260869565	2133.0	-192.0	0.28785607196401797	-0.136431784107946	471.0	32070.3125	-0.7061469265367316	-91.0	33.0218906850554	33983.0	105.94512195121952	-3475.0	7727142.0	235813.65966796875	-314.0	159.93902439024393	-5246.0	9.573170731707318	2625.0	3846.153846153846	252.0	-0.6028708133971291	2.1913875598086126	1404.0	4780576.0	98.64450870904702	3.3588516746411483	-916.0	
1887.0	4.880434782608695	1804.0	3.9782608695652173	1.315217391304348	2132.0	-197.0	0.29535232383808097	-0.1424287856071964	462.0	32080.078125	-0.6926536731634183	-95.0	33.0218906850554	33983.0	115.3658536585366	-3784.0	7727462.0	235823.42529296875	-206.0	167.53048780487808	-5495.0	6.2804878048780495	2635.0	3860.805860805861	276.0	-0.6602870813397129	2.0191387559808613	1420.0	4780576.0	98.64450870904702	3.3971291866028706	-844.0	
1901.0	4.83695652173913	1808.0	3.8260869565217392	1.4782608695652173	2117.0	-201.0	0.30134932533733133	-0.14692653673163417	460.0	32089.84375	-0.689655172413793	-98.0	33.0218906850554	33983.0	124.35975609756099	-4079.0	7727782.0	235833.19091796875	-93.0	175.15243902439025	-5745.0	2.8353658536585367	2648.0	3879.8534798534797	216.0	-0.5167464114832536	1.7320574162679425	1400.0	4780576.0	98.64450870904702	3.3492822966507174	-724.0	
1944.0	4.967391304347826	1796.0	3.358695652173913	1.2608695652173914	2137.0	-209.0	0.31334332833583206	-0.15442278860569714	447.0	32099.609375	-0.6701649175412293	-103.0	33.0218906850554	33983.0	133.90243902439025	-4392.0	7728102.0	235842.95654296875	77.0	180.94512195121953	-5935.0	-2.347560975609756	2635.0	3860.805860805861	304.0	-0.7272727272727273	1.3014354066985645	1432.0	4780576.0	98.64450870904702	3.4258373205741623	-544.0	
1979.0	5.228260869565217	1772.0	2.9782608695652173	1.0978260869565217	2152.0	-210.0	0.3148425787106447	-0.15292353823088456	438.0	32109.375	-0.656671664167916	-102.0	33.0218906850554	33983.0	143.56707317073173	-4709.0	7728422.0	235852.72216796875	185.0	189.1158536585366	-6203.0	-5.640243902439025	2643.0	3872.5274725274726	384.0	-0.9186602870813396	0.8612440191387559	1564.0	4780640.0	98.64385748219767	3.741626794258373	-360.0	
2012.0	5.5	1747.0	2.619565217391304	0.8369565217391304	2176.0	-217.0	0.32533733133433285	-0.1619190404797601	422.0	32119.140625	-0.6326836581709145	-108.0	33.0218906850554	33983.0	154.2378048780488	-5059.0	7728742.0	235862.48779296875	277.0	200.609756097561	-6580.0	-8.445121951219512	2646.0	3876.923076923077	500.0	-1.1961722488038278	0.37320574162679426	1668.0	4780640.0	98.64385748219767	3.990430622009569	-156.0	
2046.0	5.641304347826087	1734.0	2.25	0.532608695652174	2204.0	-219.0	0.328335832083958	-0.1634182908545727	408.0	32128.90625	-0.6116941529235382	-109.0	33.0218906850554	33983.0	165.0609756097561	-5414.0	7729062.0	235872.25341796875	310.0	209.72560975609758	-6879.0	-9.451219512195124	2628.0	3850.5494505494507	652.0	-1.5598086124401913	-0.04784688995215311	1752.0	4780640.0	98.64385748219767	4.1913875598086126	20.0	
2089.0	5.8478260869565215	1715.0	1.7826086956521738	0.19565217391304346	2235.0	-236.0	0.3538230884557721	-0.16941529235382308	393.0	32138.671875	-0.5892053973013494	-113.0	33.0218906850554	33983.0	175.4878048780488	-5756.0	7729382.0	235882.01904296875	396.0	216.34146341463418	-7096.0	-12.073170731707318	2635.0	3860.805860805861	832.0	-1.9904306220095693	-0.5645933014354066	1820.0	4780640.0	98.64385748219767	4.354066985645932	236.0	
2118.0	6.076086956521739	1694.0	1.467391304347826	-0.09782608695652173	2262.0	-234.0	0.35082458770614694	-0.16941529235382308	375.0	32148.4375	-0.5622188905547226	-113.0	33.0218906850554	33983.0	185.3048780487805	-6078.0	7729702.0	235891.78466796875	448.0	222.28658536585368	-7291.0	-13.658536585365855	2653.0	3887.1794871794873	996.0	-2.3827751196172247	-0.985645933014354	1964.0	4780640.0	98.64385748219767	4.698564593301435	412.0	
2156.0	6.4021739130434785	1664.0	1.0543478260869565	-0.4782608695652174	2297.0	-232.0	0.34782608695652173	-0.16941529235382308	367.0	32158.203125	-0.5502248875562219	-113.0	33.0218906850554	33983.0	194.87804878048783	-6392.0	7730022.0	235901.55029296875	574.0	230.85365853658539	-7572.0	-17.5	2636.0	3862.2710622710624	1012.0	-2.4210526315789473	-1.2727272727272727	2048.0	4780448.0	98.64581116318418	4.899521531100478	532.0	
2188.0	6.9021739130434785	1618.0	0.7065217391304348	-1.4239130434782608	2384.0	-240.0	0.35982008995502246	-0.1664167916041979	342.0	32167.96875	-0.512743628185907	-111.0	33.0218906850554	33983.0	202.8048780487805	-6652.0	7730342.0	235911.31591796875	614.0	234.1158536585366	-7679.0	-18.719512195121954	2646.0	3876.923076923077	1432.0	-3.4258373205741623	-1.7511961722488039	2204.0	4780448.0	98.64581116318418	5.2727272727272725	732.0	
2225.0	7.532608695652174	1560.0	0.30434782608695654	-1.9456521739130435	2432.0	-245.0	0.36731634182908546	-0.16941529235382308	326.0	32177.734375	-0.48875562218890556	-113.0	33.0218906850554	33983.0	208.90243902439028	-6852.0	7730662.0	235921.08154296875	691.0	241.95121951219514	-7936.0	-21.06707317073171	2646.0	3876.923076923077	1712.0	-4.095693779904306	-2.1913875598086126	2492.0	4780448.0	98.64581116318418	5.961722488038277	916.0	
2265.0	8.119565217391305	1506.0	-0.13043478260869565	-2.260869565217391	2461.0	-236.0	0.3538230884557721	-0.1619190404797601	309.0	32187.5	-0.46326836581709147	-108.0	33.0218906850554	33983.0	215.09146341463418	-7055.0	7730982.0	235930.84716796875	711.0	251.06707317073173	-8235.0	-21.676829268292686	2653.0	3887.1794871794873	1908.0	-4.564593301435407	-2.6698564593301435	2784.0	4780448.0	98.64581116318418	6.660287081339713	1116.0	
2291.0	8.326086956521738	1487.0	-0.41304347826086957	-1.9891304347826086	2436.0	-239.0	0.3583208395802099	-0.15892053973013492	286.0	32197.265625	-0.4287856071964018	-106.0	33.0218906850554	33983.0	221.34146341463418	-7260.0	7731302.0	235940.61279296875	663.0	260.0304878048781	-8529.0	-20.213414634146343	2653.0	3887.1794871794873	1840.0	-4.401913875598086	-3.062200956937799	2940.0	4780448.0	98.64581116318418	7.033492822966507	1280.0	
2315.0	8.206521739130434	1498.0	-0.6739130434782609	-1.684782608695652	2408.0	-248.0	0.37181409295352325	-0.16041979010494753	269.0	32207.03125	-0.4032983508245877	-107.0	33.0218906850554	33983.0	227.83536585365854	-7473.0	7731622.0	235950.37841796875	527.0	261.5243902439025	-8578.0	-16.06707317073171	2627.0	3849.084249084249	1676.0	-4.009569377990431	-3.3684210526315788	2904.0	4780560.0	98.64467151578219	6.947368421052631	1408.0	
2333.0	8.097826086956522	1508.0	-0.8695652173913043	-1.4565217391304348	2387.0	-246.0	0.36881559220389803	-0.15292353823088456	247.0	32216.796875	-0.3703148425787106	-102.0	33.0218906850554	33983.0	233.65853658536588	-7664.0	7731942.0	235960.14404296875	472.0	257.1646341463415	-8435.0	-14.390243902439027	2638.0	3865.2014652014655	1576.0	-3.7703349282296648	-3.5980861244019136	2836.0	4780560.0	98.64467151578219	6.784688995215311	1504.0	
2368.0	8.608695652173912	1461.0	-1.25	-2.4130434782608696	2475.0	-246.0	0.36881559220389803	-0.15142428785607195	220.0	32226.5625	-0.3298350824587706	-101.0	33.0218906850554	33983.0	237.34756097560978	-7785.0	7732262.0	235969.90966796875	425.0	244.20731707317074	-8010.0	-12.957317073170733	2622.0	3841.758241758242	1960.0	-4.688995215311005	-3.9808612440191387	3020.0	4780560.0	98.64467151578219	7.224880382775119	1664.0	
2418.0	9.847826086956522	1347.0	-1.7934782608695652	-3.434782608695652	2569.0	-243.0	0.36431784107946025	-0.15592203898050974	203.0	32236.328125	-0.3043478260869565	-104.0	33.0218906850554	33983.0	239.4817073170732	-7855.0	7732582.0	235979.67529296875	477.0	233.14024390243904	-7647.0	-14.54268292682927	2632.0	3856.4102564102564	2444.0	-5.84688995215311	-4.7272727272727275	3608.0	4780560.0	98.64467151578219	8.631578947368421	1976.0	
2497.0	11.434782608695652	1201.0	-2.652173913043478	-4.706521739130435	2686.0	-238.0	0.3568215892053973	-0.1394302848575712	185.0	32246.09375	-0.2773613193403298	-93.0	33.0218906850554	33983.0	242.59146341463418	-7957.0	7732902.0	235989.44091796875	609.0	228.90243902439028	-7508.0	-18.56707317073171	2645.0	3875.4578754578756	3028.0	-7.244019138755981	-5.760765550239234	4356.0	4780560.0	98.64467151578219	10.421052631578947	2408.0	
2605.0	12.456521739130434	1107.0	-3.8260869565217392	-5.478260869565217	2757.0	-235.0	0.3523238380809595	-0.13343328335832083	170.0	32255.859375	-0.25487256371814093	-89.0	33.0218906850554	33983.0	247.43902439024393	-8116.0	7733222.0	235999.20654296875	648.0	234.72560975609758	-7699.0	-19.75609756097561	2631.0	3854.945054945055	3360.0	-8.038277511961722	-7.052631578947368	4856.0	4780496.0	98.64532274281424	11.617224880382775	2948.0	
2690.0	12.402173913043478	1112.0	-4.75	-5.554347826086956	2764.0	-234.0	0.35082458770614694	-0.10644677661169415	147.0	32265.625	-0.22038980509745126	-71.0	33.0218906850554	33983.0	250.4268292682927	-8214.0	7733542.0	236008.97216796875	640.0	254.45121951219514	-8346.0	-19.512195121951223	2647.0	3878.388278388278	3368.0	-8.057416267942584	-8.363636363636363	4772.0	4780496.0	98.64532274281424	11.416267942583731	3496.0	
2760.0	11.41304347826087	1203.0	-5.510869565217392	-4.9021739130434785	2704.0	-221.0	0.3313343328335832	-0.10944527736131934	130.0	32275.390625	-0.19490254872563717	-73.0	33.0218906850554	33983.0	250.45731707317074	-8215.0	7733862.0	236018.73779296875	237.0	269.39024390243907	-8836.0	-7.225609756097562	2658.0	3894.5054945054944	3120.0	-7.464114832535885	-9.07177033492823	4284.0	4780496.0	98.64532274281424	10.248803827751196	3792.0	
2768.0	10.67391304347826	1271.0	-5.5978260869565215	-4.184782608695652	2638.0	-215.0	0.32233883058470764	-0.09895052473763118	109.0	32285.15625	-0.1634182908545727	-66.0	33.0218906850554	33983.0	244.78658536585368	-8029.0	7734182.0	236028.50341796875	-270.0	272.4085365853659	-8935.0	8.231707317073171	2636.0	3862.2710622710624	2760.0	-6.602870813397129	-9.10047846889952	4044.0	4780496.0	98.64532274281424	9.674641148325358	3804.0	
2767.0	10.858695652173912	1254.0	-5.58695652173913	-3.293478260869565	2556.0	-204.0	0.3058470764617691	-0.08545727136431784	95.0	32294.921875	-0.1424287856071964	-57.0	33.0218906850554	33983.0	237.07317073170734	-7776.0	7734502.0	236038.26904296875	-533.0	267.5914634146342	-8777.0	16.25	2641.0	3869.5970695970695	2368.0	-5.665071770334928	-8.909090909090908	4140.0	4780496.0	98.64532274281424	9.904306220095693	3724.0	
2751.0	11.402173913043478	1204.0	-5.413043478260869	-2.5760869565217392	2490.0	-197.0	0.29535232383808097	-0.08245877061469264	81.0	32304.6875	-0.12143928035982009	-55.0	33.0218906850554	33983.0	234.93902439024393	-7706.0	7734822.0	236048.03466796875	-551.0	252.31707317073173	-8276.0	16.79878048780488	2630.0	3853.479853479854	2228.0	-5.330143540669856	-8.832535885167463	4264.0	4780544.0	98.64483432252649	10.200956937799043	3692.0	
2783.0	11.902173913043478	1158.0	-5.760869565217392	-2.3043478260869565	2465.0	-185.0	0.2773613193403298	-0.05997001499250375	62.0	32314.453125	-0.09295352323838081	-40.0	33.0218906850554	33983.0	238.38414634146343	-7819.0	7735142.0	236057.80029296875	-510.0	234.5426829268293	-7693.0	15.54878048780488	2642.0	3871.062271062271	2036.0	-4.8708133971291865	-9.043062200956937	4520.0	4780544.0	98.64483432252649	10.813397129186603	3780.0	
2830.0	11.934782608695652	1155.0	-6.271739130434782	-2.282608695652174	2463.0	-184.0	0.27586206896551724	-0.05247376311844078	48.0	32324.21875	-0.07196401799100449	-35.0	33.0218906850554	33983.0	244.4207317073171	-8017.0	7735462.0	236067.56591796875	-346.0	222.22560975609758	-7289.0	10.54878048780488	2627.0	3849.084249084249	1996.0	-4.77511961722488	-9.751196172248804	4620.0	4780544.0	98.64483432252649	11.052631578947368	4076.0	
2929.0	11.369565217391305	1207.0	-7.3478260869565215	-2.1630434782608696	2452.0	-172.0	0.2578710644677661	-0.026986506746626684	30.0	32333.984375	-0.04497751124437781	-18.0	33.0218906850554	33983.0	252.62195121951223	-8286.0	7735782.0	236077.33154296875	-188.0	216.00609756097563	-7085.0	5.731707317073171	2618.0	3835.897435897436	1936.0	-4.631578947368421	-10.803827751196172	4380.0	4780544.0	98.64483432252649	10.47846889952153	4516.0	
2830.0	11.934782608695652	1155.0	-6.271739130434782	-2.282608695652174	2463.0	-161.0	0.24137931034482757	-0.004497751124437781	17.0	32343.75	-0.025487256371814093	-3.0	33.0218906850554	33983.0	260.4878048780488	-8544.0	7736102.0	236087.09716796875	-165.0	206.70731707317074	-6780.0	5.0304878048780495	2627.0	3849.084249084249	1908.0	-4.564593301435407	-11.913875598086124	4092.0	4780544.0	98.64483432252649	9.789473684210526	4980.0	
3086.0	10.717391304347826	1267.0	-9.054347826086957	-2.0217391304347827	2439.0	-144.0	0.21589205397301348	0.01649175412293853	5.0	32353.515625	-0.0074962518740629685	11.0	33.0218906850554	33983.0	267.6829268292683	-8780.0	7736422.0	236096.86279296875	-179.0	197.56097560975613	-6480.0	5.457317073170732	2657.0	3893.040293040293	1924.0	-4.6028708133971294	-12.909090909090908	3980.0	4780400.0	98.64629958363635	9.521531100478468	5396.0	
3137.0	10.956521739130434	1245.0	-9.608695652173912	-2.3369565217391304	2468.0	-145.0	0.21739130434782608	0.031484257871064465	-5.0	32363.28125	0.0074962518740629685	21.0	33.0218906850554	33983.0	274.2378048780488	-8995.0	7736742.0	236106.62841796875	-407.0	191.37195121951223	-6277.0	12.408536585365855	2632.0	3856.4102564102564	2004.0	-4.794258373205741	-13.645933014354066	4080.0	4780400.0	98.64629958363635	9.760765550239235	5704.0	
3191.0	11.467391304347826	1198.0	-10.195652173913043	-2.358695652173913	2470.0	-129.0	0.1934032983508246	0.05247376311844078	-17.0	32373.046875	0.025487256371814093	35.0	33.0218906850554	33983.0	281.6463414634147	-9238.0	7737062.0	236116.39404296875	-742.0	186.03658536585368	-6102.0	22.621951219512198	2647.0	3878.388278388278	2048.0	-4.899521531100478	-14.095693779904305	4300.0	4780400.0	98.64629958363635	10.287081339712918	5892.0	
3223.0	11.717391304347826	1175.0	-10.543478260869565	-2.5217391304347827	2485.0	-129.0	0.1934032983508246	0.07796101949025487	-25.0	32382.8125	0.037481259370314844	52.0	33.0218906850554	33983.0	288.3536585365854	-9458.0	7737382.0	236126.15966796875	-993.0	180.2439024390244	-5912.0	30.27439024390244	2620.0	3838.827838827839	2088.0	-4.9952153110047846	-14.507177033492823	4452.0	4780400.0	98.64629958363635	10.650717703349281	6064.0	
3247.0	11.75	1172.0	-10.804347826086957	-2.5652173913043477	2489.0	-118.0	0.17691154422788605	0.095952023988006	-40.0	32392.578125	0.05997001499250375	64.0	33.0218906850554	33983.0	293.20121951219517	-9617.0	7737702.0	236135.92529296875	-1274.0	175.91463414634148	-5770.0	38.84146341463415	2633.0	3857.875457875458	2088.0	-4.9952153110047846	-14.976076555023923	4464.0	4780400.0	98.64629958363635	10.679425837320574	6260.0	
3270.0	11.608695652173912	1185.0	-11.054347826086957	-2.467391304347826	2480.0	-100.0	0.14992503748125938	0.12143928035982009	-53.0	32402.34375	0.07946026986506746	81.0	33.0218906850554	33983.0	294.9085365853659	-9673.0	7738022.0	236145.69091796875	-1611.0	170.76219512195124	-5601.0	49.11585365853659	2635.0	3860.805860805861	2068.0	-4.947368421052631	-15.311004784688995	4432.0	4780640.0	98.64385748219767	10.602870813397129	6400.0	
3270.0	11.641304347826086	1182.0	-11.054347826086957	-2.4891304347826084	2482.0	-96.0	0.14392803598200898	0.14842578710644677	-49.0	32412.109375	0.07346326836581708	99.0	33.0218906850554	33983.0	292.3475609756098	-9589.0	7738342.0	236155.45654296875	-1933.0	164.08536585365854	-5382.0	58.9329268292683	2630.0	3853.479853479854	2080.0	-4.976076555023924	-15.186602870813397	4444.0	4780640.0	98.64385748219767	10.631578947368421	6348.0	
3228.0	11.67391304347826	1179.0	-10.597826086956522	-2.4891304347826084	2482.0	-82.0	0.12293853073463268	0.17091454272863568	-55.0	32421.875	0.08245877061469264	114.0	33.0218906850554	33983.0	287.5304878048781	-9431.0	7738662.0	236165.22216796875	-2243.0	156.34146341463415	-5128.0	68.38414634146342	2624.0	3844.6886446886447	2064.0	-4.937799043062201	-14.650717703349281	4480.0	4780640.0	98.64385748219767	10.717703349282296	6124.0	
3145.0	11.630434782608695	1183.0	-9.695652173913043	-2.369565217391304	2471.0	-72.0	0.10794602698650674	0.19040479760119938	-56.0	32431.640625	0.08395802098950525	127.0	33.0218906850554	33983.0	289.6036585365854	-9499.0	7738982.0	236174.98779296875	-2563.0	148.8719512195122	-4883.0	78.14024390243902	2658.0	3894.5054945054944	2076.0	-4.966507177033493	-13.655502392344497	4428.0	4780640.0	98.64385748219767	10.593301435406698	5708.0	
3137.0	11.434782608695652	1201.0	-9.608695652173912	-2.1847826086956523	2454.0	-61.0	0.0914542728635682	0.22338830584707645	-58.0	32441.40625	0.08695652173913043	149.0	33.0218906850554	33983.0	274.969512195122	-9019.0	7739302.0	236184.75341796875	-2662.0	136.12804878048783	-4465.0	81.15853658536587	2637.0	3863.736263736264	1952.0	-4.669856459330143	-13.626794258373206	4408.0	4780640.0	98.64385748219767	10.545454545454545	5696.0	
3109.0	11.17391304347826	1225.0	-9.304347826086957	-2.3152173913043477	2466.0	-56.0	0.08395802098950525	0.2383808095952024	-68.0	32451.171875	0.10194902548725637	159.0	33.0218906850554	33983.0	258.2317073170732	-8470.0	7739622.0	236194.51904296875	-3057.0	130.27439024390245	-4273.0	93.20121951219512	2637.0	3863.736263736264	2000.0	-4.784688995215311	-13.416267942583731	4352.0	4780400.0	98.64629958363635	10.411483253588516	5608.0	
3035.0	10.67391304347826	1271.0	-8.5	-1.9782608695652173	2435.0	-49.0	0.07346326836581708	0.2638680659670165	-65.0	32460.9375	0.09745127436281859	176.0	33.0218906850554	33983.0	246.55487804878052	-8087.0	7739942.0	236204.28466796875	-3523.0	125.3048780487805	-4110.0	107.40853658536587	2624.0	3844.6886446886447	1912.0	-4.574162679425837	-12.698564593301436	4136.0	4780400.0	98.64629958363635	9.894736842105262	5308.0	
2997.0	10.195652173913043	1315.0	-8.08695652173913	-1.5326086956521738	2394.0	-42.0	0.06296851574212893	0.280359820089955	-66.0	32470.703125	0.09895052473763118	187.0	33.0218906850554	33983.0	234.60365853658539	-7695.0	7740262.0	236214.05029296875	-3769.0	117.10365853658537	-3841.0	114.90853658536587	2634.0	3859.3406593406594	1672.0	-4.0	-11.760765550239235	3908.0	4780400.0	98.64629958363635	9.349282296650717	4916.0	
2982.0	9.532608695652174	1376.0	-7.923913043478261	-1.2282608695652173	2366.0	-36.0	0.05397301349325337	0.3088455772113943	-60.0	32480.46875	0.08995502248875561	206.0	33.0218906850554	33983.0	208.47560975609758	-6838.0	7740582.0	236223.81591796875	-4158.0	123.29268292682929	-4044.0	126.76829268292684	2649.0	3881.3186813186812	1564.0	-3.741626794258373	-11.779904306220095	3676.0	4780400.0	98.64629958363635	8.794258373205741	4924.0	
2943.0	9.01086956521739	1424.0	-7.5	-0.043478260869565216	2257.0	-30.0	0.04497751124437781	0.3238380809595202	-59.0	32490.234375	0.08845577211394302	216.0	33.0218906850554	33983.0	184.78658536585368	-6061.0	7740902.0	236233.58154296875	-4842.0	112.40853658536587	-3687.0	147.6219512195122	2632.0	3856.4102564102564	1112.0	-2.660287081339713	-11.263157894736842	3412.0	4780400.0	98.64629958363635	8.16267942583732	4708.0	
2908.0	8.76086956521739	1447.0	-7.119565217391304	0.9239130434782609	2168.0	-21.0	0.031484257871064465	0.3328335832083958	-57.0	32500.0	0.08545727136431784	222.0	33.0218906850554	33983.0	162.8658536585366	-5342.0	7741222.0	236243.34716796875	-5111.0	90.91463414634147	-2982.0	155.82317073170734	2645.0	3875.4578754578756	656.0	-1.569377990430622	-10.794258373205741	3260.0	4780608.0	98.64418309560408	7.7990430622009566	4512.0	
2881.0	8.58695652173913	1463.0	-6.826086956521739	1.4239130434782608	2122.0	-19.0	0.02848575712143928	0.3568215892053973	-53.0	32509.765625	0.07946026986506746	238.0	33.0218906850554	33983.0	142.19512195121953	-4664.0	7741542.0	236253.11279296875	-5456.0	70.2439024390244	-2304.0	166.34146341463415	2646.0	3876.923076923077	392.0	-0.937799043062201	-10.33492822966507	3140.0	4780608.0	98.64418309560408	7.511961722488038	4320.0	
2869.0	8.228260869565217	1496.0	-6.695652173913043	1.6739130434782608	2099.0	-20.0	0.029985007496251874	0.37181409295352325	-59.0	32519.53125	0.08845577211394302	248.0	33.0218906850554	33983.0	122.89634146341464	-4031.0	7741862.0	236262.87841796875	-5741.0	50.00000000000001	-1640.0	175.03048780487808	2635.0	3860.805860805861	244.0	-0.5837320574162679	-9.990430622009569	2992.0	4780608.0	98.64418309560408	7.157894736842105	4176.0	
2813.0	7.58695652173913	1555.0	-6.08695652173913	1.9239130434782608	2076.0	-17.0	0.025487256371814093	0.3793103448275862	-54.0	32529.296875	0.08095952023988005	253.0	33.0218906850554	33983.0	112.19512195121952	-3680.0	7742182.0	236272.64404296875	-5850.0	33.109756097560975	-1086.0	178.35365853658539	2652.0	3885.714285714286	140.0	-0.33492822966507174	-9.483253588516746	2696.0	4780608.0	98.64418309560408	6.449760765550239	3964.0	
2830.0	7.032608695652174	1606.0	-6.271739130434782	2.0978260869565215	2060.0	-17.0	0.025487256371814093	0.38980509745127434	-50.0	32539.0625	0.07496251874062969	260.0	33.0218906850554	33983.0	88.9329268292683	-2917.0	7742502.0	236282.40966796875	-5598.0	14.664634146341465	-481.0	170.6707317073171	2644.0	3873.992673992674	44.0	-0.10526315789473684	-9.69377990430622	2464.0	4780608.0	98.64418309560408	5.894736842105263	4052.0	
2814.0	6.608695652173913	1645.0	-6.0978260869565215	1.9891304347826086	2070.0	-22.0	0.03298350824587706	0.39730134932533734	-47.0	32548.828125	0.0704647676161919	265.0	33.0218906850554	33983.0	65.45731707317074	-2147.0	7742822.0	236292.17529296875	-5206.0	5.426829268292684	-178.0	158.71951219512198	2645.0	3875.4578754578756	56.0	-0.1339712918660287	-9.54066985645933	2256.0	4780448.0	98.64581116318418	5.3971291866028706	3988.0	
2802.0	6.391304347826087	1665.0	-5.967391304347826	2.119565217391304	2058.0	-26.0	0.038980509745127435	0.4077961019490255	-49.0	32558.59375	0.07346326836581708	272.0	33.0218906850554	33983.0	48.68902439024391	-1597.0	7743142.0	236301.94091796875	-4623.0	0.030487804878048783	-1.0	140.94512195121953	2637.0	3863.736263736264	-12.0	0.028708133971291863	-9.311004784688995	2128.0	4780448.0	98.64581116318418	5.090909090909091	3892.0	
2790.0	6.228260869565217	1680.0	-5.83695652173913	2.358695652173913	2036.0	-24.0	0.035982008995502246	0.40929535232383807	-57.0	32568.359375	0.08545727136431784	273.0	33.0218906850554	33983.0	36.79878048780488	-1207.0	7743462.0	236311.70654296875	-3729.0	-3.932926829268293	129.0	113.68902439024392	2630.0	3853.479853479854	-132.0	0.3157894736842105	-9.043062200956937	2056.0	4780448.0	98.64581116318418	4.918660287081339	3780.0	
2760.0	6.173913043478261	1685.0	-5.510869565217392	2.4891304347826084	2024.0	-30.0	0.04497751124437781	0.4077961019490255	-45.0	32578.125	0.06746626686656672	272.0	33.0218906850554	33983.0	30.54878048780488	-1002.0	7743782.0	236321.47216796875	-2788.0	-5.27439024390244	173.0	85.00000000000001	2656.0	3891.5750915750914	-196.0	0.4688995215311005	-8.746411483253588	1992.0	4780448.0	98.64581116318418	4.765550239234449	3656.0	
2744.0	6.065217391304348	1695.0	-5.33695652173913	2.619565217391304	2012.0	-28.0	0.041979010494752625	0.41379310344827586	-54.0	32587.890625	0.08095952023988005	276.0	33.0218906850554	33983.0	23.170731707317074	-760.0	7744102.0	236331.23779296875	-1991.0	-6.585365853658537	216.0	60.70121951219513	2646.0	3876.923076923077	-260.0	0.6220095693779905	-8.535885167464114	1948.0	4780448.0	98.64581116318418	4.660287081339713	3568.0	
2739.0	6.08695652173913	1693.0	-5.282608695652174	2.6630434782608696	2008.0	-28.0	0.041979010494752625	0.41829085457271364	-47.0	32597.65625	0.0704647676161919	279.0	33.0218906850554	33983.0	12.01219512195122	-394.0	7744422.0	236341.00341796875	-1288.0	-5.731707317073171	188.0	39.268292682926834	2648.0	3879.8534798534797	-260.0	0.6220095693779905	-8.516746411483254	1976.0	4780240.0	98.64792765240408	4.7272727272727275	3560.0	
2722.0	6.239130434782608	1679.0	-5.0978260869565215	2.5760869565217392	2016.0	-31.0	0.046476761619190406	0.42278860569715143	-41.0	32607.421875	0.06146926536731634	282.0	33.0218906850554	33983.0	2.2865853658536586	-75.0	7744742.0	236350.76904296875	-750.0	-2.073170731707317	68.0	22.865853658536587	2638.0	3865.2014652014655	-272.0	0.6507177033492823	-8.33492822966507	2048.0	4780240.0	98.64792765240408	4.899521531100478	3484.0	
2704.0	6.423913043478261	1662.0	-4.9021739130434785	2.543478260869565	2019.0	-31.0	0.046476761619190406	0.4212893553223388	-44.0	32617.1875	0.06596701649175413	281.0	33.0218906850554	33983.0	-2.073170731707317	68.0	7745062.0	236360.53466796875	-264.0	2.7439024390243905	-90.0	8.048780487804878	2637.0	3863.736263736264	-228.0	0.5454545454545454	-8.086124401913874	2112.0	4780240.0	98.64792765240408	5.052631578947368	3380.0	
2686.0	6.521739130434782	1653.0	-4.706521739130435	2.5978260869565215	2014.0	-34.0	0.050974512743628186	0.4257871064467766	-40.0	32626.953125	0.05997001499250375	284.0	33.0218906850554	33983.0	-6.219512195121951	204.0	7745382.0	236370.30029296875	148.0	7.378048780487806	-242.0	-4.51219512195122	2645.0	3875.4578754578756	-264.0	0.631578947368421	-7.894736842105263	2172.0	4780240.0	98.64792765240408	5.196172248803827	3300.0	
2682.0	6.684782608695652	1638.0	-4.663043478260869	2.5760869565217392	2016.0	-27.0	0.04047976011994003	0.41529235382308843	-46.0	32636.71875	0.06896551724137931	277.0	33.0218906850554	33983.0	-11.951219512195124	392.0	7745702.0	236380.06591796875	458.0	10.54878048780488	-346.0	-13.963414634146343	2631.0	3854.945054945055	-260.0	0.6220095693779905	-7.751196172248804	2240.0	4780240.0	98.64792765240408	5.358851674641148	3240.0	
2682.0	6.793478260869565	1628.0	-4.663043478260869	2.5652173913043477	2017.0	-30.0	0.04497751124437781	0.416791604197901	-48.0	32646.484375	0.07196401799100449	278.0	33.0218906850554	33983.0	-18.29268292682927	600.0	7746022.0	236389.83154296875	646.0	14.207317073170733	-466.0	-19.695121951219512	2625.0	3846.153846153846	-264.0	0.631578947368421	-7.722488038277512	2276.0	4780608.0	98.64418309560408	5.444976076555024	3228.0	
2691.0	6.8478260869565215	1623.0	-4.760869565217392	2.6956521739130435	2005.0	-32.0	0.047976011994003	0.416791604197901	-50.0	32656.25	0.07496251874062969	278.0	33.0218906850554	33983.0	-24.75609756097561	812.0	7746342.0	236399.59716796875	719.0	16.402439024390244	-538.0	-21.920731707317074	2654.0	3888.644688644689	-252.0	0.6028708133971291	-7.8086124401913874	2328.0	4780608.0	98.64418309560408	5.569377990430622	3264.0	
2692.0	7.010869565217391	1608.0	-4.771739130434782	2.717391304347826	2003.0	-27.0	0.04047976011994003	0.4047976011994003	-40.0	32666.015625	0.05997001499250375	270.0	33.0218906850554	33983.0	-31.89024390243903	1046.0	7746662.0	236409.36279296875	691.0	17.865853658536587	-586.0	-21.06707317073171	2650.0	3882.7838827838827	-284.0	0.6794258373205742	-7.885167464114832	2356.0	4780608.0	98.64418309560408	5.636363636363636	3296.0	
2710.0	7.0978260869565215	1600.0	-4.967391304347826	2.8369565217391304	1992.0	-31.0	0.046476761619190406	0.4017991004497751	-43.0	32675.78125	0.06446776611694152	268.0	33.0218906850554	33983.0	-38.75	1271.0	7746982.0	236419.12841796875	574.0	16.82926829268293	-552.0	-17.5	2635.0	3860.805860805861	-356.0	0.8516746411483254	-7.894736842105263	2408.0	4780608.0	98.64418309560408	5.760765550239234	3300.0	
2702.0	7.065217391304348	1603.0	-4.880434782608695	2.9565217391304346	1981.0	-27.0	0.04047976011994003	0.4017991004497751	-49.0	32685.546875	0.07346326836581708	268.0	33.0218906850554	33983.0	-45.396341463414636	1489.0	7747302.0	236428.89404296875	468.0	14.817073170731708	-486.0	-14.26829268292683	2622.0	3841.758241758242	-376.0	0.8995215311004784	-7.980861244019138	2436.0	4780608.0	98.64418309560408	5.827751196172248	3336.0	
2718.0	7.043478260869565	1605.0	-5.054347826086956	2.9782608695652173	1979.0	-27.0	0.04047976011994003	0.4032983508245877	-52.0	32695.3125	0.07796101949025487	269.0	33.0218906850554	33983.0	-52.13414634146342	1710.0	7747622.0	236438.65966796875	353.0	13.29268292682927	-436.0	-10.76219512195122	2624.0	3844.6886446886447	-412.0	0.985645933014354	-8.095693779904305	2400.0	4780512.0	98.64515993604252	5.741626794258373	3384.0	
2706.0	7.043478260869565	1605.0	-4.923913043478261	3.043478260869565	1973.0	-25.0	0.037481259370314844	0.4032983508245877	-47.0	32705.078125	0.0704647676161919	269.0	33.0218906850554	33983.0	-58.993902439024396	1935.0	7747942.0	236448.42529296875	236.0	10.914634146341465	-358.0	-7.195121951219513	2648.0	3879.8534798534797	-428.0	1.0239234449760766	-8.191387559808613	2400.0	4780512.0	98.64515993604252	5.741626794258373	3424.0	
2721.0	7.010869565217391	1608.0	-5.08695652173913	3.0543478260869565	1972.0	-25.0	0.037481259370314844	0.39280359820089955	-53.0	32714.84375	0.07946026986506746	262.0	33.0218906850554	33983.0	-65.57926829268293	2151.0	7748262.0	236458.19091796875	256.0	8.079268292682928	-265.0	-7.8048780487804885	2650.0	3882.7838827838827	-428.0	1.0239234449760766	-8.430622009569378	2392.0	4780512.0	98.64515993604252	5.722488038277512	3524.0	
2759.0	6.956521739130435	1613.0	-5.5	2.934782608695652	1983.0	-25.0	0.037481259370314844	0.3913043478260869	-47.0	32724.609375	0.0704647676161919	261.0	33.0218906850554	33983.0	-70.91463414634147	2326.0	7748582.0	236467.95654296875	309.0	5.5182926829268295	-181.0	-9.420731707317074	2633.0	3857.875457875458	-364.0	0.8708133971291866	-8.77511961722488	2376.0	4780512.0	98.64515993604252	5.684210526315789	3668.0	
2792.0	6.869565217391304	1621.0	-5.858695652173913	2.8043478260869565	1995.0	-20.0	0.029985007496251874	0.3793103448275862	-55.0	32734.375	0.08245877061469264	253.0	33.0218906850554	33983.0	-76.6158536585366	2513.0	7748902.0	236477.72216796875	360.0	3.353658536585366	-110.0	-10.975609756097562	2668.0	3909.157509157509	-292.0	0.6985645933014354	-9.23444976076555	2316.0	4780512.0	98.64515993604252	5.5406698564593295	3860.0	
2820.0	6.760869565217391	1631.0	-6.163043478260869	2.75	2000.0	-19.0	0.02848575712143928	0.3748125937031484	-55.0	32744.140625	0.08245877061469264	250.0	33.0218906850554	33983.0	-82.8658536585366	2718.0	7749222.0	236487.48779296875	410.0	1.1585365853658538	-38.0	-12.500000000000002	2651.0	3884.2490842490843	-252.0	0.6028708133971291	-9.559808612440191	2272.0	4780464.0	98.64564835638507	5.435406698564593	3996.0	
2842.0	6.673913043478261	1639.0	-6.4021739130434785	2.717391304347826	2003.0	-23.0	0.034482758620689655	0.3658170914542728	-57.0	32753.90625	0.08545727136431784	244.0	33.0218906850554	33983.0	-89.69512195121952	2942.0	7749542.0	236497.25341796875	436.0	-0.8841463414634148	29.0	-13.29268292682927	2637.0	3863.736263736264	-268.0	0.6411483253588517	-9.71291866028708	2248.0	4780464.0	98.64564835638507	5.37799043062201	4060.0	
2858.0	6.826086956521739	1625.0	-6.576086956521739	2.641304347826087	2010.0	-13.0	0.019490254872563718	0.35982008995502246	-56.0	32763.671875	0.08395802098950525	240.0	33.0218906850554	33983.0	-97.07317073170732	3184.0	7749862.0	236507.01904296875	435.0	-3.414634146341464	112.0	-13.26219512195122	2628.0	3850.5494505494507	-264.0	0.631578947368421	-9.933014354066986	2276.0	4780464.0	98.64564835638507	5.444976076555024	4152.0	
2871.0	6.934782608695652	1615.0	-6.717391304347826	2.6630434782608696	2008.0	-15.0	0.022488755622188904	0.35532233883058467	-53.0	32773.4375	0.07946026986506746	237.0	33.0218906850554	33983.0	-103.50609756097562	3395.0	7750182.0	236516.78466796875	376.0	-5.853658536585367	192.0	-11.463414634146343	2638.0	3865.2014652014655	-252.0	0.6028708133971291	-10.066985645933014	2348.0	4780464.0	98.64564835638507	5.617224880382775	4208.0	
2884.0	7.141304347826087	1596.0	-6.858695652173913	2.5869565217391304	2015.0	-22.0	0.03298350824587706	0.34782608695652173	-63.0	32783.203125	0.0944527736131934	232.0	33.0218906850554	33983.0	-110.27439024390245	3617.0	7750502.0	236526.55029296875	238.0	-8.01829268292683	263.0	-7.25609756097561	2641.0	3869.5970695970695	-224.0	0.5358851674641149	-10.239234449760765	2436.0	4780464.0	98.64564835638507	5.827751196172248	4280.0	
2902.0	7.423913043478261	1570.0	-7.054347826086956	2.6630434782608696	2008.0	-25.0	0.037481259370314844	0.3313343328335832	-51.0	32792.96875	0.07646176911544228	221.0	33.0218906850554	33983.0	-117.13414634146342	3842.0	7750822.0	236536.31591796875	49.0	-10.579268292682928	347.0	-1.4939024390243905	2654.0	3888.644688644689	-244.0	0.5837320574162679	-10.47846889952153	2536.0	4780416.0	98.64613677680983	6.0669856459330145	4380.0	
2925.0	7.554347826086956	1558.0	-7.304347826086956	2.630434782608696	2011.0	-22.0	0.03298350824587706	0.32533733133433285	-60.0	32802.734375	0.08995502248875561	217.0	33.0218906850554	33983.0	-122.8658536585366	4030.0	7751142.0	236546.08154296875	-92.0	-11.737804878048781	385.0	2.804878048780488	2648.0	3879.8534798534797	-232.0	0.5550239234449761	-10.77511961722488	2624.0	4780416.0	98.64613677680983	6.277511961722488	4504.0	
2957.0	7.630434782608695	1551.0	-7.6521739130434785	2.75	2000.0	-21.0	0.031484257871064465	0.3088455772113943	-62.0	32812.5	0.09295352323838081	206.0	33.0218906850554	33983.0	-131.1890243902439	4303.0	7751462.0	236555.84716796875	-365.0	-14.51219512195122	476.0	11.128048780487806	2635.0	3860.805860805861	-288.0	0.6889952153110047	-11.186602870813397	2668.0	4780416.0	98.64613677680983	6.382775119617224	4676.0	
2976.0	7.869565217391304	1529.0	-7.858695652173913	2.6739130434782608	2007.0	-21.0	0.031484257871064465	0.3088455772113943	-62.0	32822.265625	0.09295352323838081	206.0	33.0218906850554	33983.0	-140.57926829268294	4611.0	7751782.0	236565.61279296875	-546.0	-16.920731707317074	555.0	16.646341463414636	2629.0	3852.0146520146523	-292.0	0.6985645933014354	-11.444976076555024	2744.0	4780416.0	98.64613677680983	6.564593301435407	4784.0	
3002.0	7.989130434782608	1518.0	-8.141304347826086	2.8043478260869565	1995.0	-22.0	0.03298350824587706	0.3043478260869565	-63.0	32832.03125	0.0944527736131934	203.0	33.0218906850554	33983.0	-149.2987804878049	4897.0	7752102.0	236575.37841796875	-706.0	-22.53048780487805	739.0	21.52439024390244	2631.0	3854.945054945055	-308.0	0.7368421052631579	-11.70334928229665	2836.0	4780416.0	98.64613677680983	6.784688995215311	4892.0	
3016.0	8.228260869565217	1496.0	-8.293478260869565	2.8152173913043477	1994.0	-26.0	0.038980509745127435	0.2833583208395802	-65.0	32841.796875	0.09745127436281859	189.0	33.0218906850554	33983.0	-157.5609756097561	5168.0	7752422.0	236585.14404296875	-870.0	-27.896341463414636	915.0	26.52439024390244	2644.0	3873.992673992674	-280.0	0.6698564593301435	-12.01913875598086	2944.0	4780608.0	98.64418309560408	7.043062200956937	5024.0	
3059.0	8.304347826086957	1489.0	-8.76086956521739	2.717391304347826	2003.0	-26.0	0.038980509745127435	0.27436281859070466	-64.0	32851.5625	0.095952023988006	183.0	33.0218906850554	33983.0	-166.3719512195122	5457.0	7752742.0	236594.90966796875	-933.0	-32.40853658536586	1063.0	28.445121951219516	2628.0	3850.5494505494507	-248.0	0.5933014354066986	-12.430622009569378	2984.0	4780608.0	98.64418309560408	7.1387559808612435	5196.0	
3064.0	8.195652173913043	1499.0	-8.815217391304348	2.5869565217391304	2015.0	-33.0	0.04947526236881559	0.2593703148425787	-66.0	32861.328125	0.09895052473763118	173.0	33.0218906850554	33983.0	-176.00609756097563	5773.0	7753062.0	236604.67529296875	-1032.0	-36.646341463414636	1202.0	31.463414634146343	2643.0	3872.5274725274726	-188.0	0.4497607655502392	-12.688995215311005	2908.0	4780608.0	98.64418309560408	6.956937799043062	5304.0	
3071.0	7.83695652173913	1532.0	-8.891304347826086	2.543478260869565	2019.0	-31.0	0.046476761619190406	0.24137931034482757	-64.0	32871.09375	0.095952023988006	161.0	33.0218906850554	33983.0	-188.96341463414635	6198.0	7753382.0	236614.44091796875	-1030.0	-41.00609756097561	1345.0	31.402439024390247	2649.0	3881.3186813186812	-172.0	0.41148325358851673	-12.832535885167463	2796.0	4780608.0	98.64418309560408	6.688995215311005	5364.0	
3080.0	7.695652173913043	1545.0	-8.98913043478261	2.510869565217391	2022.0	-30.0	0.04497751124437781	0.2338830584707646	-60.0	32880.859375	0.08995502248875561	156.0	33.0218906850554	33983.0	-204.02439024390245	6692.0	7753702.0	236624.20654296875	-868.0	-46.82926829268293	1536.0	26.463414634146343	2639.0	3866.6666666666665	-160.0	0.3827751196172249	-12.851674641148325	2744.0	4780608.0	98.64418309560408	6.564593301435407	5372.0	
3086.0	8.043478260869565	1513.0	-9.054347826086957	2.5760869565217392	2016.0	-31.0	0.046476761619190406	0.22188905547226387	-62.0	32890.625	0.09295352323838081	148.0	33.0218906850554	33983.0	-218.62804878048783	7171.0	7754022.0	236633.97216796875	-644.0	-54.66463414634147	1793.0	19.634146341463417	2656.0	3891.5750915750914	-168.0	0.4019138755980861	-12.92822966507177	2916.0	4780528.0	98.64499712927994	6.976076555023923	5404.0	
3087.0	8.67391304347826	1455.0	-9.065217391304348	2.510869565217391	2022.0	-37.0	0.05547226386806597	0.19790104947526235	-61.0	32900.390625	0.0914542728635682	132.0	33.0218906850554	33983.0	-232.13414634146343	7614.0	7754342.0	236643.73779296875	-486.0	-61.4329268292683	2015.0	14.817073170731708	2655.0	3890.10989010989	-116.0	0.27751196172248804	-12.947368421052632	3068.0	4780528.0	98.64499712927994	7.339712918660287	5412.0	
3093.0	9.380434782608695	1390.0	-9.130434782608695	2.2282608695652173	2048.0	-40.0	0.05997001499250375	0.17091454272863568	-65.0	32910.15625	0.09745127436281859	114.0	33.0218906850554	33983.0	-242.74390243902442	7962.0	7754662.0	236653.50341796875	-296.0	-68.78048780487805	2256.0	9.02439024390244	2646.0	3876.923076923077	-44.0	0.10526315789473684	-12.985645933014354	3400.0	4780528.0	98.64499712927994	8.133971291866029	5428.0	
3091.0	9.815217391304348	1350.0	-9.108695652173912	1.9456521739130435	2074.0	-45.0	0.06746626686656672	0.15142428785607195	-48.0	32919.921875	0.07196401799100449	101.0	33.0218906850554	33983.0	-248.59756097560978	8154.0	7754982.0	236663.26904296875	-45.0	-75.51829268292684	2477.0	1.3719512195121952	2634.0	3859.3406593406594	60.0	-0.14354066985645933	-12.976076555023923	3604.0	4780528.0	98.64499712927994	8.62200956937799	5424.0	
3091.0	10.054347826086957	1328.0	-9.108695652173912	1.6630434782608696	2100.0	-52.0	0.07796101949025487	0.13193403298350825	-47.0	32929.6875	0.0704647676161919	88.0	33.0218906850554	33983.0	-253.50609756097563	8315.0	7755302.0	236673.03466796875	36.0	-82.7439024390244	2714.0	-1.0975609756097562	2642.0	3871.062271062271	204.0	-0.4880382775119617	-13.004784688995215	3724.0	4780528.0	98.64499712927994	8.909090909090908	5436.0	
3070.0	10.33695652173913	1302.0	-8.880434782608695	1.3043478260869565	2133.0	-51.0	0.07646176911544228	0.11244377811094453	-40.0	32939.453125	0.05997001499250375	75.0	33.0218906850554	33983.0	-261.5548780487805	8579.0	7755622.0	236682.80029296875	121.0	-88.44512195121952	2901.0	-3.689024390243903	2642.0	3871.062271062271	388.0	-0.9282296650717703	-13.062200956937799	3880.0	4780752.0	98.64271783556309	9.282296650717702	5460.0	
3073.0	10.76086956521739	1263.0	-8.91304347826087	1.1739130434782608	2145.0	-65.0	0.09745127436281859	0.09895052473763118	-40.0	32949.21875	0.05997001499250375	66.0	33.0218906850554	33983.0	-267.3475609756098	8769.0	7755942.0	236692.56591796875	168.0	-96.6158536585366	3169.0	-5.121951219512195	2645.0	3875.4578754578756	472.0	-1.1291866028708133	-12.880382775119617	4060.0	4780752.0	98.64271783556309	9.71291866028708	5384.0	
3040.0	11.108695652173912	1231.0	-8.554347826086957	0.8913043478260869	2171.0	-62.0	0.09295352323838081	0.06896551724137931	-35.0	32958.984375	0.05247376311844078	46.0	33.0218906850554	33983.0	-269.4207317073171	8837.0	7756262.0	236702.33154296875	36.0	-103.81097560975611	3405.0	-1.0975609756097562	2645.0	3875.4578754578756	572.0	-1.368421052631579	-12.47846889952153	4204.0	4780752.0	98.64271783556309	10.057416267942584	5216.0	
3015.0	11.271739130434783	1216.0	-8.282608695652174	0.7608695652173912	2183.0	-58.0	0.08695652173913043	0.05247376311844078	-27.0	32968.75	0.04047976011994003	35.0	33.0218906850554	33983.0	-272.95731707317077	8953.0	7756582.0	236712.09716796875	-76.0	-109.69512195121952	3598.0	2.3170731707317076	2653.0	3887.1794871794873	660.0	-1.5789473684210527	-12.057416267942584	4308.0	4780752.0	98.64271783556309	10.30622009569378	5040.0	
2986.0	11.402173913043478	1204.0	-7.967391304347826	0.32608695652173914	2223.0	-75.0	0.11244377811094453	0.029985007496251874	-23.0	32978.515625	0.034482758620689655	20.0	33.0218906850554	33983.0	-278.01829268292687	9119.0	7756902.0	236721.86279296875	-205.0	-115.3048780487805	3782.0	6.250000000000001	2653.0	3887.1794871794873	832.0	-1.9904306220095693	-11.674641148325358	4336.0	4780752.0	98.64271783556309	10.373205741626794	4880.0	
2976.0	11.51086956521739	1194.0	-7.858695652173913	0.21739130434782608	2233.0	-81.0	0.12143928035982009	0.0	-11.0	32988.28125	0.01649175412293853	0.0	33.026861834252486	33984.0	-281.9207317073171	9247.0	7757222.0	236731.62841796875	-99.0	-122.01219512195124	4002.0	3.0182926829268295	2636.0	3862.2710622710624	860.0	-2.0574162679425836	-11.454545454545453	4396.0	4780752.0	98.64355923053732	10.516746411483254	4788.0	
2930.0	11.369565217391305	1207.0	-7.358695652173913	0.2717391304347826	2228.0	-81.0	0.12143928035982009	-0.014992503748125937	1.0	32998.046875	-0.0014992503748125937	-10.0	33.026861834252486	33984.0	-283.26219512195127	9291.0	7757542.0	236741.39404296875	95.0	-131.5548780487805	4315.0	-2.8963414634146343	2656.0	3891.5750915750914	924.0	-2.2105263157894735	-11.023923444976075	4332.0	4780752.0	98.64355923053732	10.363636363636363	4608.0	
2883.0	11.239130434782608	1219.0	-6.8478260869565215	-0.18478260869565216	2270.0	-91.0	0.136431784107946	-0.043478260869565216	8.0	33007.8125	-0.01199400299850075	-29.0	33.026861834252486	33984.0	-287.25609756097566	9422.0	7757862.0	236751.15966796875	306.0	-137.89634146341464	4523.0	-9.329268292682928	2644.0	3873.992673992674	1044.0	-2.4976076555023923	-10.459330143540669	4280.0	4780752.0	98.64355923053732	10.239234449760765	4372.0	
2837.0	11.402173913043478	1204.0	-6.3478260869565215	-0.3804347826086956	2288.0	-100.0	0.14992503748125938	-0.06146926536731634	30.0	33017.578125	-0.04497751124437781	-41.0	33.026861834252486	33984.0	-291.5548780487805	9563.0	7758182.0	236760.92529296875	634.0	-145.39634146341464	4769.0	-19.32926829268293	2646.0	3876.923076923077	1132.0	-2.7081339712918657	-9.885167464114833	4364.0	4780752.0	98.64355923053732	10.440191387559809	4132.0	
2793.0	11.641304347826086	1182.0	-5.869565217391304	-0.5	2299.0	-100.0	0.14992503748125938	-0.08395802098950525	41.0	33027.34375	-0.06146926536731634	-56.0	33.026861834252486	33984.0	-291.859756097561	9573.0	7758502.0	236770.69091796875	819.0	-152.8048780487805	5012.0	-24.969512195121954	2648.0	3879.8534798534797	1208.0	-2.889952153110048	-9.39712918660287	4468.0	4780752.0	98.64355923053732	10.688995215311005	3928.0	
2756.0	12.228260869565217	1128.0	-5.467391304347826	-0.9239130434782609	2338.0	-112.0	0.1679160419790105	-0.10494752623688156	55.0	33037.109375	-0.08245877061469264	-70.0	33.026861834252486	33984.0	-289.75609756097566	9504.0	7758822.0	236780.45654296875	710.0	-160.27439024390245	5257.0	-21.646341463414636	2639.0	3866.6666666666665	1420.0	-3.3971291866028706	-8.937799043062201	4792.0	4779760.0	98.65365334089056	11.464114832535884	3736.0	
2733.0	13.239130434782608	1035.0	-5.217391304347826	-1.5434782608695652	2395.0	-123.0	0.18440779610194902	-0.11394302848575712	70.0	33046.875	-0.10494752623688156	-76.0	33.026861834252486	33984.0	-287.5609756097561	9432.0	7759142.0	236790.22216796875	560.0	-166.9207317073171	5475.0	-17.073170731707318	2652.0	3885.714285714286	1564.0	-3.741626794258373	-8.75598086124402	5036.0	4779760.0	98.65365334089056	12.047846889952153	3660.0	
2721.0	13.826086956521738	981.0	-5.08695652173913	-1.8152173913043477	2420.0	-122.0	0.1829085457271364	-0.1424287856071964	81.0	33056.640625	-0.12143928035982009	-95.0	33.026861834252486	33984.0	-284.0548780487805	9317.0	7759462.0	236799.98779296875	510.0	-172.59146341463415	5661.0	-15.54878048780488	2646.0	3876.923076923077	1804.0	-4.315789473684211	-8.535885167464114	5420.0	4779760.0	98.65365334089056	12.966507177033492	3568.0	
2693.0	13.380434782608695	1022.0	-4.782608695652174	-1.9239130434782608	2430.0	-131.0	0.19640179910044978	-0.15142428785607195	100.0	33066.40625	-0.14992503748125938	-101.0	33.026861834252486	33984.0	-278.2317073170732	9126.0	7759782.0	236809.75341796875	235.0	-178.90243902439025	5868.0	-7.164634146341464	2643.0	3872.5274725274726	1780.0	-4.258373205741627	-8.267942583732058	5348.0	4779760.0	98.65365334089056	12.794258373205741	3456.0	
2660.0	12.630434782608695	1091.0	-4.423913043478261	-2.130434782608696	2449.0	-132.0	0.19790104947526235	-0.1619190404797601	118.0	33076.171875	-0.17691154422788605	-108.0	33.026861834252486	33984.0	-279.4817073170732	9167.0	7760102.0	236819.51904296875	-123.0	-182.46951219512198	5985.0	3.7500000000000004	2642.0	3871.062271062271	1916.0	-4.583732057416268	-7.760765550239234	4996.0	4779760.0	98.65365334089056	11.952153110047847	3244.0	
2615.0	11.967391304347826	1152.0	-3.934782608695652	-1.826086956521739	2421.0	-139.0	0.2083958020989505	-0.18590704647676162	128.0	33085.9375	-0.191904047976012	-124.0	33.026861834252486	33984.0	-284.0243902439025	9316.0	7760422.0	236829.28466796875	-166.0	-188.9329268292683	6197.0	5.060975609756098	2639.0	3866.6666666666665	1792.0	-4.287081339712919	-7.263157894736842	4704.0	4780208.0	98.64909470605984	11.253588516746412	3036.0	
2567.0	11.358695652173912	1208.0	-3.4130434782608696	-1.6739130434782608	2407.0	-139.0	0.2083958020989505	-0.1874062968515742	150.0	33095.703125	-0.22488755622188905	-125.0	33.026861834252486	33984.0	-288.38414634146346	9459.0	7760742.0	236839.05029296875	-3.0	-195.97560975609758	6428.0	0.09146341463414635	2636.0	3862.2710622710624	1696.0	-4.057416267942584	-6.660287081339713	4388.0	4780208.0	98.64909470605984	10.497607655502392	2784.0	
2507.0	10.66304347826087	1272.0	-2.760869565217391	-1.4021739130434783	2382.0	-144.0	0.21589205397301348	-0.2098950524737631	165.0	33105.46875	-0.24737631184407796	-140.0	33.026861834252486	33984.0	-290.5487804878049	9530.0	7761062.0	236848.81591796875	460.0	-202.65243902439028	6647.0	-14.02439024390244	2653.0	3887.1794871794873	1588.0	-3.799043062200957	-5.971291866028708	4044.0	4780208.0	98.64909470605984	9.674641148325358	2496.0	
2457.0	10.152173913043478	1319.0	-2.217391304347826	-1.2282608695652173	2366.0	-153.0	0.22938530734632684	-0.2098950524737631	191.0	33115.234375	-0.2863568215892054	-140.0	33.026861834252486	33984.0	-290.1219512195122	9516.0	7761382.0	236858.58154296875	947.0	-210.21341463414637	6895.0	-28.871951219512198	2627.0	3849.084249084249	1440.0	-3.4449760765550237	-5.215311004784689	3780.0	4780208.0	98.64909470605984	9.043062200956937	2180.0	
2394.0	10.217391304347826	1313.0	-1.5326086956521738	-1.2826086956521738	2371.0	-160.0	0.239880059970015	-0.22788605697151423	201.0	33125.0	-0.30134932533733133	-152.0	33.026861834252486	33984.0	-288.6585365853659	9468.0	7761702.0	236868.34716796875	1305.0	-216.70731707317074	7108.0	-39.78658536585366	2657.0	3893.040293040293	1572.0	-3.7607655502392343	-4.497607655502392	3820.0	4780208.0	98.64909470605984	9.138755980861244	1880.0	
2356.0	10.33695652173913	1302.0	-1.1195652173913042	-0.9239130434782609	2338.0	-165.0	0.24737631184407796	-0.22338830584707645	228.0	33134.765625	-0.34182908545727136	-149.0	33.026861834252486	33984.0	-281.4634146341464	9232.0	7762022.0	236878.11279296875	1711.0	-218.20121951219514	7157.0	-52.16463414634147	2656.0	3891.5750915750914	1352.0	-3.2344497607655502	-3.9617224880382773	3864.0	4780304.0	98.64811785667082	9.24401913875598	1656.0	
2334.0	10.184782608695652	1316.0	-0.8804347826086957	-1.0869565217391304	2353.0	-170.0	0.25487256371814093	-0.22488755622188905	250.0	33144.53125	-0.3748125937031484	-150.0	33.026861834252486	33984.0	-271.89024390243907	8918.0	7762342.0	236887.87841796875	1860.0	-223.38414634146343	7327.0	-56.707317073170735	2639.0	3866.6666666666665	1392.0	-3.3301435406698565	-3.5693779904306218	3768.0	4780304.0	98.64811785667082	9.014354066985646	1492.0	
2303.0	9.793478260869565	1352.0	-0.5434782608695652	-0.9239130434782609	2338.0	-175.0	0.2623688155922039	-0.23088455772113942	270.0	33154.296875	-0.4047976011994003	-154.0	33.026861834252486	33984.0	-264.2378048780488	8667.0	7762662.0	236897.64404296875	2088.0	-221.70731707317074	7272.0	-63.65853658536586	2652.0	3885.714285714286	1360.0	-3.253588516746411	-3.291866028708134	3616.0	4780304.0	98.64811785667082	8.650717703349281	1376.0	
2273.0	9.434782608695652	1385.0	-0.21739130434782608	-1.0108695652173914	2346.0	-173.0	0.2593703148425787	-0.22788605697151423	282.0	33164.0625	-0.42278860569715143	-152.0	33.026861834252486	33984.0	-257.0426829268293	8431.0	7762982.0	236907.40966796875	2099.0	-219.60365853658539	7203.0	-63.993902439024396	2650.0	3882.7838827838827	1364.0	-3.263157894736842	-2.8708133971291865	3428.0	4780304.0	98.64811785667082	8.200956937799043	1200.0	
2243.0	9.23913043478261	1403.0	0.10869565217391304	-0.5652173913043478	2305.0	-172.0	0.2578710644677661	-0.2383808095952024	310.0	33173.828125	-0.46476761619190404	-159.0	33.026861834252486	33984.0	-253.53658536585368	8316.0	7763302.0	236917.17529296875	1995.0	-214.2987804878049	7029.0	-60.82317073170732	2647.0	3878.388278388278	1084.0	-2.5933014354066986	-2.5645933014354068	3388.0	4780304.0	98.64811785667082	8.105263157894736	1072.0	
2208.0	8.826086956521738	1441.0	0.4891304347826087	0.3804347826086956	2218.0	-180.0	0.2698650674662669	-0.22638680659670163	327.0	33183.59375	-0.49025487256371814	-151.0	33.026861834252486	33984.0	-243.07926829268294	7973.0	7763622.0	236926.94091796875	1841.0	-207.77439024390245	6815.0	-56.12804878048781	2650.0	3882.7838827838827	700.0	-1.6746411483253587	-2.1818181818181817	3128.0	4780448.0	98.64665258320396	7.483253588516746	912.0	
2186.0	8.456521739130434	1475.0	0.7282608695652174	0.6739130434782609	2191.0	-178.0	0.26686656671664166	-0.22488755622188905	343.0	33193.359375	-0.5142428785607196	-150.0	33.026861834252486	33984.0	-226.46341463414637	7428.0	7763942.0	236936.70654296875	1599.0	-201.58536585365854	6612.0	-48.75000000000001	2641.0	3869.5970695970695	636.0	-1.5215311004784688	-1.9234449760765548	3008.0	4780448.0	98.64665258320396	7.196172248803827	804.0	
2148.0	7.945652173913043	1522.0	1.141304347826087	1.326086956521739	2131.0	-176.0	0.2638680659670165	-0.22188905547226387	359.0	33203.125	-0.5382308845577212	-148.0	33.026861834252486	33984.0	-214.2987804878049	7029.0	7764262.0	236946.47216796875	1744.0	-188.59756097560978	6186.0	-53.17073170731708	2646.0	3876.923076923077	372.0	-0.8899521531100478	-1.5119617224880382	2808.0	4780448.0	98.64665258320396	6.717703349282297	632.0	
2109.0	7.532608695652174	1560.0	1.5652173913043477	2.0760869565217392	2062.0	-177.0	0.2653673163418291	-0.2143928035982009	387.0	33212.890625	-0.5802098950524738	-143.0	33.026861834252486	33984.0	-203.44512195121953	6673.0	7764582.0	236956.23779296875	1757.0	-179.4817073170732	5887.0	-53.56707317073171	2655.0	3890.10989010989	60.0	-0.14354066985645933	-0.9952153110047847	2640.0	4780448.0	98.64665258320396	6.315789473684211	416.0	
2049.0	7.25	1586.0	2.217391304347826	2.358695652173913	2036.0	-181.0	0.27136431784107945	-0.21139430284857572	397.0	33222.65625	-0.5952023988005997	-141.0	33.026861834252486	33984.0	-188.44512195121953	6181.0	7764902.0	236966.00341796875	1585.0	-185.4878048780488	6084.0	-48.32317073170732	2657.0	3893.040293040293	-144.0	0.34449760765550236	-0.23923444976076555	2472.0	4780448.0	98.64665258320396	5.913875598086124	100.0	
1976.0	7.260869565217391	1585.0	3.010869565217391	2.0652173913043477	2063.0	-177.0	0.2653673163418291	-0.20689655172413793	411.0	33232.421875	-0.616191904047976	-138.0	33.026861834252486	33984.0	-174.02439024390245	5708.0	7765222.0	236975.76904296875	1466.0	-201.34146341463418	6604.0	-44.69512195121952	2639.0	3866.6666666666665	-4.0	0.009569377990430622	0.7177033492822966	2456.0	4780464.0	98.64648977508665	5.875598086124402	-300.0	
1927.0	6.989130434782608	1610.0	3.543478260869565	2.4347826086956523	2029.0	-182.0	0.272863568215892	-0.19040479760119938	428.0	33242.1875	-0.6416791604197901	-127.0	33.026861834252486	33984.0	-158.96341463414635	5214.0	7765542.0	236985.53466796875	1568.0	-207.65243902439028	6811.0	-47.804878048780495	2628.0	3850.5494505494507	-104.0	0.24880382775119617	1.492822966507177	2368.0	4780464.0	98.64648977508665	5.665071770334928	-624.0	
1940.0	6.4021739130434785	1664.0	3.402173913043478	2.869565217391304	1989.0	-174.0	0.2608695652173913	-0.191904047976012	434.0	33251.953125	-0.6506746626686657	-128.0	33.026861834252486	33984.0	-141.3719512195122	4637.0	7765862.0	236995.30029296875	1475.0	-215.4268292682927	7066.0	-44.96951219512196	2639.0	3866.6666666666665	-352.0	0.8421052631578947	1.3588516746411483	2092.0	4780464.0	98.64648977508665	5.0047846889952154	-568.0	
1967.0	5.826086956521739	1717.0	3.108695652173913	3.1956521739130435	1959.0	-178.0	0.26686656671664166	-0.17991004497751123	449.0	33261.71875	-0.6731634182908546	-120.0	33.026861834252486	33984.0	-126.15853658536587	4138.0	7766182.0	237005.06591796875	1422.0	-216.09756097560978	7088.0	-43.35365853658537	2655.0	3890.10989010989	-584.0	1.3971291866028708	1.0239234449760766	1812.0	4780464.0	98.64648977508665	4.3349282296650715	-428.0	
2002.0	5.771739130434782	1722.0	2.7282608695652173	2.8260869565217392	1993.0	-170.0	0.25487256371814093	-0.17841079460269865	464.0	33271.484375	-0.6956521739130435	-119.0	33.026861834252486	33984.0	-119.54268292682929	3921.0	7766502.0	237014.83154296875	1502.0	-202.01219512195124	6626.0	-45.79268292682927	2646.0	3876.923076923077	-428.0	1.0239234449760766	0.6124401913875598	1780.0	4780464.0	98.64648977508665	4.258373205741627	-256.0	
2013.0	6.119565217391304	1690.0	2.608695652173913	3.0652173913043477	1971.0	-170.0	0.25487256371814093	-0.17241379310344826	466.0	33281.25	-0.6986506746626686	-115.0	33.026861834252486	33984.0	-112.98780487804879	3706.0	7766822.0	237024.59716796875	1496.0	-174.0548780487805	5709.0	-45.60975609756098	2659.0	3895.970695970696	-528.0	1.263157894736842	0.3923444976076555	1992.0	4780640.0	98.64469888639923	4.765550239234449	-164.0	
1987.0	6.423913043478261	1662.0	2.891304347826087	3.282608695652174	1951.0	-161.0	0.24137931034482757	-0.16941529235382308	478.0	33291.015625	-0.7166416791604198	-113.0	33.026861834252486	33984.0	-101.98170731707317	3345.0	7767142.0	237034.36279296875	1273.0	-148.2926829268293	4864.0	-38.8109756097561	2652.0	3885.714285714286	-628.0	1.5023923444976075	0.8038277511961722	2104.0	4780640.0	98.64469888639923	5.033492822966507	-336.0	
1954.0	6.391304347826087	1665.0	3.25	3.5217391304347827	1929.0	-155.0	0.23238380809595202	-0.16041979010494753	489.0	33300.78125	-0.7331334332833583	-107.0	33.026861834252486	33984.0	-94.42073170731709	3097.0	7767462.0	237044.12841796875	1227.0	-133.44512195121953	4377.0	-37.40853658536586	2638.0	3865.2014652014655	-752.0	1.7990430622009568	1.3014354066985645	2096.0	4780640.0	98.64469888639923	5.0143540669856455	-544.0	
1888.0	5.869565217391304	1713.0	3.967391304347826	3.869565217391304	1897.0	-160.0	0.239880059970015	-0.15592203898050974	488.0	33310.546875	-0.7316341829085456	-104.0	33.026861834252486	33984.0	-84.14634146341464	2760.0	7767782.0	237053.89404296875	1196.0	-119.54268292682929	3921.0	-36.463414634146346	2657.0	3893.040293040293	-836.0	2.0	2.047846889952153	1864.0	4780640.0	98.64469888639923	4.45933014354067	-856.0	
1846.0	5.771739130434782	1722.0	4.423913043478261	3.793478260869565	1904.0	-154.0	0.23088455772113942	-0.15592203898050974	504.0	33320.3125	-0.7556221889055472	-104.0	33.026861834252486	33984.0	-75.2439024390244	2468.0	7768102.0	237063.65966796875	1129.0	-113.9329268292683	3737.0	-34.420731707317074	2648.0	3879.8534798534797	-816.0	1.9521531100478469	2.602870813397129	1820.0	4780640.0	98.64469888639923	4.354066985645932	-1088.0	
1813.0	6.08695652173913	1693.0	4.782608695652174	3.9782608695652173	1887.0	-155.0	0.23238380809595202	-0.136431784107946	507.0	33330.078125	-0.760119940029985	-91.0	33.026861834252486	33984.0	-69.17682926829269	2269.0	7768422.0	237073.42529296875	1120.0	-107.04268292682927	3511.0	-34.146341463414636	2648.0	3879.8534798534797	-916.0	2.1913875598086126	3.0334928229665072	1992.0	4780560.0	98.64551292657465	4.765550239234449	-1268.0	
1776.0	6.260869565217391	1677.0	5.184782608695652	3.7717391304347827	1906.0	-149.0	0.22338830584707645	-0.13193403298350825	509.0	33339.84375	-0.7631184407796102	-88.0	33.026861834252486	33984.0	-61.554878048780495	2019.0	7768742.0	237083.19091796875	958.0	-99.29878048780489	3257.0	-29.207317073170735	2649.0	3881.3186813186812	-804.0	1.9234449760765548	3.3492822966507174	2044.0	4780560.0	98.64551292657465	4.889952153110047	-1400.0	
1758.0	6.217391304347826	1681.0	5.380434782608695	3.9456521739130435	1890.0	-149.0	0.22338830584707645	-0.12893553223388304	518.0	33349.609375	-0.7766116941529235	-86.0	33.026861834252486	33984.0	-54.176829268292686	1777.0	7769062.0	237092.95654296875	789.0	-90.48780487804879	2968.0	-24.05487804878049	2635.0	3860.805860805861	-864.0	2.0669856459330145	3.5502392344497604	2040.0	4780560.0	98.64551292657465	4.880382775119617	-1484.0	
1742.0	6.1521739130434785	1687.0	5.554347826086956	4.0	1885.0	-144.0	0.21589205397301348	-0.13043478260869565	518.0	33359.375	-0.7766116941529235	-87.0	33.026861834252486	33984.0	-46.524390243902445	1526.0	7769382.0	237102.72216796875	677.0	-83.47560975609757	2738.0	-20.640243902439025	2663.0	3901.8315018315016	-900.0	2.15311004784689	3.7799043062200957	2004.0	4780560.0	98.64551292657465	4.794258373205741	-1580.0	
1733.0	6.054347826086956	1696.0	5.6521739130434785	3.934782608695652	1891.0	-140.0	0.2098950524737631	-0.13343328335832083	523.0	33369.140625	-0.7841079460269865	-89.0	33.026861834252486	33984.0	-40.76219512195122	1337.0	7769702.0	237112.48779296875	565.0	-76.46341463414635	2508.0	-17.225609756097562	2648.0	3879.8534798534797	-892.0	2.1339712918660285	3.9330143540669855	1976.0	4780560.0	98.64551292657465	4.7272727272727275	-1644.0	
1731.0	5.978260869565217	1703.0	5.673913043478261	3.9456521739130435	1890.0	-131.0	0.19640179910044978	-0.12143928035982009	525.0	33378.90625	-0.7871064467766117	-81.0	33.026861834252486	33984.0	-35.457317073170735	1163.0	7770022.0	237122.25341796875	560.0	-67.98780487804879	2230.0	-17.073170731707318	2649.0	3881.3186813186812	-884.0	2.114832535885167	3.9712918660287078	1956.0	4780512.0	98.64600135078953	4.679425837320574	-1660.0	
1717.0	5.956521739130435	1705.0	5.826086956521739	3.9130434782608696	1893.0	-136.0	0.20389805097451275	-0.12893553223388304	528.0	33388.671875	-0.7916041979010494	-86.0	33.026861834252486	33984.0	-31.03658536585366	1018.0	7770342.0	237132.01904296875	579.0	-56.79878048780488	1863.0	-17.652439024390244	2644.0	3873.992673992674	-876.0	2.0956937799043063	4.047846889952153	1944.0	4780512.0	98.64600135078953	4.650717703349282	-1692.0	
1703.0	6.130434782608695	1689.0	5.978260869565217	3.4130434782608696	1939.0	-139.0	0.2083958020989505	-0.1184407796101949	529.0	33398.4375	-0.793103448275862	-79.0	33.026861834252486	33984.0	-29.207317073170735	958.0	7770662.0	237141.78466796875	612.0	-46.89024390243903	1538.0	-18.658536585365855	2637.0	3863.736263736264	-700.0	1.6746411483253587	4.30622009569378	1996.0	4780512.0	98.64600135078953	4.77511961722488	-1800.0	
1676.0	6.5	1655.0	6.271739130434782	3.0	1977.0	-131.0	0.19640179910044978	-0.11094452773613193	531.0	33408.203125	-0.7961019490254873	-74.0	33.026861834252486	33984.0	-28.10975609756098	922.0	7770982.0	237151.55029296875	734.0	-36.676829268292686	1203.0	-22.378048780487806	2637.0	3863.736263736264	-512.0	1.2248803827751196	4.574162679425837	2160.0	4780512.0	98.64600135078953	5.167464114832535	-1912.0	
1657.0	6.75	1632.0	6.478260869565217	2.891304347826087	1987.0	-137.0	0.20539730134932532	-0.12443778110944527	539.0	33417.96875	-0.808095952023988	-83.0	33.026861834252486	33984.0	-27.225609756097562	893.0	7771302.0	237161.31591796875	784.0	-28.963414634146343	950.0	-23.902439024390247	2625.0	3846.153846153846	-436.0	1.0430622009569377	4.8708133971291865	2284.0	4780512.0	98.64600135078953	5.464114832535885	-2036.0	
1639.0	6.956521739130435	1613.0	6.673913043478261	3.0978260869565215	1968.0	-134.0	0.20089955022488756	-0.10944527736131934	532.0	33427.734375	-0.7976011994002998	-73.0	33.026861834252486	33984.0	-24.26829268292683	796.0	7771622.0	237171.08154296875	807.0	-23.719512195121954	778.0	-24.603658536585368	2655.0	3890.10989010989	-496.0	1.186602870813397	5.033492822966507	2368.0	4780832.0	98.64274519091003	5.665071770334928	-2104.0	
1620.0	6.641304347826087	1642.0	6.880434782608695	3.3043478260869565	1949.0	-138.0	0.20689655172413793	-0.11544227886056971	539.0	33437.5	-0.808095952023988	-77.0	33.026861834252486	33984.0	-20.60975609756098	676.0	7771942.0	237180.84716796875	828.0	-18.323170731707318	601.0	-25.243902439024392	2651.0	3884.2490842490843	-576.0	1.3779904306220094	5.311004784688995	2236.0	4780832.0	98.64274519091003	5.349282296650718	-2220.0	
1611.0	6.641304347826087	1642.0	6.978260869565217	3.3478260869565215	1945.0	-134.0	0.20089955022488756	-0.10644677661169415	543.0	33447.265625	-0.8140929535232384	-71.0	33.026861834252486	33984.0	-21.615853658536587	709.0	7772262.0	237190.61279296875	791.0	-16.06707317073171	527.0	-24.115853658536587	2645.0	3875.4578754578756	-604.0	1.444976076555024	5.3971291866028706	2244.0	4780832.0	98.64274519091003	5.368421052631579	-2256.0	
1602.0	6.728260869565217	1634.0	7.076086956521739	3.3152173913043477	1948.0	-143.0	0.2143928035982009	-0.10944527736131934	538.0	33457.03125	-0.8065967016491754	-73.0	33.026861834252486	33984.0	-18.78048780487805	616.0	7772582.0	237200.37841796875	807.0	-11.036585365853659	362.0	-24.603658536585368	2640.0	3868.131868131868	-616.0	1.4736842105263157	5.578947368421052	2268.0	4780832.0	98.64274519091003	5.425837320574162	-2332.0	
1586.0	6.83695652173913	1624.0	7.25	3.25	1954.0	-132.0	0.19790104947526235	-0.10644677661169415	540.0	33466.796875	-0.8095952023988006	-71.0	33.026861834252486	33984.0	-17.225609756097562	565.0	7772902.0	237210.14404296875	688.0	-8.78048780487805	288.0	-20.975609756097562	2653.0	3887.1794871794873	-548.0	1.3110047846889952	5.70334928229665	2336.0	4780832.0	98.64274519091003	5.588516746411483	-2384.0	
1575.0	6.934782608695652	1615.0	7.369565217391304	3.25	1954.0	-134.0	0.20089955022488756	-0.10194902548725637	543.0	33476.5625	-0.8140929535232384	-68.0	33.026861834252486	33984.0	-17.896341463414636	587.0	7773222.0	237219.90966796875	675.0	-5.121951219512195	168.0	-20.57926829268293	2653.0	3887.1794871794873	-536.0	1.2822966507177034	5.837320574162679	2380.0	4780832.0	98.64274519091003	5.69377990430622	-2440.0	
1561.0	7.010869565217391	1608.0	7.521739130434782	2.9891304347826084	1978.0	-135.0	0.20239880059970014	-0.10644677661169415	539.0	33486.328125	-0.808095952023988	-71.0	33.026861834252486	33984.0	-17.53048780487805	575.0	7773542.0	237229.67529296875	663.0	-2.0121951219512195	66.0	-20.213414634146343	2639.0	3866.6666666666665	-424.0	1.014354066985646	6.086124401913875	2404.0	4780832.0	98.64274519091003	5.751196172248804	-2544.0	
1532.0	7.1521739130434785	1595.0	7.83695652173913	2.717391304347826	2003.0	-139.0	0.2083958020989505	-0.10644677661169415	542.0	33496.09375	-0.8125937031484257	-71.0	33.026861834252486	33984.0	-17.04268292682927	559.0	7773862.0	237239.44091796875	750.0	1.1585365853658538	-38.0	-22.865853658536587	2653.0	3887.1794871794873	-352.0	0.8421052631578947	6.200956937799043	2456.0	4780832.0	98.64274519091003	5.875598086124402	-2592.0	
1509.0	7.25	1586.0	8.08695652173913	2.5760869565217392	2016.0	-136.0	0.20389805097451275	-0.0944527736131934	542.0	33505.859375	-0.8125937031484257	-63.0	33.026861834252486	33984.0	-17.225609756097562	565.0	7774182.0	237249.20654296875	820.0	4.969512195121951	-163.0	-25.000000000000004	2633.0	3857.875457875458	-292.0	0.6985645933014354	6.516746411483253	2540.0	4780832.0	98.64274519091003	6.0765550239234445	-2724.0	
1482.0	7.3478260869565215	1577.0	8.380434782608695	2.4565217391304346	2027.0	-139.0	0.2083958020989505	-0.09745127436281859	546.0	33515.625	-0.8185907046476761	-65.0	33.026861834252486	33984.0	-17.28658536585366	567.0	7774502.0	237258.97216796875	871.0	4.573170731707317	-150.0	-26.55487804878049	2640.0	3868.131868131868	-244.0	0.5837320574162679	6.899521531100478	2552.0	4780832.0	98.64274519091003	6.105263157894736	-2884.0	
1468.0	7.282608695652174	1583.0	8.532608695652174	2.402173913043478	2032.0	-141.0	0.21139430284857572	-0.09295352323838081	541.0	33525.390625	-0.8110944527736131	-62.0	33.026861834252486	33984.0	-17.439024390243905	572.0	7774822.0	237268.73779296875	1034.0	2.378048780487805	-78.0	-31.52439024390244	2650.0	3882.7838827838827	-148.0	0.354066985645933	7.1291866028708135	2544.0	4780608.0	98.64502450244198	6.086124401913875	-2980.0	
1456.0	7.217391304347826	1589.0	8.66304347826087	2.2391304347826084	2047.0	-143.0	0.2143928035982009	-0.095952023988006	538.0	33535.15625	-0.8065967016491754	-64.0	33.026861834252486	33984.0	-16.707317073170735	548.0	7775142.0	237278.50341796875	1201.0	2.8353658536585367	-93.0	-36.61585365853659	2636.0	3862.2710622710624	-116.0	0.27751196172248804	7.263157894736842	2540.0	4780608.0	98.64502450244198	6.0765550239234445	-3036.0	
1439.0	7.282608695652174	1583.0	8.847826086956522	2.3152173913043477	2040.0	-143.0	0.2143928035982009	-0.0914542728635682	542.0	33544.921875	-0.8125937031484257	-61.0	33.026861834252486	33984.0	-17.835365853658537	585.0	7775462.0	237288.26904296875	1363.0	2.25609756097561	-74.0	-41.554878048780495	2640.0	3868.131868131868	-132.0	0.3157894736842105	7.454545454545454	2536.0	4780608.0	98.64502450244198	6.0669856459330145	-3116.0	
1427.0	7.478260869565217	1565.0	8.978260869565217	2.3152173913043477	2040.0	-147.0	0.22038980509745126	-0.07946026986506746	536.0	33554.6875	-0.8035982008995503	-53.0	33.026861834252486	33984.0	-18.04878048780488	592.0	7775782.0	237298.03466796875	1460.0	1.3109756097560976	-43.0	-44.51219512195122	2640.0	3868.131868131868	-140.0	0.33492822966507174	7.617224880382775	2620.0	4780608.0	98.64502450244198	6.267942583732057	-3184.0	
1422.0	7.75	1540.0	9.032608695652174	2.282608695652174	2043.0	-148.0	0.22188905547226387	-0.08395802098950525	541.0	33564.453125	-0.8110944527736131	-56.0	33.026861834252486	33984.0	-16.85975609756098	553.0	7776102.0	237307.80029296875	1542.0	-0.701219512195122	23.0	-47.01219512195122	2635.0	3860.805860805861	-136.0	0.3253588516746411	7.751196172248804	2724.0	4780608.0	98.64502450244198	6.516746411483253	-3240.0	
1430.0	8.108695652173912	1507.0	8.945652173913043	2.1956521739130435	2051.0	-148.0	0.22188905547226387	-0.07946026986506746	546.0	33574.21875	-0.8185907046476761	-53.0	33.026861834252486	33984.0	-14.390243902439027	472.0	7776422.0	237317.56591796875	1540.0	-3.0182926829268295	99.0	-46.951219512195124	2639.0	3866.6666666666665	-140.0	0.33492822966507174	7.645933014354067	2864.0	4780816.0	98.64290799881721	6.851674641148325	-3196.0	
1446.0	8.021739130434783	1515.0	8.771739130434783	2.4456521739130435	2028.0	-154.0	0.23088455772113942	-0.08395802098950525	542.0	33583.984375	-0.8125937031484257	-56.0	33.026861834252486	33984.0	-11.067073170731708	363.0	7776742.0	237327.33154296875	1482.0	-5.000000000000001	164.0	-45.1829268292683	2623.0	3843.223443223443	-236.0	0.5645933014354066	7.454545454545454	2864.0	4780816.0	98.64290799881721	6.851674641148325	-3116.0	
1461.0	7.934782608695652	1523.0	8.608695652173912	2.619565217391304	2012.0	-150.0	0.22488755622188905	-0.07646176911544228	544.0	33593.75	-0.815592203898051	-51.0	33.026861834252486	33984.0	-9.176829268292684	301.0	7777062.0	237337.09716796875	1395.0	-7.25609756097561	238.0	-42.53048780487805	2635.0	3860.805860805861	-260.0	0.6220095693779905	7.23444976076555	2812.0	4780816.0	98.64290799881721	6.727272727272727	-3024.0	
1488.0	7.869565217391304	1529.0	8.315217391304348	2.641304347826087	2010.0	-146.0	0.21889055472263869	-0.07796101949025487	544.0	33603.515625	-0.815592203898051	-52.0	33.026861834252486	33984.0	-6.585365853658537	216.0	7777382.0	237346.86279296875	1327.0	-6.737804878048781	221.0	-40.457317073170735	2647.0	3878.388278388278	-252.0	0.6028708133971291	6.909090909090909	2796.0	4780816.0	98.64290799881721	6.688995215311005	-2888.0	
1508.0	7.695652173913043	1545.0	8.097826086956522	2.5652173913043477	2017.0	-146.0	0.21889055472263869	-0.07796101949025487	544.0	33613.28125	-0.815592203898051	-52.0	33.026861834252486	33984.0	-4.207317073170732	138.0	7777702.0	237356.62841796875	1265.0	-3.658536585365854	120.0	-38.56707317073171	2633.0	3857.875457875458	-276.0	0.6602870813397129	6.62200956937799	2712.0	4780816.0	98.64290799881721	6.488038277511961	-2768.0	
1524.0	7.4021739130434785	1572.0	7.923913043478261	2.6739130434782608	2007.0	-160.0	0.239880059970015	-0.07196401799100449	551.0	33623.046875	-0.8260869565217391	-48.0	33.026861834252486	33984.0	-1.8902439024390245	62.0	7778022.0	237366.39404296875	1231.0	-0.39634146341463417	13.0	-37.53048780487805	2656.0	3891.5750915750914	-240.0	0.5741626794258373	6.401913875598086	2596.0	4780944.0	98.64160553581553	6.2105263157894735	-2676.0	
1544.0	7.108695652173913	1599.0	7.706521739130435	2.532608695652174	2020.0	-160.0	0.239880059970015	-0.07196401799100449	551.0	33632.8125	-0.8260869565217391	-48.0	33.026861834252486	33984.0	-0.3658536585365854	12.0	7778342.0	237376.15966796875	1232.0	2.5000000000000004	-82.0	-37.5609756097561	2634.0	3859.3406593406594	-248.0	0.5933014354066986	6.1913875598086126	2464.0	4780944.0	98.64160553581553	5.894736842105263	-2588.0	
1555.0	6.945652173913043	1614.0	7.58695652173913	2.5869565217391304	2015.0	-155.0	0.23238380809595202	-0.07346326836581708	546.0	33642.578125	-0.8185907046476761	-49.0	33.026861834252486	33984.0	2.530487804878049	-83.0	7778662.0	237385.92529296875	1189.0	5.76219512195122	-189.0	-36.25	2640.0	3868.131868131868	-260.0	0.6220095693779905	6.133971291866028	2412.0	4780944.0	98.64160553581553	5.770334928229665	-2564.0	
1565.0	6.58695652173913	1647.0	7.478260869565217	2.619565217391304	2012.0	-154.0	0.23088455772113942	-0.07196401799100449	552.0	33652.34375	-0.8275862068965517	-48.0	33.026861834252486	33984.0	5.091463414634147	-167.0	7778982.0	237395.69091796875	1274.0	8.140243902439025	-267.0	-38.84146341463415	2631.0	3854.945054945055	-308.0	0.7368421052631579	5.980861244019138	2256.0	4780944.0	98.64160553581553	5.3971291866028706	-2500.0	
1590.0	6.521739130434782	1653.0	7.206521739130435	2.5652173913043477	2017.0	-163.0	0.24437781109445278	-0.06596701649175413	550.0	33662.109375	-0.8245877061469266	-44.0	33.026861834252486	33984.0	8.536585365853659	-280.0	7779302.0	237405.45654296875	1285.0	9.847560975609756	-323.0	-39.176829268292686	2635.0	3860.805860805861	-276.0	0.6602870813397129	5.760765550239234	2200.0	4780944.0	98.64160553581553	5.263157894736842	-2408.0	
1611.0	6.5	1655.0	6.978260869565217	2.543478260869565	2019.0	-166.0	0.24887556221889054	-0.06296851574212893	545.0	33671.875	-0.8170914542728636	-42.0	33.026861834252486	33984.0	12.01219512195122	-394.0	7779622.0	237415.22216796875	1277.0	15.000000000000002	-492.0	-38.9329268292683	2645.0	3875.4578754578756	-284.0	0.6794258373205742	5.444976076555024	2144.0	4780784.0	98.643233614659	5.1291866028708135	-2276.0	
1635.0	6.326086956521739	1671.0	6.717391304347826	2.75	2000.0	-161.0	0.24137931034482757	-0.06746626686656672	542.0	33681.640625	-0.8125937031484257	-45.0	33.026861834252486	33984.0	17.25609756097561	-566.0	7779942.0	237424.98779296875	1173.0	21.55487804878049	-707.0	-35.76219512195122	2650.0	3882.7838827838827	-300.0	0.7177033492822966	5.186602870813397	2096.0	4780784.0	98.643233614659	5.0143540669856455	-2168.0	
1651.0	6.206521739130435	1682.0	6.543478260869565	2.760869565217391	1999.0	-172.0	0.2578710644677661	-0.0704647676161919	542.0	33691.40625	-0.8125937031484257	-47.0	33.026861834252486	33984.0	22.28658536585366	-731.0	7780262.0	237434.75341796875	1074.0	29.75609756097561	-976.0	-32.743902439024396	2637.0	3863.736263736264	-340.0	0.8133971291866028	4.956937799043062	2032.0	4780784.0	98.643233614659	4.861244019138756	-2072.0	
1661.0	6.065217391304348	1695.0	6.434782608695652	2.8152173913043477	1994.0	-164.0	0.24587706146926536	-0.06596701649175413	537.0	33701.171875	-0.8050974512743628	-44.0	33.026861834252486	33984.0	28.993902439024392	-951.0	7780582.0	237444.51904296875	955.0	36.82926829268293	-1208.0	-29.115853658536587	2641.0	3869.5970695970695	-376.0	0.8995215311004784	4.784688995215311	2000.0	4780784.0	98.643233614659	4.784688995215311	-2000.0	
1685.0	6.021739130434782	1699.0	6.173913043478261	2.641304347826087	2010.0	-171.0	0.2563718140929535	-0.06896551724137931	535.0	33710.9375	-0.8020989505247376	-46.0	33.026861834252486	33984.0	34.84756097560976	-1143.0	7780902.0	237454.28466796875	868.0	45.03048780487805	-1477.0	-26.463414634146343	2628.0	3850.5494505494507	-316.0	0.7559808612440191	4.564593301435407	1940.0	4780784.0	98.643233614659	4.641148325358851	-1908.0	
1703.0	6.195652173913043	1683.0	5.978260869565217	2.282608695652174	2043.0	-176.0	0.2638680659670165	-0.0704647676161919	539.0	33720.703125	-0.808095952023988	-47.0	33.026861834252486	33984.0	41.09756097560976	-1348.0	7781222.0	237464.05029296875	731.0	55.487804878048784	-1820.0	-22.28658536585366	2638.0	3865.2014652014655	-180.0	0.43062200956937796	4.344497607655502	2016.0	4780736.0	98.64372203849018	4.822966507177033	-1816.0	
1716.0	6.304347826086956	1673.0	5.83695652173913	2.260869565217391	2045.0	-177.0	0.2653673163418291	-0.06896551724137931	537.0	33730.46875	-0.8050974512743628	-46.0	33.026861834252486	33984.0	47.743902439024396	-1566.0	7781542.0	237473.81591796875	647.0	70.48780487804879	-2312.0	-19.725609756097562	2623.0	3843.223443223443	-168.0	0.4019138755980861	4.143540669856459	2068.0	4780736.0	98.64372203849018	4.947368421052631	-1732.0	
1712.0	6.293478260869565	1674.0	5.880434782608695	2.0652173913043477	2063.0	-180.0	0.2698650674662669	-0.06896551724137931	534.0	33740.234375	-0.800599700149925	-46.0	33.026861834252486	33984.0	55.79268292682927	-1830.0	7781862.0	237483.58154296875	532.0	82.98780487804879	-2722.0	-16.219512195121954	2624.0	3844.6886446886447	-104.0	0.24880382775119617	4.258373205741627	2044.0	4780736.0	98.64372203849018	4.889952153110047	-1780.0	
1699.0	6.260869565217391	1677.0	6.021739130434782	2.0	2069.0	-180.0	0.2698650674662669	-0.06146926536731634	530.0	33750.0	-0.7946026986506747	-41.0	33.026861834252486	33984.0	62.743902439024396	-2058.0	7782182.0	237493.34716796875	515.0	90.54878048780489	-2970.0	-15.701219512195124	2634.0	3859.3406593406594	-20.0	0.04784688995215311	4.325358851674641	2044.0	4780736.0	98.64372203849018	4.889952153110047	-1808.0	
1700.0	6.206521739130435	1682.0	6.010869565217392	1.7826086956521738	2089.0	-187.0	0.280359820089955	-0.07646176911544228	521.0	33759.765625	-0.7811094452773613	-51.0	33.026861834252486	33984.0	68.90243902439025	-2260.0	7782502.0	237503.11279296875	624.0	97.6829268292683	-3204.0	-19.02439024390244	2644.0	3873.992673992674	100.0	-0.23923444976076555	4.3349282296650715	2036.0	4780736.0	98.64372203849018	4.8708133971291865	-1812.0	
1716.0	6.445652173913043	1660.0	5.83695652173913	1.108695652173913	2151.0	-187.0	0.280359820089955	-0.07196401799100449	519.0	33769.53125	-0.7781109445277361	-48.0	33.026861834252486	33984.0	75.79268292682927	-2486.0	7782822.0	237512.87841796875	703.0	104.45121951219514	-3426.0	-21.432926829268293	2625.0	3846.153846153846	380.0	-0.9090909090909091	4.133971291866029	2080.0	4780832.0	98.64274519091003	4.976076555023924	-1728.0	
1736.0	6.510869565217391	1654.0	5.619565217391304	0.358695652173913	2220.0	-195.0	0.29235382308845576	-0.08395802098950525	513.0	33779.296875	-0.7691154422788605	-56.0	33.026861834252486	33984.0	80.09146341463415	-2627.0	7783142.0	237522.64404296875	939.0	113.04878048780489	-3708.0	-28.62804878048781	2615.0	3831.5018315018315	736.0	-1.7607655502392343	3.8468899521531097	2188.0	4780832.0	98.64274519091003	5.23444976076555	-1608.0	
1750.0	6.717391304347826	1635.0	5.467391304347826	0.010869565217391304	2252.0	-199.0	0.2983508245877061	-0.08995502248875561	505.0	33789.0625	-0.7571214392803598	-60.0	33.026861834252486	33984.0	83.53658536585367	-2740.0	7783462.0	237532.40966796875	1085.0	129.81707317073173	-4258.0	-33.07926829268293	2628.0	3850.5494505494507	840.0	-2.0095693779904304	3.712918660287081	2264.0	4780832.0	98.64274519091003	5.4162679425837315	-1552.0	
1742.0	6.83695652173913	1624.0	5.554347826086956	0.021739130434782608	2251.0	-212.0	0.31784107946026985	-0.08995502248875561	501.0	33798.828125	-0.7511244377811094	-60.0	33.026861834252486	33984.0	87.46951219512196	-2869.0	7783782.0	237542.17529296875	1196.0	145.0	-4756.0	-36.463414634146346	2644.0	3873.992673992674	840.0	-2.0095693779904304	3.751196172248804	2280.0	4780832.0	98.64274519091003	5.454545454545454	-1568.0	
1721.0	6.945652173913043	1614.0	5.782608695652174	-0.19565217391304346	2271.0	-210.0	0.3148425787106447	-0.095952023988006	494.0	33808.59375	-0.7406296851574212	-64.0	33.026861834252486	33984.0	90.60975609756099	-2972.0	7784102.0	237551.94091796875	1267.0	148.32317073170734	-4865.0	-38.62804878048781	2638.0	3865.2014652014655	936.0	-2.2392344497607652	4.009569377990431	2296.0	4780832.0	98.64274519091003	5.492822966507177	-1676.0	
1712.0	7.021739130434782	1607.0	5.880434782608695	-0.10869565217391304	2263.0	-220.0	0.3298350824587706	-0.08845577211394302	485.0	33818.359375	-0.7271364317841079	-59.0	33.026861834252486	33984.0	94.42073170731709	-3097.0	7784422.0	237561.70654296875	1360.0	148.2317073170732	-4862.0	-41.463414634146346	2634.0	3859.3406593406594	940.0	-2.248803827751196	4.114832535885167	2376.0	4780912.0	98.64193115151112	5.684210526315789	-1720.0	
1729.0	7.293478260869565	1582.0	5.695652173913043	-0.6195652173913043	2310.0	-227.0	0.3403298350824588	-0.09745127436281859	475.0	33828.125	-0.712143928035982	-65.0	33.026861834252486	33984.0	98.84146341463415	-3242.0	7784742.0	237571.47216796875	1409.0	145.21341463414635	-4763.0	-42.957317073170735	2644.0	3873.992673992674	1088.0	-2.602870813397129	4.009569377990431	2448.0	4780912.0	98.64193115151112	5.85645933014354	-1676.0	
1761.0	7.510869565217391	1562.0	5.3478260869565215	-1.0108695652173914	2346.0	-233.0	0.3493253373313343	-0.09895052473763118	476.0	33837.890625	-0.7136431784107946	-66.0	33.026861834252486	33984.0	101.3719512195122	-3325.0	7785062.0	237581.23779296875	1464.0	145.609756097561	-4776.0	-44.63414634146342	2645.0	3875.4578754578756	1368.0	-3.2727272727272725	3.617224880382775	2592.0	4780912.0	98.64193115151112	6.200956937799043	-1512.0	
1787.0	7.6521739130434785	1549.0	5.065217391304348	-1.1521739130434783	2359.0	-237.0	0.35532233883058467	-0.10044977511244378	462.0	33847.65625	-0.6926536731634183	-67.0	33.026861834252486	33984.0	104.60365853658537	-3431.0	7785382.0	237591.00341796875	1509.0	156.06707317073173	-5119.0	-46.00609756097561	2637.0	3863.736263736264	1388.0	-3.3205741626794256	3.2248803827751193	2684.0	4780912.0	98.64193115151112	6.421052631578947	-1348.0	
1789.0	7.4021739130434785	1572.0	5.043478260869565	-0.9565217391304348	2341.0	-246.0	0.36881559220389803	-0.10044977511244378	451.0	33857.421875	-0.6761619190404797	-67.0	33.026861834252486	33984.0	109.39024390243904	-3588.0	7785702.0	237600.76904296875	1439.0	164.5426829268293	-5397.0	-43.8719512195122	2644.0	3873.992673992674	1300.0	-3.110047846889952	3.129186602870813	2564.0	4780912.0	98.64193115151112	6.133971291866028	-1308.0	
1789.0	7.3478260869565215	1577.0	5.043478260869565	-1.2608695652173914	2369.0	-248.0	0.37181409295352325	-0.09745127436281859	438.0	33867.1875	-0.656671664167916	-65.0	33.026861834252486	33984.0	113.41463414634147	-3720.0	7786022.0	237610.53466796875	1370.0	161.9817073170732	-5313.0	-41.768292682926834	2646.0	3876.923076923077	1476.0	-3.5311004784688995	3.263157894736842	2532.0	4780896.0	98.64209395937263	6.057416267942584	-1364.0	
1791.0	7.6521739130434785	1549.0	5.021739130434782	-1.5326086956521738	2394.0	-258.0	0.3868065967016492	-0.095952023988006	426.0	33876.953125	-0.6386806596701649	-64.0	33.026861834252486	33984.0	117.19512195121952	-3844.0	7786342.0	237620.30029296875	1370.0	160.82317073170734	-5275.0	-41.768292682926834	2636.0	3862.2710622710624	1584.0	-3.789473684210526	3.129186602870813	2660.0	4780896.0	98.64209395937263	6.363636363636363	-1308.0	
1812.0	7.956521739130435	1521.0	4.793478260869565	-1.717391304347826	2411.0	-251.0	0.37631184407796103	-0.10494752623688156	417.0	33886.71875	-0.6251874062968515	-70.0	33.026861834252486	33984.0	122.95731707317074	-4033.0	7786662.0	237630.06591796875	1271.0	162.83536585365854	-5341.0	-38.75	2624.0	3844.6886446886447	1608.0	-3.8468899521531097	2.956937799043062	2752.0	4780896.0	98.64209395937263	6.583732057416268	-1236.0	
1821.0	7.880434782608695	1528.0	4.695652173913043	-1.934782608695652	2431.0	-264.0	0.3958020989505247	-0.10194902548725637	405.0	33896.484375	-0.6071964017991004	-68.0	33.026861834252486	33984.0	129.359756097561	-4243.0	7786982.0	237639.83154296875	1135.0	161.46341463414635	-5296.0	-34.60365853658537	2627.0	3849.084249084249	1760.0	-4.2105263157894735	2.813397129186603	2764.0	4780896.0	98.64209395937263	6.6124401913875595	-1176.0	
1832.0	7.956521739130435	1521.0	4.576086956521739	-2.141304347826087	2450.0	-264.0	0.3958020989505247	-0.10344827586206896	389.0	33906.25	-0.5832083958020989	-69.0	33.026861834252486	33984.0	134.2987804878049	-4405.0	7787302.0	237649.59716796875	1120.0	158.78048780487805	-5208.0	-34.146341463414636	2636.0	3862.2710622710624	1892.0	-4.526315789473684	2.660287081339713	2776.0	4780896.0	98.64209395937263	6.641148325358851	-1112.0	
1843.0	8.206521739130434	1498.0	4.456521739130435	-2.543478260869565	2487.0	-269.0	0.4032983508245877	-0.09895052473763118	381.0	33916.015625	-0.5712143928035982	-66.0	33.026861834252486	33984.0	138.8719512195122	-4555.0	7787622.0	237659.36279296875	1067.0	156.3719512195122	-5129.0	-32.53048780487805	2641.0	3869.5970695970695	2080.0	-4.976076555023924	2.488038277511962	2908.0	4780576.0	98.64535011852129	6.956937799043062	-1040.0	
1858.0	8.48913043478261	1472.0	4.293478260869565	-2.8152173913043477	2512.0	-277.0	0.41529235382308843	-0.10194902548725637	375.0	33925.78125	-0.5622188905547226	-68.0	33.026861834252486	33984.0	143.75	-4715.0	7787942.0	237669.12841796875	1016.0	156.89024390243904	-5146.0	-30.975609756097565	2639.0	3866.6666666666665	2204.0	-5.2727272727272725	2.2679425837320575	3068.0	4780576.0	98.64535011852129	7.339712918660287	-948.0	
1861.0	8.73913043478261	1449.0	4.260869565217392	-3.141304347826087	2542.0	-279.0	0.41829085457271364	-0.11394302848575712	359.0	33935.546875	-0.5382308845577212	-76.0	33.026861834252486	33984.0	149.02439024390245	-4888.0	7788262.0	237678.89404296875	888.0	154.5426829268293	-5069.0	-27.073170731707318	2651.0	3884.2490842490843	2384.0	-5.70334928229665	2.200956937799043	3192.0	4780576.0	98.64535011852129	7.636363636363636	-920.0	
1875.0	8.858695652173912	1438.0	4.108695652173913	-3.0869565217391304	2537.0	-286.0	0.4287856071964018	-0.10344827586206896	352.0	33945.3125	-0.527736131934033	-69.0	33.026861834252486	33984.0	153.47560975609758	-5034.0	7788582.0	237688.65966796875	877.0	154.26829268292684	-5060.0	-26.737804878048784	2631.0	3854.945054945055	2336.0	-5.588516746411483	2.1339712918660285	3232.0	4780576.0	98.64535011852129	7.732057416267942	-892.0	
1877.0	8.804347826086957	1443.0	4.08695652173913	-3.0978260869565215	2538.0	-290.0	0.43478260869565216	-0.09745127436281859	334.0	33955.078125	-0.5007496251874063	-65.0	33.026861834252486	33984.0	158.44512195121953	-5197.0	7788902.0	237698.42529296875	773.0	149.75609756097563	-4912.0	-23.56707317073171	2650.0	3882.7838827838827	2284.0	-5.464114832535885	2.0382775119617222	3216.0	4780576.0	98.64535011852129	7.693779904306219	-852.0	
1883.0	8.826086956521738	1441.0	4.021739130434782	-3.260869565217391	2553.0	-288.0	0.43178410794602695	-0.10044977511244378	327.0	33964.84375	-0.49025487256371814	-67.0	33.026861834252486	33984.0	161.6158536585366	-5301.0	7789222.0	237708.19091796875	668.0	141.5548780487805	-4643.0	-20.365853658536587	2640.0	3868.131868131868	2352.0	-5.626794258373206	2.047846889952153	3140.0	4780800.0	98.64307080673353	7.511961722488038	-856.0	
1902.0	8.902173913043478	1434.0	3.8152173913043477	-3.293478260869565	2556.0	-295.0	0.4422788605697151	-0.10344827586206896	311.0	33974.609375	-0.4662668665667166	-69.0	33.026861834252486	33984.0	166.34146341463415	-5456.0	7789542.0	237717.95654296875	601.0	132.46951219512195	-4345.0	-18.323170731707318	2635.0	3860.805860805861	2388.0	-5.712918660287081	1.8564593301435406	3216.0	4780800.0	98.64307080673353	7.693779904306219	-776.0	
1932.0	9.217391304347826	1405.0	3.4891304347826084	-3.260869565217391	2553.0	-295.0	0.4422788605697151	-0.10494752623688156	296.0	33984.375	-0.44377811094452774	-70.0	33.026861834252486	33984.0	171.82926829268294	-5636.0	7789862.0	237727.72216796875	535.0	124.32926829268294	-4078.0	-16.3109756097561	2647.0	3878.388278388278	2360.0	-5.645933014354067	1.5502392344497606	3316.0	4780800.0	98.64307080673353	7.9330143540669855	-648.0	
1964.0	9.41304347826087	1387.0	3.141304347826087	-3.6630434782608696	2590.0	-293.0	0.43928035982008995	-0.09745127436281859	280.0	33994.140625	-0.4197901049475262	-65.0	33.026861834252486	33984.0	177.37804878048783	-5818.0	7790182.0	237737.48779296875	374.0	113.68902439024392	-3729.0	-11.402439024390246	2637.0	3863.736263736264	2580.0	-6.172248803827751	1.1291866028708133	3428.0	4780800.0	98.64307080673353	8.200956937799043	-472.0	
1997.0	9.858695652173912	1346.0	2.782608695652174	-3.869565217391304	2609.0	-291.0	0.43628185907046474	-0.0914542728635682	272.0	34003.90625	-0.4077961019490255	-61.0	33.026861834252486	33984.0	182.6219512195122	-5990.0	7790502.0	237747.25341796875	204.0	109.32926829268294	-3586.0	-6.219512195121951	2634.0	3859.3406593406594	2644.0	-6.325358851674641	0.6698564593301435	3628.0	4780800.0	98.64307080673353	8.679425837320574	-280.0	
2020.0	10.108695652173912	1323.0	2.532608695652174	-3.75	2598.0	-296.0	0.44377811094452774	-0.095952023988006	263.0	34013.671875	-0.39430284857571213	-64.0	33.026861834252486	33984.0	188.47560975609758	-6182.0	7790822.0	237757.01904296875	-3.0	108.20121951219514	-3549.0	0.09146341463414635	2644.0	3873.992673992674	2608.0	-6.239234449760765	0.17224880382775118	3796.0	4780624.0	98.64486169441604	9.081339712918659	-72.0	
2042.0	10.119565217391305	1322.0	2.293478260869565	-4.163043478260869	2636.0	-295.0	0.4422788605697151	-0.08395802098950525	246.0	34023.4375	-0.36881559220389803	-56.0	33.026861834252486	33984.0	193.84146341463418	-6358.0	7791142.0	237766.78466796875	-256.0	101.4329268292683	-3327.0	7.8048780487804885	2629.0	3852.0146520146523	2812.0	-6.727272727272727	0.057416267942583726	3772.0	4780624.0	98.64486169441604	9.023923444976075	-24.0	
2058.0	10.076086956521738	1326.0	2.119565217391304	-4.054347826086956	2626.0	-290.0	0.43478260869565216	-0.08395802098950525	233.0	34033.203125	-0.3493253373313343	-56.0	33.026861834252486	33984.0	197.37804878048783	-6474.0	7791462.0	237776.55029296875	-323.0	96.58536585365854	-3168.0	9.847560975609756	2638.0	3865.2014652014655	2732.0	-6.535885167464115	-0.18181818181818182	3764.0	4780624.0	98.64486169441604	9.004784688995215	76.0	
2085.0	9.92391304347826	1340.0	1.826086956521739	-3.8369565217391304	2606.0	-286.0	0.4287856071964018	-0.08995502248875561	228.0	34042.96875	-0.34182908545727136	-60.0	33.026861834252486	33984.0	200.609756097561	-6580.0	7791782.0	237786.31591796875	-323.0	91.25000000000001	-2993.0	9.847560975609756	2638.0	3865.2014652014655	2584.0	-6.181818181818182	-0.4880382775119617	3640.0	4780624.0	98.64486169441604	8.708133971291865	204.0	
2104.0	9.402173913043478	1388.0	1.6195652173913042	-3.5217391304347827	2577.0	-291.0	0.43628185907046474	-0.08095952023988005	212.0	34052.734375	-0.31784107946026985	-54.0	33.026861834252486	33984.0	204.81707317073173	-6718.0	7792102.0	237796.08154296875	-413.0	82.6829268292683	-2712.0	12.591463414634147	2623.0	3843.223443223443	2464.0	-5.894736842105263	-0.7272727272727273	3432.0	4780624.0	98.64486169441604	8.210526315789473	304.0	
2122.0	9.076086956521738	1418.0	1.4239130434782608	-3.3260869565217392	2559.0	-287.0	0.4302848575712144	-0.07196401799100449	204.0	34062.5	-0.3058470764617691	-48.0	33.026861834252486	33984.0	207.7439024390244	-6814.0	7792422.0	237805.84716796875	-411.0	73.62804878048782	-2415.0	12.53048780487805	2632.0	3856.4102564102564	2404.0	-5.751196172248804	-1.0047846889952152	3296.0	4780672.0	98.644373270393	7.885167464114832	420.0	
2162.0	9.097826086956522	1416.0	0.9891304347826086	-3.1739130434782608	2545.0	-282.0	0.42278860569715143	-0.06746626686656672	187.0	34072.265625	-0.280359820089955	-45.0	33.026861834252486	33984.0	210.03048780487808	-6889.0	7792742.0	237815.61279296875	-402.0	66.85975609756098	-2193.0	12.256097560975611	2657.0	3893.040293040293	2364.0	-5.655502392344498	-1.492822966507177	3300.0	4780672.0	98.644373270393	7.894736842105263	624.0	
2203.0	9.358695652173912	1392.0	0.5434782608695652	-3.358695652173913	2562.0	-281.0	0.4212893553223388	-0.07196401799100449	181.0	34082.03125	-0.27136431784107945	-48.0	33.026861834252486	33984.0	214.0548780487805	-7021.0	7793062.0	237825.37841796875	-492.0	60.518292682926834	-1985.0	15.000000000000002	2646.0	3876.923076923077	2436.0	-5.827751196172248	-2.1052631578947367	3452.0	4780672.0	98.644373270393	8.258373205741627	880.0	
2239.0	9.728260869565217	1358.0	0.15217391304347827	-3.7717391304347827	2600.0	-283.0	0.424287856071964	-0.05247376311844078	164.0	34091.796875	-0.24587706146926536	-35.0	33.026861834252486	33984.0	218.84146341463418	-7178.0	7793382.0	237835.14404296875	-600.0	52.59146341463415	-1725.0	18.29268292682927	2644.0	3873.992673992674	2552.0	-6.105263157894736	-2.3923444976076556	3552.0	4780672.0	98.644373270393	8.497607655502392	1000.0	
2311.0	10.41304347826087	1295.0	-0.6304347826086957	-4.173913043478261	2637.0	-283.0	0.424287856071964	-0.05397301349325337	154.0	34101.5625	-0.23088455772113942	-36.0	33.026861834252486	33984.0	220.51829268292684	-7233.0	7793702.0	237844.90966796875	-835.0	48.07926829268293	-1577.0	25.457317073170735	2621.0	3840.2930402930406	2784.0	-6.660287081339713	-3.0430622009569377	3824.0	4780672.0	98.644373270393	9.148325358851674	1272.0	
2381.0	11.032608695652174	1238.0	-1.391304347826087	-4.217391304347826	2641.0	-278.0	0.416791604197901	-0.04497751124437781	152.0	34111.328125	-0.22788605697151423	-30.0	33.026861834252486	33984.0	222.59146341463418	-7301.0	7794022.0	237854.67529296875	-1057.0	46.79878048780488	-1535.0	32.22560975609756	2643.0	3872.5274725274726	2796.0	-6.688995215311005	-4.009569377990431	4128.0	4780656.0	98.64453607839154	9.875598086124402	1676.0	
2431.0	11.315217391304348	1212.0	-1.934782608695652	-4.217391304347826	2641.0	-279.0	0.41829085457271364	-0.041979010494752625	140.0	34121.09375	-0.2098950524737631	-28.0	33.026861834252486	33984.0	224.26829268292684	-7356.0	7794342.0	237864.44091796875	-1407.0	48.10975609756098	-1578.0	42.896341463414636	2636.0	3862.2710622710624	2808.0	-6.717703349282297	-4.7272727272727275	4276.0	4780656.0	98.64453607839154	10.229665071770334	1976.0	
2456.0	11.184782608695652	1224.0	-2.2065217391304346	-3.891304347826087	2611.0	-277.0	0.41529235382308843	-0.026986506746626684	127.0	34130.859375	-0.19040479760119938	-18.0	33.026861834252486	33984.0	224.90853658536588	-7377.0	7794662.0	237874.20654296875	-1832.0	50.76219512195122	-1665.0	55.85365853658537	2643.0	3872.5274725274726	2664.0	-6.373205741626794	-5.043062200956937	4280.0	4780656.0	98.64453607839154	10.239234449760765	2108.0	
2456.0	10.869565217391305	1253.0	-2.2065217391304346	-3.619565217391304	2586.0	-259.0	0.38830584707646176	-0.029985007496251874	128.0	34140.625	-0.191904047976012	-20.0	33.026861834252486	33984.0	223.93292682926833	-7345.0	7794982.0	237883.97216796875	-2168.0	50.76219512195122	-1665.0	66.09756097560977	2662.0	3900.3663003663005	2560.0	-6.124401913875598	-5.071770334928229	4160.0	4780656.0	98.64453607839154	9.952153110047847	2120.0	
2440.0	10.152173913043478	1319.0	-2.032608695652174	-3.3478260869565215	2561.0	-259.0	0.38830584707646176	-0.017991004497751123	117.0	34150.390625	-0.17541229385307347	-12.0	33.026861834252486	33984.0	222.40853658536588	-7295.0	7795302.0	237893.73779296875	-2320.0	48.50609756097561	-1591.0	70.73170731707317	2645.0	3875.4578754578756	2424.0	-5.7990430622009566	-4.889952153110047	3832.0	4780656.0	98.64453607839154	9.167464114832535	2044.0	
2423.0	9.358695652173912	1392.0	-1.8478260869565217	-3.032608695652174	2532.0	-264.0	0.3958020989505247	-0.013493253373313342	104.0	34160.15625	-0.15592203898050974	-9.0	33.026861834252486	33984.0	222.53048780487808	-7299.0	7795622.0	237903.50341796875	-2363.0	39.90853658536586	-1309.0	72.04268292682927	2653.0	3887.1794871794873	2284.0	-5.464114832535885	-4.77511961722488	3460.0	4780864.0	98.64241957512306	8.277511961722487	1996.0	
2437.0	8.67391304347826	1455.0	-2.0	-2.869565217391304	2517.0	-253.0	0.3793103448275862	-0.013493253373313342	101.0	34169.921875	-0.15142428785607195	-9.0	33.026861834252486	33984.0	224.14634146341464	-7352.0	7795942.0	237913.26904296875	-2171.0	26.737804878048784	-877.0	66.18902439024392	2635.0	3860.805860805861	2184.0	-5.22488038277512	-4.832535885167464	3100.0	4780864.0	98.64241957512306	7.4162679425837315	2020.0	
2471.0	8.01086956521739	1516.0	-2.369565217391304	-2.5869565217391304	2491.0	-254.0	0.38080959520239877	0.004497751124437781	89.0	34179.6875	-0.13343328335832083	3.0	33.026861834252486	33984.0	226.89024390243904	-7442.0	7796262.0	237923.03466796875	-1914.0	12.987804878048781	-426.0	58.35365853658537	2635.0	3860.805860805861	2084.0	-4.985645933014354	-5.177033492822966	2804.0	4780864.0	98.64241957512306	6.708133971291866	2164.0	
2515.0	7.608695652173913	1553.0	-2.8478260869565215	-2.619565217391304	2494.0	-260.0	0.38980509745127434	0.014992503748125937	80.0	34189.453125	-0.1199400299850075	10.0	33.026861834252486	33984.0	231.03658536585368	-7578.0	7796582.0	237932.80029296875	-1704.0	3.353658536585366	-110.0	51.951219512195124	2637.0	3863.736263736264	2088.0	-4.9952153110047846	-5.885167464114832	2596.0	4780864.0	98.64241957512306	6.2105263157894735	2460.0	
2589.0	7.630434782608695	1551.0	-3.652173913043478	-2.7717391304347827	2508.0	-251.0	0.37631184407796103	0.025487256371814093	75.0	34199.21875	-0.11244377811094453	17.0	33.026861834252486	33984.0	234.4817073170732	-7691.0	7796902.0	237942.56591796875	-1588.0	0.39634146341463417	-13.0	48.41463414634147	2640.0	3868.131868131868	2108.0	-5.043062200956937	-6.698564593301435	2568.0	4780864.0	98.64241957512306	6.143540669856459	2800.0	
2655.0	7.673913043478261	1547.0	-4.369565217391305	-2.8152173913043477	2512.0	-257.0	0.38530734632683655	0.029985007496251874	70.0	34208.984375	-0.10494752623688156	20.0	33.026861834252486	33984.0	237.9268292682927	-7804.0	7797222.0	237952.33154296875	-1621.0	3.536585365853659	-116.0	49.420731707317074	2626.0	3847.6190476190477	2132.0	-5.100478468899522	-7.55023923444976	2636.0	4780608.0	98.64502450244198	6.30622009569378	3156.0	
2722.0	8.021739130434783	1515.0	-5.0978260869565215	-2.684782608695652	2500.0	-256.0	0.383808095952024	0.04497751124437781	61.0	34218.75	-0.0914542728635682	30.0	33.026861834252486	33984.0	241.7987804878049	-7931.0	7797542.0	237962.09716796875	-1787.0	10.457317073170733	-343.0	54.48170731707317	2642.0	3871.062271062271	2080.0	-4.976076555023924	-8.392344497607656	2788.0	4780608.0	98.64502450244198	6.669856459330143	3508.0	
2771.0	8.326086956521738	1487.0	-5.630434782608695	-2.402173913043478	2474.0	-255.0	0.3823088455772114	0.05397301349325337	57.0	34228.515625	-0.08545727136431784	36.0	33.026861834252486	33984.0	247.50000000000003	-8118.0	7797862.0	237971.86279296875	-2074.0	17.103658536585368	-561.0	63.23170731707317	2654.0	3888.644688644689	2012.0	-4.813397129186603	-9.052631578947368	2948.0	4780608.0	98.64502450244198	7.052631578947368	3784.0	
2809.0	8.554347826086957	1466.0	-6.043478260869565	-2.3478260869565215	2469.0	-250.0	0.3748125937031484	0.06596701649175413	57.0	34238.28125	-0.08545727136431784	44.0	33.026861834252486	33984.0	254.08536585365857	-8334.0	7798182.0	237981.62841796875	-2457.0	22.652439024390247	-743.0	74.90853658536587	2634.0	3859.3406593406594	1940.0	-4.641148325358851	-9.339712918660286	3076.0	4780608.0	98.64502450244198	7.358851674641148	3904.0	
2851.0	8.83695652173913	1440.0	-6.5	-2.293478260869565	2464.0	-252.0	0.3778110944527736	0.07196401799100449	49.0	34248.046875	-0.07346326836581708	48.0	33.026861834252486	33984.0	259.8170731707317	-8522.0	7798502.0	237991.39404296875	-2974.0	28.50609756097561	-935.0	90.67073170731709	2626.0	3847.6190476190477	1936.0	-4.631578947368421	-9.837320574162678	3132.0	4780608.0	98.64502450244198	7.492822966507177	4112.0	
2879.0	9.01086956521739	1424.0	-6.804347826086956	-2.1847826086956523	2454.0	-247.0	0.3703148425787106	0.0914542728635682	39.0	34257.8125	-0.05847076461769115	61.0	33.026861834252486	33984.0	266.0365853658537	-8726.0	7798822.0	238001.15966796875	-3717.0	29.695121951219516	-974.0	113.32317073170732	2634.0	3859.3406593406594	1912.0	-4.574162679425837	-10.258373205741627	3244.0	4780608.0	98.64502450244198	7.760765550239234	4288.0	
2919.0	9.33695652173913	1394.0	-7.239130434782608	-2.3152173913043477	2466.0	-243.0	0.36431784107946025	0.095952023988006	28.0	34267.578125	-0.041979010494752625	64.0	33.026861834252486	33984.0	271.5853658536586	-8908.0	7799142.0	238010.92529296875	-4483.0	33.23170731707317	-1090.0	136.6768292682927	2645.0	3875.4578754578756	1924.0	-4.6028708133971294	-10.746411483253588	3360.0	4780608.0	98.64502450244198	8.038277511961722	4492.0	
2949.0	9.51086956521739	1378.0	-7.565217391304348	-2.630434782608696	2495.0	-235.0	0.3523238380809595	0.10944527736131934	28.0	34277.34375	-0.041979010494752625	73.0	33.026861834252486	33984.0	276.7987804878049	-9079.0	7799462.0	238020.69091796875	-5353.0	37.743902439024396	-1238.0	163.20121951219514	2645.0	3875.4578754578756	2052.0	-4.909090909090909	-11.129186602870814	3436.0	4780608.0	98.64502450244198	8.220095693779903	4652.0	
2958.0	8.706521739130434	1452.0	-7.663043478260869	-3.4456521739130435	2570.0	-234.0	0.35082458770614694	0.1184407796101949	13.0	34287.109375	-0.019490254872563718	79.0	33.026861834252486	33984.0	278.6280487804878	-9139.0	7799782.0	238030.45654296875	-5114.0	44.69512195121952	-1466.0	155.91463414634148	2634.0	3859.3406593406594	2416.0	-5.779904306220096	-11.4066985645933	3300.0	4780608.0	98.64502450244198	7.894736842105263	4768.0	
3036.0	5.934782608695652	1707.0	-8.51086956521739	-3.152173913043478	2543.0	-225.0	0.3373313343328336	0.13043478260869565	12.0	34296.875	-0.017991004497751123	87.0	33.026861834252486	33984.0	273.4146341463415	-8968.0	7800102.0	238040.22216796875	-3731.0	91.85975609756099	-3013.0	113.75000000000001	2651.0	3884.2490842490843	2132.0	-5.100478468899522	-12.076555023923445	1996.0	4780608.0	98.64502450244198	4.77511961722488	5048.0	
3096.0	4.532608695652174	1836.0	-9.16304347826087	-2.010869565217391	2438.0	-219.0	0.328335832083958	0.14392803598200898	8.0	34306.640625	-0.01199400299850075	96.0	33.026861834252486	33984.0	193.71951219512198	-6354.0	7800422.0	238049.98779296875	-4695.0	123.53658536585367	-4052.0	143.14024390243904	2631.0	3854.945054945055	1880.0	-4.497607655502392	-12.976076555023923	1496.0	4779536.0	98.65593266099181	3.5789473684210527	5424.0	
3102.0	7.608695652173913	1553.0	-9.228260869565217	-0.19565217391304346	2271.0	-215.0	0.32233883058470764	0.15292353823088456	-2.0	34316.40625	0.0029985007496251873	102.0	33.026861834252486	33984.0	111.79878048780489	-3667.0	7800742.0	238059.75341796875	-6139.0	75.0609756097561	-2462.0	187.16463414634148	2634.0	3859.3406593406594	1144.0	-2.736842105263158	-13.311004784688995	2700.0	4779536.0	98.65593266099181	6.45933014354067	5564.0	
2987.0	12.33695652173913	1118.0	-7.978260869565217	-1.4021739130434783	2382.0	-208.0	0.3118440779610195	0.15892053973013492	-3.0	34326.171875	0.004497751124437781	106.0	33.026861834252486	33984.0	104.84756097560977	-3439.0	7801062.0	238069.51904296875	-5891.0	15.914634146341465	-522.0	179.60365853658539	2644.0	3873.992673992674	1772.0	-4.239234449760765	-11.789473684210526	4732.0	4779536.0	98.65593266099181	11.320574162679426	4928.0	
2971.0	14.119565217391305	954.0	-7.804347826086956	-1.9239130434782608	2430.0	-205.0	0.3073463268365817	0.1454272863568216	-6.0	34335.9375	0.008995502248875561	97.0	33.026861834252486	33984.0	154.02439024390245	-5052.0	7801382.0	238079.28466796875	-5167.0	0.39634146341463417	-13.0	157.53048780487805	2635.0	3860.805860805861	1804.0	-4.315789473684211	-11.349282296650717	5460.0	4779536.0	98.65593266099181	13.062200956937799	4744.0	
2892.0	12.358695652173912	1116.0	-6.945652173913043	-2.2282608695652173	2458.0	-204.0	0.3058470764617691	0.14992503748125938	-8.0	34345.703125	0.01199400299850075	100.0	33.026861834252486	33984.0	179.4817073170732	-5887.0	7801702.0	238089.05029296875	-6215.0	-5.5182926829268295	181.0	189.4817073170732	2644.0	3873.992673992674	1980.0	-4.7368421052631575	-10.526315789473683	4732.0	4779536.0	98.65593266099181	11.320574162679426	4400.0	
2878.0	10.032608695652174	1330.0	-6.793478260869565	-1.9239130434782608	2430.0	-202.0	0.3028485757121439	0.16941529235382308	-13.0	34355.46875	0.019490254872563718	113.0	33.026861834252486	33984.0	165.27439024390245	-5421.0	7802022.0	238098.81591796875	-7120.0	-16.951219512195124	556.0	217.07317073170734	2648.0	3879.8534798534797	1820.0	-4.354066985645932	-10.239234449760765	3676.0	4779584.0	98.65544423510508	8.794258373205741	4280.0	
2872.0	8.543478260869565	1467.0	-6.728260869565217	-1.2282608695652173	2366.0	-200.0	0.29985007496251875	0.15892053973013492	-9.0	34365.234375	0.013493253373313342	106.0	33.026861834252486	33984.0	146.46341463414635	-4804.0	7802342.0	238108.58154296875	-7904.0	-37.28658536585366	1223.0	240.97560975609758	2628.0	3850.5494505494507	1512.0	-3.617224880382775	-10.124401913875598	3060.0	4779584.0	98.65544423510508	7.320574162679425	4232.0	
2850.0	8.597826086956522	1462.0	-6.489130434782608	-0.7717391304347826	2324.0	-199.0	0.2983508245877061	0.15592203898050974	-11.0	34375.0	0.01649175412293853	104.0	33.026861834252486	33984.0	133.47560975609758	-4378.0	7802662.0	238118.34716796875	-8691.0	-61.82926829268293	2028.0	264.969512195122	2636.0	3862.2710622710624	1328.0	-3.177033492822966	-9.799043062200957	3124.0	4779584.0	98.65544423510508	7.473684210526316	4096.0	
2879.0	8.815217391304348	1442.0	-6.804347826086956	-0.31521739130434784	2282.0	-203.0	0.3043478260869565	0.15892053973013492	-13.0	34384.765625	0.019490254872563718	106.0	33.026861834252486	33984.0	127.56097560975611	-4184.0	7802982.0	238128.11279296875	-9051.0	-66.3719512195122	2177.0	275.94512195121956	2627.0	3849.084249084249	1044.0	-2.4976076555023923	-10.373205741626794	3176.0	4779584.0	98.65544423510508	7.598086124401914	4336.0	
2909.0	8.032608695652174	1514.0	-7.130434782608695	-0.43478260869565216	2293.0	-199.0	0.2983508245877061	0.15742128935532235	-6.0	34394.53125	0.008995502248875561	105.0	33.026861834252486	33984.0	139.84756097560978	-4587.0	7803302.0	238137.87841796875	-9018.0	-57.926829268292686	1900.0	274.9390243902439	2632.0	3856.4102564102564	1088.0	-2.602870813397129	-10.516746411483254	2960.0	4779584.0	98.65544423510508	7.08133971291866	4396.0	
2917.0	5.663043478260869	1732.0	-7.217391304347826	0.021739130434782608	2251.0	-196.0	0.29385307346326833	0.15142428785607195	-7.0	34404.296875	0.010494752623688156	101.0	33.026861834252486	33984.0	136.3719512195122	-4473.0	7803622.0	238147.64404296875	-8829.0	-45.57926829268293	1495.0	269.1768292682927	2650.0	3882.7838827838827	936.0	-2.2392344497607652	-10.736842105263158	2120.0	4779856.0	98.65267648996674	5.071770334928229	4488.0	
2930.0	2.6739130434782608	2007.0	-7.358695652173913	0.3913043478260869	2217.0	-196.0	0.29385307346326833	0.15142428785607195	-7.0	34414.0625	0.010494752623688156	101.0	33.026861834252486	33984.0	107.77439024390245	-3535.0	7803942.0	238157.40966796875	-8574.0	-28.871951219512198	947.0	261.4024390243903	2631.0	3854.945054945055	712.0	-1.7033492822966507	-10.78468899521531	776.0	4779856.0	98.65267648996674	1.8564593301435406	4508.0	
2925.0	0.7717391304347826	2182.0	-7.304347826086956	0.9239130434782609	2168.0	-197.0	0.29535232383808097	0.15142428785607195	-5.0	34423.828125	0.0074962518740629685	101.0	33.026861834252486	33984.0	61.615853658536594	-2021.0	7804262.0	238167.17529296875	-7978.0	-12.560975609756099	412.0	243.2317073170732	2647.0	3878.388278388278	492.0	-1.1770334928229664	-10.861244019138756	-256.0	4779856.0	98.65267648996674	-0.6124401913875598	4540.0	
2904.0	0.7826086956521738	2181.0	-7.076086956521739	1.717391304347826	2095.0	-197.0	0.29535232383808097	0.15142428785607195	-5.0	34433.59375	0.0074962518740629685	101.0	33.026861834252486	33984.0	22.103658536585368	-725.0	7804582.0	238176.94091796875	-6419.0	-5.426829268292684	178.0	195.70121951219514	2642.0	3871.062271062271	156.0	-0.37320574162679426	-10.602870813397129	-456.0	4779856.0	98.65267648996674	-1.0909090909090908	4432.0	
2866.0	1.5434782608695652	2111.0	-6.663043478260869	2.1956521739130435	2051.0	-196.0	0.29385307346326833	0.1409295352323838	-17.0	34443.359375	0.025487256371814093	94.0	33.026861834252486	33984.0	-2.6219512195121952	86.0	7804902.0	238186.70654296875	-4573.0	-9.146341463414634	300.0	139.4207317073171	2630.0	3853.479853479854	-88.0	0.21052631578947367	-10.086124401913874	-120.0	4779856.0	98.65267648996674	-0.28708133971291866	4216.0	
2846.0	2.5869565217391304	2015.0	-6.445652173913043	2.0869565217391304	2061.0	-196.0	0.29385307346326833	0.13193403298350825	-13.0	34453.125	0.019490254872563718	88.0	33.026861834252486	33984.0	-17.012195121951223	558.0	7805222.0	238196.47216796875	-2953.0	-15.152439024390246	497.0	90.03048780487806	2643.0	3872.5274725274726	-60.0	0.14354066985645933	-9.722488038277511	300.0	4780144.0	98.64974593916858	0.7177033492822966	4064.0	
2837.0	3.141304347826087	1964.0	-6.3478260869565215	1.8804347826086956	2080.0	-192.0	0.28785607196401797	0.12743628185907047	-13.0	34462.890625	0.019490254872563718	85.0	33.026861834252486	33984.0	-21.250000000000004	697.0	7805542.0	238206.23779296875	-1601.0	-17.31707317073171	568.0	48.8109756097561	2627.0	3849.084249084249	68.0	-0.16267942583732056	-9.588516746411482	600.0	4780144.0	98.64974593916858	1.4354066985645932	4008.0	
2837.0	3.532608695652174	1928.0	-6.3478260869565215	1.826086956521739	2085.0	-192.0	0.28785607196401797	0.12443778110944527	-8.0	34472.65625	0.01199400299850075	83.0	33.026861834252486	33984.0	-25.701219512195124	843.0	7805862.0	238216.00341796875	-390.0	-18.231707317073173	598.0	11.890243902439025	2632.0	3856.4102564102564	84.0	-0.20095693779904306	-9.655502392344497	796.0	4780144.0	98.64974593916858	1.9043062200956937	4036.0	
2839.0	3.793478260869565	1904.0	-6.369565217391304	1.858695652173913	2082.0	-197.0	0.29535232383808097	0.1184407796101949	-5.0	34482.421875	0.0074962518740629685	79.0	33.026861834252486	33984.0	-33.84146341463415	1110.0	7806182.0	238225.76904296875	646.0	-16.52439024390244	542.0	-19.695121951219512	2642.0	3871.062271062271	60.0	-0.14354066985645933	-9.85645933014354	956.0	4780144.0	98.64974593916858	2.2870813397129184	4120.0	
2866.0	4.282608695652174	1859.0	-6.663043478260869	1.717391304347826	2095.0	-194.0	0.2908545727136432	0.12443778110944527	-6.0	34492.1875	0.008995502248875561	83.0	33.026861834252486	33984.0	-36.920731707317074	1211.0	7806502.0	238235.53466796875	1406.0	-11.646341463414636	382.0	-42.86585365853659	2636.0	3862.2710622710624	144.0	-0.34449760765550236	-9.952153110047847	1148.0	4780144.0	98.64974593916858	2.7464114832535884	4160.0	
2857.0	4.771739130434782	1814.0	-6.565217391304348	1.7934782608695652	2088.0	-195.0	0.29235382308845576	0.11394302848575712	2.0	34501.953125	-0.0029985007496251873	76.0	33.026861834252486	33984.0	-37.987804878048784	1246.0	7806822.0	238245.30029296875	2001.0	-6.585365853658537	216.0	-61.00609756097562	2643.0	3872.5274725274726	92.0	-0.2200956937799043	-10.038277511961722	1392.0	4780272.0	98.6484434730973	3.3301435406698565	4196.0	
2862.0	5.33695652173913	1762.0	-6.619565217391304	1.75	2092.0	-194.0	0.2908545727136432	0.1169415292353823	-7.0	34511.71875	0.010494752623688156	78.0	33.026861834252486	33984.0	-36.61585365853659	1201.0	7807142.0	238255.06591796875	2422.0	-1.6463414634146343	54.0	-73.84146341463415	2644.0	3873.992673992674	116.0	-0.27751196172248804	-9.961722488038276	1584.0	4780272.0	98.6484434730973	3.789473684210526	4164.0	
2861.0	5.554347826086956	1742.0	-6.608695652173913	1.641304347826087	2102.0	-202.0	0.3028485757121439	0.10944527736131934	-8.0	34521.484375	0.01199400299850075	73.0	33.026861834252486	33984.0	-34.69512195121951	1138.0	7807462.0	238264.83154296875	2662.0	6.097560975609757	-200.0	-81.15853658536587	2627.0	3849.084249084249	148.0	-0.354066985645933	-9.904306220095693	1724.0	4780272.0	98.6484434730973	4.124401913875598	4140.0	
2866.0	5.706521739130435	1728.0	-6.663043478260869	1.5434782608695652	2111.0	-197.0	0.29535232383808097	0.12893553223388304	-6.0	34531.25	0.008995502248875561	86.0	33.026861834252486	33984.0	-33.201219512195124	1089.0	7807782.0	238274.59716796875	2756.0	14.939024390243905	-490.0	-84.02439024390245	2641.0	3869.5970695970695	204.0	-0.4880382775119617	-9.923444976076555	1760.0	4780272.0	98.6484434730973	4.2105263157894735	4148.0	
2858.0	5.706521739130435	1728.0	-6.576086956521739	1.434782608695652	2121.0	-196.0	0.29385307346326833	0.12443778110944527	-4.0	34541.015625	0.005997001499250375	83.0	33.026861834252486	33984.0	-32.31707317073171	1060.0	7808102.0	238284.36279296875	2705.0	25.33536585365854	-831.0	-82.46951219512196	2632.0	3856.4102564102564	244.0	-0.5837320574162679	-9.952153110047847	1772.0	4780272.0	98.6484434730973	4.239234449760765	4160.0	
2848.0	5.695652173913043	1729.0	-6.467391304347826	1.391304347826087	2125.0	-193.0	0.2893553223388306	0.1199400299850075	5.0	34550.78125	-0.0074962518740629685	80.0	33.026861834252486	33984.0	-33.018292682926834	1083.0	7808422.0	238294.12841796875	2560.0	34.390243902439025	-1128.0	-78.04878048780489	2631.0	3854.945054945055	280.0	-0.6698564593301435	-9.875598086124402	1784.0	4780160.0	98.6495831308777	4.267942583732057	4128.0	
2823.0	5.684782608695652	1730.0	-6.195652173913043	1.3804347826086956	2126.0	-199.0	0.2983508245877061	0.12143928035982009	-2.0	34560.546875	0.0029985007496251873	81.0	33.026861834252486	33984.0	-33.75	1107.0	7808742.0	238303.89404296875	2359.0	42.16463414634147	-1383.0	-71.92073170731707	2643.0	3872.5274725274726	308.0	-0.7368421052631579	-9.799043062200957	1804.0	4780160.0	98.6495831308777	4.315789473684211	4096.0	
2837.0	5.760869565217392	1723.0	-6.3478260869565215	1.2173913043478262	2141.0	-202.0	0.3028485757121439	0.12143928035982009	-8.0	34570.3125	0.01199400299850075	81.0	33.026861834252486	33984.0	-33.9329268292683	1113.0	7809062.0	238313.65966796875	2127.0	48.84146341463415	-1602.0	-64.84756097560977	2630.0	3853.479853479854	364.0	-0.8708133971291866	-9.741626794258373	1824.0	4780160.0	98.6495831308777	4.363636363636363	4072.0	
2836.0	5.83695652173913	1716.0	-6.33695652173913	1.1304347826086956	2149.0	-194.0	0.2908545727136432	0.12593703148425786	-6.0	34580.078125	0.008995502248875561	84.0	33.026861834252486	33984.0	-34.207317073170735	1122.0	7809382.0	238323.42529296875	1901.0	54.81707317073171	-1798.0	-57.957317073170735	2641.0	3869.5970695970695	416.0	-0.9952153110047847	-9.741626794258373	1836.0	4780160.0	98.6495831308777	4.392344497607655	4072.0	
2839.0	5.782608695652174	1721.0	-6.369565217391304	0.967391304347826	2164.0	-193.0	0.2893553223388306	0.1199400299850075	-12.0	34589.84375	0.017991004497751123	80.0	33.026861834252486	33984.0	-34.51219512195122	1132.0	7809702.0	238333.19091796875	1735.0	60.213414634146346	-1975.0	-52.896341463414636	2641.0	3869.5970695970695	476.0	-1.138755980861244	-9.722488038277511	1804.0	4780160.0	98.6495831308777	4.315789473684211	4064.0	
2844.0	5.5978260869565215	1738.0	-6.423913043478261	0.8695652173913043	2173.0	-192.0	0.28785607196401797	0.12593703148425786	-10.0	34599.609375	0.014992503748125937	84.0	33.026861834252486	33984.0	-35.33536585365854	1159.0	7810022.0	238342.95654296875	1619.0	65.27439024390245	-2141.0	-49.35975609756098	2636.0	3862.2710622710624	540.0	-1.2918660287081338	-9.722488038277511	1748.0	4780544.0	98.64567573463715	4.181818181818182	4064.0	
2854.0	5.576086956521739	1740.0	-6.532608695652174	0.7934782608695652	2180.0	-190.0	0.2848575712143928	0.12443778110944527	-11.0	34609.375	0.01649175412293853	83.0	33.026861834252486	33984.0	-36.34146341463415	1192.0	7810342.0	238352.72216796875	1603.0	69.35975609756098	-2275.0	-48.8719512195122	2638.0	3865.2014652014655	568.0	-1.3588516746411483	-9.799043062200957	1672.0	4780544.0	98.64567573463715	4.0	4096.0	
2856.0	5.358695652173913	1760.0	-6.554347826086956	0.7934782608695652	2180.0	-183.0	0.27436281859070466	0.12443778110944527	-9.0	34619.140625	0.013493253373313342	83.0	33.026861834252486	33984.0	-38.018292682926834	1247.0	7810662.0	238362.48779296875	1624.0	72.34756097560977	-2373.0	-49.51219512195122	2625.0	3846.153846153846	572.0	-1.368421052631579	-9.779904306220095	1620.0	4780544.0	98.64567573463715	3.875598086124402	4088.0	
2835.0	5.228260869565217	1772.0	-6.326086956521739	0.8043478260869565	2179.0	-188.0	0.2818590704647676	0.1169415292353823	-15.0	34628.90625	0.022488755622188904	78.0	33.026861834252486	33984.0	-40.03048780487805	1313.0	7810982.0	238372.25341796875	1723.0	74.0548780487805	-2429.0	-52.53048780487806	2646.0	3876.923076923077	584.0	-1.3971291866028708	-9.808612440191387	1572.0	4780544.0	98.64567573463715	3.7607655502392343	4100.0	
2841.0	5.25	1770.0	-6.391304347826087	0.8478260869565217	2175.0	-184.0	0.27586206896551724	0.12143928035982009	-14.0	34638.671875	0.020989505247376312	81.0	33.026861834252486	33984.0	-42.10365853658537	1381.0	7811302.0	238382.01904296875	1826.0	74.08536585365854	-2430.0	-55.67073170731708	2640.0	3868.131868131868	564.0	-1.3492822966507176	-9.760765550239235	1560.0	4780544.0	98.64567573463715	3.7320574162679425	4080.0	
2846.0	5.239130434782608	1771.0	-6.445652173913043	0.9021739130434783	2170.0	-179.0	0.26836581709145424	0.12293853073463268	-6.0	34648.4375	0.008995502248875561	82.0	33.026861834252486	33984.0	-44.48170731707317	1459.0	7811622.0	238391.78466796875	1960.0	72.95731707317074	-2393.0	-59.75609756097562	2633.0	3857.875457875458	516.0	-1.2344497607655502	-9.722488038277511	1552.0	4780560.0	98.64551292657465	3.712918660287081	4064.0	
2829.0	5.217391304347826	1773.0	-6.260869565217391	0.9891304347826086	2162.0	-180.0	0.2698650674662669	0.1184407796101949	-19.0	34658.203125	0.02848575712143928	79.0	33.026861834252486	33984.0	-46.737804878048784	1533.0	7811942.0	238401.55029296875	2070.0	70.76219512195122	-2321.0	-63.10975609756098	2639.0	3866.6666666666665	492.0	-1.1770334928229664	-9.741626794258373	1568.0	4780560.0	98.64551292657465	3.751196172248804	4072.0	
2838.0	5.326086956521739	1763.0	-6.358695652173913	1.0543478260869565	2156.0	-173.0	0.2593703148425787	0.1184407796101949	-19.0	34667.96875	0.02848575712143928	79.0	33.026861834252486	33984.0	-49.451219512195124	1622.0	7812262.0	238411.31591796875	2142.0	68.04878048780489	-2232.0	-65.3048780487805	2653.0	3887.1794871794873	476.0	-1.138755980861244	-9.71291866028708	1576.0	4780560.0	98.64551292657465	3.7703349282296648	4060.0	
2839.0	5.282608695652174	1767.0	-6.369565217391304	1.076086956521739	2154.0	-170.0	0.25487256371814093	0.11394302848575712	-20.0	34677.734375	0.029985007496251874	76.0	33.026861834252486	33984.0	-51.85975609756098	1701.0	7812582.0	238421.08154296875	2177.0	64.84756097560977	-2127.0	-66.3719512195122	2628.0	3850.5494505494507	472.0	-1.1291866028708133	-9.69377990430622	1600.0	4780560.0	98.64551292657465	3.827751196172249	4052.0	
2843.0	5.326086956521739	1763.0	-6.413043478260869	1.0869565217391304	2153.0	-168.0	0.2518740629685157	0.11394302848575712	-18.0	34687.5	0.026986506746626684	76.0	33.026861834252486	33984.0	-54.115853658536594	1775.0	7812902.0	238430.84716796875	2177.0	61.463414634146346	-2016.0	-66.3719512195122	2641.0	3869.5970695970695	444.0	-1.062200956937799	-9.703349282296651	1608.0	4780560.0	98.64551292657465	3.8468899521531097	4056.0	
2835.0	5.33695652173913	1762.0	-6.326086956521739	1.141304347826087	2148.0	-170.0	0.25487256371814093	0.11244377811094453	-16.0	34697.265625	0.0239880059970015	75.0	33.026861834252486	33984.0	-55.88414634146342	1833.0	7813222.0	238440.61279296875	2114.0	58.10975609756098	-1906.0	-64.45121951219512	2635.0	3860.805860805861	464.0	-1.1100478468899522	-9.655502392344497	1604.0	4780416.0	98.64697819946599	3.8373205741626792	4036.0	
2832.0	5.326086956521739	1763.0	-6.293478260869565	1.1630434782608696	2146.0	-167.0	0.25037481259370314	0.10944527736131934	-20.0	34707.03125	0.029985007496251874	73.0	33.026861834252486	33984.0	-57.53048780487806	1887.0	7813542.0	238450.37841796875	2031.0	54.75609756097561	-1796.0	-61.92073170731708	2642.0	3871.062271062271	428.0	-1.0239234449760766	-9.68421052631579	1628.0	4780416.0	98.64697819946599	3.894736842105263	4048.0	
2831.0	5.391304347826087	1757.0	-6.282608695652174	1.141304347826087	2148.0	-165.0	0.24737631184407796	0.10794602698650674	-22.0	34716.796875	0.03298350824587706	72.0	33.026861834252486	33984.0	-58.32317073170732	1913.0	7813862.0	238460.14404296875	1889.0	52.07317073170732	-1708.0	-57.59146341463415	2653.0	3887.1794871794873	432.0	-1.0334928229665072	-9.665071770334928	1636.0	4780416.0	98.64697819946599	3.913875598086124	4040.0	
2831.0	5.434782608695652	1753.0	-6.282608695652174	1.1195652173913042	2150.0	-157.0	0.2353823088455772	0.1169415292353823	-17.0	34726.5625	0.025487256371814093	78.0	33.026861834252486	33984.0	-58.50609756097562	1919.0	7814182.0	238469.90966796875	1754.0	49.90853658536586	-1637.0	-53.47560975609757	2653.0	3887.1794871794873	444.0	-1.062200956937799	-9.636363636363637	1644.0	4780416.0	98.64697819946599	3.9330143540669855	4028.0	
2842.0	5.554347826086956	1742.0	-6.4021739130434785	1.108695652173913	2151.0	-160.0	0.239880059970015	0.09895052473763118	-23.0	34736.328125	0.034482758620689655	66.0	33.026861834252486	33984.0	-57.560975609756106	1888.0	7814502.0	238479.67529296875	1556.0	47.07317073170732	-1544.0	-47.43902439024391	2652.0	3885.714285714286	432.0	-1.0334928229665072	-9.665071770334928	1672.0	4780416.0	98.64697819946599	4.0	4040.0	
2832.0	5.576086956521739	1740.0	-6.293478260869565	1.108695652173913	2151.0	-169.0	0.25337331334332835	0.10944527736131934	-12.0	34746.09375	0.017991004497751123	73.0	33.026861834252486	33984.0	-54.90853658536586	1801.0	7814822.0	238489.44091796875	1291.0	42.86585365853659	-1406.0	-39.35975609756098	2648.0	3879.8534798534797	424.0	-1.014354066985646	-9.655502392344497	1684.0	4780400.0	98.6471410076107	4.028708133971292	4036.0	
2840.0	5.521739130434782	1745.0	-6.380434782608695	0.9347826086956521	2167.0	-160.0	0.239880059970015	0.10344827586206896	-16.0	34755.859375	0.0239880059970015	69.0	33.026861834252486	33984.0	-53.17073170731708	1744.0	7815142.0	238499.20654296875	1020.0	41.82926829268293	-1372.0	-31.09756097560976	2633.0	3857.875457875458	508.0	-1.215311004784689	-9.645933014354066	1692.0	4780400.0	98.6471410076107	4.047846889952153	4032.0	
2854.0	5.543478260869565	1743.0	-6.532608695652174	0.9021739130434783	2170.0	-160.0	0.239880059970015	0.10194902548725637	-21.0	34765.625	0.031484257871064465	68.0	33.026861834252486	33984.0	-50.73170731707317	1664.0	7815462.0	238508.97216796875	753.0	43.018292682926834	-1411.0	-22.957317073170735	2650.0	3882.7838827838827	520.0	-1.244019138755981	-9.741626794258373	1660.0	4780400.0	98.6471410076107	3.9712918660287078	4072.0	
2852.0	5.25	1770.0	-6.510869565217391	0.9130434782608695	2169.0	-152.0	0.22788605697151423	0.095952023988006	-20.0	34775.390625	0.029985007496251874	64.0	33.026861834252486	33984.0	-46.89024390243903	1538.0	7815782.0	238518.73779296875	636.0	42.13414634146342	-1382.0	-19.390243902439025	2622.0	3841.758241758242	500.0	-1.1961722488038278	-9.741626794258373	1568.0	4780400.0	98.6471410076107	3.751196172248804	4072.0	
2841.0	5.043478260869565	1789.0	-6.391304347826087	0.8369565217391304	2176.0	-156.0	0.2338830584707646	0.0944527736131934	-19.0	34785.15625	0.02848575712143928	63.0	33.026861834252486	33984.0	-45.57926829268293	1495.0	7816102.0	238528.50341796875	554.0	42.28658536585366	-1387.0	-16.890243902439025	2636.0	3862.2710622710624	540.0	-1.2918660287081338	-9.732057416267942	1472.0	4780400.0	98.6471410076107	3.5215311004784686	4068.0	
2845.0	4.934782608695652	1799.0	-6.434782608695652	0.8804347826086957	2172.0	-148.0	0.22188905547226387	0.08545727136431784	-20.0	34794.921875	0.029985007496251874	57.0	33.026861834252486	33984.0	-45.76219512195122	1501.0	7816422.0	238538.26904296875	545.0	45.60975609756098	-1496.0	-16.615853658536587	2636.0	3862.2710622710624	536.0	-1.2822966507177034	-9.789473684210526	1380.0	4780720.0	98.64388484645217	3.3014354066985643	4092.0	
2843.0	4.793478260869565	1812.0	-6.413043478260869	0.967391304347826	2164.0	-148.0	0.22188905547226387	0.08845577211394302	-28.0	34804.6875	0.041979010494752625	59.0	33.026861834252486	33984.0	-44.78658536585366	1469.0	7816742.0	238548.03466796875	644.0	47.6219512195122	-1562.0	-19.634146341463417	2632.0	3856.4102564102564	484.0	-1.1578947368421053	-9.68421052631579	1352.0	4780720.0	98.64388484645217	3.2344497607655502	4048.0	
2821.0	4.739130434782608	1817.0	-6.173913043478261	1.0978260869565217	2152.0	-144.0	0.21589205397301348	0.08545727136431784	-23.0	34814.453125	0.034482758620689655	57.0	33.026861834252486	33984.0	-43.53658536585366	1428.0	7817062.0	238557.80029296875	769.0	48.07926829268293	-1577.0	-23.445121951219516	2642.0	3871.062271062271	440.0	-1.0526315789473684	-9.588516746411482	1356.0	4780720.0	98.64388484645217	3.2440191387559807	4008.0	
2824.0	4.8478260869565215	1807.0	-6.206521739130435	1.1521739130434783	2147.0	-140.0	0.2098950524737631	0.07646176911544228	-15.0	34824.21875	0.022488755622188904	51.0	33.026861834252486	33984.0	-42.37804878048781	1390.0	7817382.0	238567.56591796875	848.0	47.46951219512196	-1557.0	-25.853658536585368	2647.0	3878.388278388278	452.0	-1.0813397129186602	-9.531100478468899	1364.0	4780720.0	98.64388484645217	3.263157894736842	3984.0	
2817.0	4.826086956521739	1809.0	-6.130434782608695	1.076086956521739	2154.0	-142.0	0.2128935532233883	0.06896551724137931	-20.0	34833.984375	0.029985007496251874	46.0	33.026861834252486	33984.0	-39.84756097560976	1307.0	7817702.0	238577.33154296875	912.0	46.4329268292683	-1523.0	-27.80487804878049	2634.0	3859.3406593406594	448.0	-1.0717703349282297	-9.4066985645933	1368.0	4780720.0	98.64388484645217	3.2727272727272725	3932.0	
2822.0	4.83695652173913	1808.0	-6.184782608695652	1.0326086956521738	2158.0	-142.0	0.2128935532233883	0.07496251874062969	-18.0	34843.75	0.026986506746626684	50.0	33.026861834252486	33984.0	-37.37804878048781	1226.0	7818022.0	238587.09716796875	969.0	45.518292682926834	-1493.0	-29.542682926829272	2642.0	3871.062271062271	460.0	-1.1004784688995215	-9.39712918660287	1356.0	4780800.0	98.64307080673353	3.2440191387559807	3928.0	
2810.0	4.728260869565217	1818.0	-6.054347826086956	1.0108695652173914	2160.0	-145.0	0.21739130434782608	0.07196401799100449	-22.0	34853.515625	0.03298350824587706	48.0	33.026861834252486	33984.0	-34.93902439024391	1146.0	7818342.0	238596.86279296875	1006.0	45.304878048780495	-1486.0	-30.670731707317074	2634.0	3859.3406593406594	468.0	-1.1196172248803826	-9.349282296650717	1344.0	4780800.0	98.64307080673353	3.215311004784689	3908.0	
2809.0	4.695652173913043	1821.0	-6.043478260869565	1.0	2161.0	-140.0	0.2098950524737631	0.0704647676161919	-18.0	34863.28125	0.026986506746626684	47.0	33.026861834252486	33984.0	-32.80487804878049	1076.0	7818662.0	238606.62841796875	1055.0	44.81707317073171	-1470.0	-32.16463414634146	2638.0	3865.2014652014655	496.0	-1.186602870813397	-9.311004784688995	1324.0	4780800.0	98.64307080673353	3.1674641148325358	3892.0	
2785.0	4.684782608695652	1822.0	-5.782608695652174	1.0	2161.0	-141.0	0.21139430284857572	0.06596701649175413	-18.0	34873.046875	0.026986506746626684	44.0	33.026861834252486	33984.0	-30.762195121951223	1009.0	7818982.0	238616.39404296875	1111.0	44.29878048780488	-1453.0	-33.8719512195122	2640.0	3868.131868131868	492.0	-1.1770334928229664	-9.301435406698564	1344.0	4780800.0	98.64307080673353	3.215311004784689	3888.0	
2799.0	4.717391304347826	1819.0	-5.934782608695652	0.9782608695652174	2163.0	-130.0	0.19490254872563717	0.07346326836581708	-24.0	34882.8125	0.035982008995502246	49.0	33.026861834252486	33984.0	-28.04878048780488	920.0	7819302.0	238626.15966796875	1155.0	44.024390243902445	-1444.0	-35.213414634146346	2624.0	3844.6886446886447	480.0	-1.1483253588516746	-9.23444976076555	1336.0	4780800.0	98.64307080673353	3.1961722488038276	3860.0	
2790.0	4.815217391304348	1810.0	-5.83695652173913	1.0326086956521738	2158.0	-132.0	0.19790104947526235	0.06746626686656672	-18.0	34892.578125	0.026986506746626684	45.0	33.026861834252486	33984.0	-25.426829268292686	834.0	7819622.0	238635.92529296875	1176.0	43.32317073170732	-1421.0	-35.85365853658537	2648.0	3879.8534798534797	464.0	-1.1100478468899522	-9.148325358851674	1356.0	4780704.0	98.64404765442332	3.2440191387559807	3824.0	
2790.0	4.869565217391305	1805.0	-5.83695652173913	1.108695652173913	2151.0	-131.0	0.19640179910044978	0.06296851574212893	-22.0	34902.34375	0.03298350824587706	42.0	33.026861834252486	33984.0	-22.195121951219516	728.0	7819942.0	238645.69091796875	1177.0	42.16463414634147	-1383.0	-35.88414634146342	2648.0	3879.8534798534797	452.0	-1.0813397129186602	-9.07177033492823	1388.0	4780704.0	98.64404765442332	3.3205741626794256	3792.0	
2795.0	4.880434782608695	1804.0	-5.891304347826087	1.0434782608695652	2157.0	-129.0	0.1934032983508246	0.06296851574212893	-20.0	34912.109375	0.029985007496251874	42.0	33.026861834252486	33984.0	-18.78048780487805	616.0	7820262.0	238655.45654296875	1150.0	40.88414634146342	-1341.0	-35.0609756097561	2634.0	3859.3406593406594	456.0	-1.0909090909090908	-9.081339712918659	1388.0	4780704.0	98.64404765442332	3.3205741626794256	3796.0	
2799.0	5.010869565217392	1792.0	-5.934782608695652	1.1304347826086956	2149.0	-133.0	0.19940029985007496	0.06446776611694152	-17.0	34921.875	0.025487256371814093	43.0	33.026861834252486	33984.0	-14.908536585365855	489.0	7820582.0	238665.22216796875	1096.0	39.78658536585366	-1305.0	-33.41463414634147	2646.0	3876.923076923077	440.0	-1.0526315789473684	-9.081339712918659	1404.0	4780704.0	98.64404765442332	3.3588516746411483	3796.0	
2798.0	4.956521739130435	1797.0	-5.923913043478261	1.076086956521739	2154.0	-128.0	0.191904047976012	0.06446776611694152	-25.0	34931.640625	0.037481259370314844	43.0	33.026861834252486	33984.0	-11.250000000000002	369.0	7820902.0	238674.98779296875	1023.0	38.9329268292683	-1277.0	-31.189024390243905	2623.0	3843.223443223443	436.0	-1.0430622009569377	-9.033492822966506	1408.0	4780704.0	98.64404765442332	3.3684210526315788	3776.0	
2786.0	4.956521739130435	1797.0	-5.793478260869565	1.141304347826087	2148.0	-126.0	0.1889055472263868	0.06746626686656672	-21.0	34941.40625	0.031484257871064465	45.0	33.026861834252486	33984.0	-7.01219512195122	230.0	7821222.0	238684.75341796875	955.0	37.6829268292683	-1236.0	-29.115853658536587	2633.0	3857.875457875458	392.0	-0.937799043062201	-9.033492822966506	1420.0	4780752.0	98.64355923053732	3.3971291866028706	3776.0	
2791.0	4.934782608695652	1799.0	-5.8478260869565215	1.2391304347826086	2139.0	-122.0	0.1829085457271364	0.06746626686656672	-23.0	34951.171875	0.034482758620689655	45.0	33.026861834252486	33984.0	-2.682926829268293	88.0	7821542.0	238694.51904296875	893.0	36.646341463414636	-1202.0	-27.225609756097562	2639.0	3866.6666666666665	384.0	-0.9186602870813396	-9.043062200956937	1436.0	4780752.0	98.64355923053732	3.4354066985645932	3780.0	
2790.0	4.967391304347826	1796.0	-5.83695652173913	1.326086956521739	2131.0	-126.0	0.1889055472263868	0.06146926536731634	-19.0	34960.9375	0.02848575712143928	41.0	33.026861834252486	33984.0	1.7378048780487807	-57.0	7821862.0	238704.28466796875	826.0	36.03658536585366	-1182.0	-25.182926829268293	2656.0	3891.5750915750914	380.0	-0.9090909090909091	-9.110047846889952	1428.0	4780752.0	98.64355923053732	3.416267942583732	3808.0	
2779.0	4.923913043478261	1800.0	-5.717391304347826	1.25	2138.0	-128.0	0.191904047976012	0.06446776611694152	-25.0	34970.703125	0.037481259370314844	43.0	33.026861834252486	33984.0	6.463414634146342	-212.0	7822182.0	238714.05029296875	780.0	35.85365853658537	-1176.0	-23.78048780487805	2643.0	3872.5274725274726	388.0	-0.9282296650717703	-9.157894736842104	1432.0	4780752.0	98.64355923053732	3.4258373205741623	3828.0	
2797.0	4.945652173913043	1798.0	-5.913043478260869	1.2826086956521738	2135.0	-121.0	0.18140929535232383	0.06296851574212893	-25.0	34980.46875	0.037481259370314844	42.0	33.026861834252486	33984.0	10.701219512195124	-351.0	7822502.0	238723.81591796875	751.0	35.457317073170735	-1163.0	-22.896341463414636	2648.0	3879.8534798534797	392.0	-0.937799043062201	-9.177033492822966	1404.0	4780752.0	98.64355923053732	3.3588516746411483	3836.0	
2800.0	4.880434782608695	1804.0	-5.945652173913043	1.2065217391304348	2142.0	-121.0	0.18140929535232383	0.06446776611694152	-25.0	34990.234375	0.037481259370314844	43.0	33.026861834252486	33984.0	14.451219512195124	-474.0	7822822.0	238733.58154296875	754.0	35.640243902439025	-1169.0	-22.98780487804878	2632.0	3856.4102564102564	380.0	-0.9090909090909091	-9.24401913875598	1408.0	4780768.0	98.64339642259358	3.3684210526315788	3864.0	
2813.0	4.9021739130434785	1802.0	-6.08695652173913	1.2173913043478262	2141.0	-122.0	0.1829085457271364	0.06296851574212893	-29.0	35000.0	0.043478260869565216	42.0	33.026861834252486	33984.0	18.262195121951223	-599.0	7823142.0	238743.34716796875	786.0	35.94512195121951	-1179.0	-23.963414634146343	2640.0	3868.131868131868	384.0	-0.9186602870813396	-9.253588516746412	1404.0	4780768.0	98.64339642259358	3.3588516746411483	3868.0	
2808.0	4.8478260869565215	1807.0	-6.032608695652174	1.1956521739130435	2143.0	-121.0	0.18140929535232383	0.08095952023988005	-24.0	35009.765625	0.035982008995502246	54.0	33.026861834252486	33984.0	21.85975609756098	-717.0	7823462.0	238753.11279296875	829.0	36.40243902439025	-1194.0	-25.27439024390244	2625.0	3846.153846153846	380.0	-0.9090909090909091	-9.291866028708133	1376.0	4780768.0	98.64339642259358	3.291866028708134	3884.0	
2812.0	4.804347826086956	1811.0	-6.076086956521739	1.2173913043478262	2141.0	-120.0	0.17991004497751123	0.06446776611694152	-31.0	35019.53125	0.046476761619190406	43.0	33.026861834252486	33984.0	24.420731707317074	-801.0	7823782.0	238762.87841796875	892.0	36.98170731707317	-1213.0	-27.195121951219516	2641.0	3869.5970695970695	380.0	-0.9090909090909091	-9.339712918660286	1360.0	4780768.0	98.64339642259358	3.253588516746411	3904.0	
2794.0	4.760869565217392	1815.0	-5.880434782608695	1.25	2138.0	-117.0	0.17541229385307347	0.07646176911544228	-29.0	35029.296875	0.043478260869565216	51.0	33.026861834252486	33984.0	26.89024390243903	-882.0	7824102.0	238772.64404296875	971.0	37.987804878048784	-1246.0	-29.603658536585368	2637.0	3863.736263736264	364.0	-0.8708133971291866	-9.38755980861244	1348.0	4780768.0	98.64339642259358	3.2248803827751193	3924.0	
2812.0	4.728260869565217	1818.0	-6.076086956521739	1.2608695652173914	2137.0	-112.0	0.1679160419790105	0.07646176911544228	-31.0	35039.0625	0.046476761619190406	51.0	33.026861834252486	33984.0	28.8109756097561	-945.0	7824422.0	238782.40966796875	1090.0	38.68902439024391	-1269.0	-33.23170731707317	2624.0	3844.6886446886447	356.0	-0.8516746411483254	-9.358851674641148	1348.0	4780560.0	98.64551292657465	3.2248803827751193	3912.0	
2810.0	4.793478260869565	1812.0	-6.054347826086956	1.2934782608695652	2134.0	-109.0	0.1634182908545727	0.08095952023988005	-33.0	35048.828125	0.04947526236881559	54.0	33.026861834252486	33984.0	30.60975609756098	-1004.0	7824742.0	238792.17529296875	1215.0	39.51219512195122	-1296.0	-37.04268292682927	2645.0	3875.4578754578756	352.0	-0.8421052631578947	-9.38755980861244	1352.0	4780560.0	98.64551292657465	3.2344497607655502	3924.0	
2815.0	4.815217391304348	1810.0	-6.108695652173913	1.326086956521739	2131.0	-113.0	0.16941529235382308	0.0914542728635682	-37.0	35058.59375	0.05547226386806597	61.0	33.026861834252486	33984.0	31.82926829268293	-1044.0	7825062.0	238801.94091796875	1350.0	40.640243902439025	-1333.0	-41.15853658536586	2649.0	3881.3186813186812	356.0	-0.8516746411483254	-9.425837320574162	1360.0	4780560.0	98.64551292657465	3.253588516746411	3940.0	
2823.0	4.804347826086956	1811.0	-6.195652173913043	1.2282608695652173	2140.0	-111.0	0.1664167916041979	0.08845577211394302	-40.0	35068.359375	0.05997001499250375	59.0	33.026861834252486	33984.0	32.37804878048781	-1062.0	7825382.0	238811.70654296875	1493.0	41.3109756097561	-1355.0	-45.518292682926834	2633.0	3857.875457875458	356.0	-0.8516746411483254	-9.444976076555024	1376.0	4780560.0	98.64551292657465	3.291866028708134	3948.0	
2820.0	4.793478260869565	1812.0	-6.163043478260869	1.434782608695652	2121.0	-106.0	0.15892053973013492	0.09745127436281859	-36.0	35078.125	0.05397301349325337	65.0	33.026861834252486	33984.0	32.926829268292686	-1080.0	7825702.0	238821.47216796875	1661.0	42.34756097560976	-1389.0	-50.64024390243903	2659.0	3895.970695970696	372.0	-0.8899521531100478	-9.464114832535884	1352.0	4780560.0	98.64551292657465	3.2344497607655502	3956.0	
2827.0	4.793478260869565	1812.0	-6.239130434782608	1.2391304347826086	2139.0	-107.0	0.16041979010494753	0.0944527736131934	-36.0	35087.890625	0.05397301349325337	63.0	33.026861834252486	33984.0	33.018292682926834	-1083.0	7826022.0	238831.23779296875	1807.0	43.14024390243903	-1415.0	-55.09146341463415	2622.0	3841.758241758242	356.0	-0.8516746411483254	-9.39712918660287	1344.0	4780784.0	98.643233614659	3.215311004784689	3928.0	
2814.0	4.815217391304348	1810.0	-6.0978260869565215	1.25	2138.0	-111.0	0.1664167916041979	0.10344827586206896	-39.0	35097.65625	0.05847076461769115	69.0	33.026861834252486	33984.0	32.83536585365854	-1077.0	7826342.0	238841.00341796875	1978.0	43.35365853658537	-1422.0	-60.304878048780495	2626.0	3847.6190476190477	356.0	-0.8516746411483254	-9.38755980861244	1352.0	4780784.0	98.643233614659	3.2344497607655502	3924.0	
2800.0	4.804347826086956	1811.0	-5.945652173913043	1.315217391304348	2132.0	-106.0	0.15892053973013492	0.10644677661169415	-37.0	35107.421875	0.05547226386806597	71.0	33.026861834252486	33984.0	32.07317073170732	-1052.0	7826662.0	238850.76904296875	2129.0	43.29268292682927	-1420.0	-64.90853658536587	2640.0	3868.131868131868	336.0	-0.8038277511961722	-9.358851674641148	1380.0	4780784.0	98.643233614659	3.3014354066985643	3912.0	
2810.0	4.83695652173913	1808.0	-6.054347826086956	1.3695652173913042	2127.0	-103.0	0.15442278860569714	0.11094452773613193	-40.0	35117.1875	0.05997001499250375	74.0	33.026861834252486	33984.0	31.402439024390247	-1030.0	7826982.0	238860.53466796875	2273.0	42.59146341463415	-1397.0	-69.29878048780489	2627.0	3849.084249084249	316.0	-0.7559808612440191	-9.272727272727272	1392.0	4780784.0	98.643233614659	3.3301435406698565	3876.0	
2783.0	4.8478260869565215	1807.0	-5.760869565217392	1.4456521739130435	2120.0	-102.0	0.15292353823088456	0.1169415292353823	-40.0	35126.953125	0.05997001499250375	78.0	33.026861834252486	33984.0	30.762195121951223	-1009.0	7827302.0	238870.30029296875	2370.0	41.890243902439025	-1374.0	-72.25609756097562	2646.0	3876.923076923077	292.0	-0.6985645933014354	-9.224880382775119	1408.0	4780784.0	98.643233614659	3.3684210526315788	3856.0	
2793.0	4.945652173913043	1798.0	-5.869565217391304	1.608695652173913	2105.0	-102.0	0.15292353823088456	0.10794602698650674	-40.0	35136.71875	0.05997001499250375	72.0	33.026861834252486	33984.0	30.09146341463415	-987.0	7827622.0	238880.06591796875	2468.0	40.670731707317074	-1334.0	-75.2439024390244	2661.0	3898.901098901099	268.0	-0.6411483253588517	-9.215311004784688	1428.0	4780608.0	98.64502450244198	3.416267942583732	3852.0	
2793.0	4.967391304347826	1796.0	-5.869565217391304	1.5543478260869565	2110.0	-97.0	0.1454272863568216	0.12443778110944527	-44.0	35146.484375	0.06596701649175413	83.0	33.026861834252486	33984.0	29.939024390243905	-982.0	7827942.0	238889.83154296875	2520.0	39.268292682926834	-1288.0	-76.82926829268294	2636.0	3862.2710622710624	248.0	-0.5933014354066986	-9.167464114832535	1448.0	4780608.0	98.64502450244198	3.464114832535885	3832.0	
2807.0	5.0978260869565215	1784.0	-6.021739130434782	1.5652173913043477	2109.0	-100.0	0.14992503748125938	0.12293853073463268	-46.0	35156.25	0.06896551724137931	82.0	33.026861834252486	33984.0	29.78658536585366	-977.0	7828262.0	238899.59716796875	2535.0	38.170731707317074	-1252.0	-77.28658536585367	2640.0	3868.131868131868	232.0	-0.5550239234449761	-9.196172248803828	1484.0	4780608.0	98.64502450244198	3.5502392344497604	3844.0	
2800.0	5.076086956521739	1786.0	-5.945652173913043	1.5869565217391304	2107.0	-97.0	0.1454272863568216	0.13193403298350825	-53.0	35166.015625	0.07946026986506746	88.0	33.026861834252486	33984.0	30.57926829268293	-1003.0	7828582.0	238909.36279296875	2532.0	36.98170731707317	-1213.0	-77.19512195121952	2626.0	3847.6190476190477	220.0	-0.5263157894736842	-9.196172248803828	1508.0	4780608.0	98.64502450244198	3.6076555023923444	3844.0	
2809.0	5.119565217391304	1782.0	-6.043478260869565	1.5978260869565217	2106.0	-103.0	0.15442278860569714	0.13343328335832083	-40.0	35175.78125	0.05997001499250375	89.0	33.026861834252486	33984.0	32.19512195121951	-1056.0	7828902.0	238919.12841796875	2509.0	35.57926829268293	-1167.0	-76.4939024390244	2637.0	3863.736263736264	224.0	-0.5358851674641149	-9.358851674641148	1516.0	4780608.0	98.64502450244198	3.626794258373206	3912.0	
2816.0	5.1521739130434785	1779.0	-6.119565217391304	1.608695652173913	2105.0	-96.0	0.14392803598200898	0.13793103448275862	-52.0	35185.546875	0.07796101949025487	92.0	33.026861834252486	33984.0	34.390243902439025	-1128.0	7829222.0	238928.89404296875	2487.0	34.29878048780488	-1125.0	-75.82317073170732	2631.0	3854.945054945055	212.0	-0.507177033492823	-9.588516746411482	1516.0	4780528.0	98.64583854270877	3.626794258373206	4008.0	
2856.0	5.173913043478261	1777.0	-6.554347826086956	1.6195652173913042	2104.0	-93.0	0.1394302848575712	0.13793103448275862	-50.0	35195.3125	0.07496251874062969	92.0	33.026861834252486	33984.0	37.31707317073171	-1224.0	7829542.0	238938.65966796875	2462.0	32.987804878048784	-1082.0	-75.0609756097561	2627.0	3849.084249084249	200.0	-0.4784688995215311	-9.875598086124402	1540.0	4780528.0	98.64583854270877	3.6842105263157894	4128.0	
2886.0	5.271739130434782	1768.0	-6.880434782608695	1.6630434782608696	2100.0	-89.0	0.13343328335832083	0.14842578710644677	-54.0	35205.078125	0.08095952023988005	99.0	33.026861834252486	33984.0	41.34146341463415	-1356.0	7829862.0	238948.42529296875	2462.0	31.158536585365855	-1022.0	-75.0609756097561	2637.0	3863.736263736264	212.0	-0.507177033492823	-10.267942583732056	1572.0	4780528.0	98.64583854270877	3.7607655502392343	4292.0	
2923.0	5.315217391304348	1764.0	-7.282608695652174	1.826086956521739	2085.0	-89.0	0.13343328335832083	0.14842578710644677	-54.0	35214.84375	0.08095952023988005	99.0	33.026861834252486	33984.0	45.518292682926834	-1493.0	7830182.0	238958.19091796875	2439.0	28.53658536585366	-936.0	-74.35975609756099	2650.0	3882.7838827838827	176.0	-0.42105263157894735	-10.708133971291865	1580.0	4780528.0	98.64583854270877	3.7799043062200957	4476.0	
2960.0	5.369565217391304	1759.0	-7.684782608695652	1.8369565217391304	2084.0	-93.0	0.1394302848575712	0.1409295352323838	-51.0	35224.609375	0.07646176911544228	94.0	33.026861834252486	33984.0	49.72560975609757	-1631.0	7830502.0	238967.95654296875	2400.0	25.000000000000004	-820.0	-73.17073170731707	2634.0	3859.3406593406594	112.0	-0.2679425837320574	-11.129186602870814	1608.0	4780528.0	98.64583854270877	3.8468899521531097	4652.0	
2984.0	5.434782608695652	1753.0	-7.945652173913043	2.0760869565217392	2062.0	-93.0	0.1394302848575712	0.1409295352323838	-51.0	35234.375	0.07646176911544228	94.0	33.026861834252486	33984.0	54.146341463414636	-1776.0	7830822.0	238977.72216796875	2371.0	21.3109756097561	-699.0	-72.28658536585367	2633.0	3857.875457875458	36.0	-0.08612440191387559	-11.492822966507177	1636.0	4780688.0	98.6442104624036	3.913875598086124	4804.0	
3013.0	5.543478260869565	1743.0	-8.26086956521739	2.25	2046.0	-98.0	0.14692653673163417	0.16941529235382308	-52.0	35244.140625	0.07796101949025487	113.0	33.026861834252486	33984.0	58.62804878048781	-1923.0	7831142.0	238987.48779296875	2286.0	16.85975609756098	-553.0	-69.69512195121952	2626.0	3847.6190476190477	-76.0	0.18181818181818182	-11.751196172248804	1696.0	4780688.0	98.6442104624036	4.057416267942584	4912.0	
3003.0	5.641304347826087	1734.0	-8.152173913043478	2.4347826086956523	2029.0	-96.0	0.14392803598200898	0.15892053973013492	-52.0	35253.90625	0.07796101949025487	106.0	33.026861834252486	33984.0	61.98170731707317	-2033.0	7831462.0	238997.25341796875	2191.0	12.682926829268293	-416.0	-66.79878048780489	2636.0	3862.2710622710624	-164.0	0.3923444976076555	-11.779904306220095	1728.0	4780688.0	98.6442104624036	4.133971291866029	4924.0	
2976.0	5.695652173913043	1729.0	-7.858695652173913	2.7282608695652173	2002.0	-94.0	0.1409295352323838	0.17691154422788605	-48.0	35263.671875	0.07196401799100449	118.0	33.026861834252486	33984.0	64.57317073170732	-2118.0	7831782.0	239007.01904296875	2051.0	8.01829268292683	-263.0	-62.53048780487806	2642.0	3871.062271062271	-272.0	0.6507177033492823	-11.521531100478468	1784.0	4780688.0	98.6442104624036	4.267942583732057	4816.0	
2956.0	5.771739130434782	1722.0	-7.641304347826087	3.010869565217391	1976.0	-94.0	0.1409295352323838	0.17391304347826086	-54.0	35273.4375	0.08095952023988005	116.0	33.026861834252486	33984.0	66.12804878048782	-2169.0	7832102.0	239016.78466796875	1895.0	3.353658536585366	-110.0	-57.774390243902445	2632.0	3856.4102564102564	-424.0	1.014354066985646	-11.10047846889952	1796.0	4780688.0	98.6442104624036	4.296650717703349	4640.0	
2915.0	5.771739130434782	1722.0	-7.195652173913043	3.282608695652174	1951.0	-88.0	0.13193403298350825	0.1889055472263868	-56.0	35283.203125	0.08395802098950525	126.0	33.026861834252486	33984.0	67.10365853658537	-2201.0	7832422.0	239026.55029296875	1719.0	-0.8231707317073171	27.0	-52.40853658536586	2648.0	3879.8534798534797	-528.0	1.263157894736842	-10.880382775119617	1804.0	4780896.0	98.64209395937263	4.315789473684211	4548.0	
2880.0	5.619565217391304	1736.0	-6.815217391304348	3.543478260869565	1927.0	-97.0	0.1454272863568216	0.191904047976012	-59.0	35292.96875	0.08845577211394302	128.0	33.026861834252486	33984.0	66.89024390243902	-2194.0	7832742.0	239036.31591796875	1574.0	-4.481707317073171	147.0	-47.987804878048784	2652.0	3885.714285714286	-584.0	1.3971291866028708	-10.382775119617225	1768.0	4780896.0	98.64209395937263	4.229665071770334	4340.0	
2845.0	5.4021739130434785	1756.0	-6.434782608695652	3.543478260869565	1927.0	-98.0	0.14692653673163417	0.20089955022488756	-58.0	35302.734375	0.08695652173913043	134.0	33.026861834252486	33984.0	65.27439024390245	-2141.0	7833062.0	239046.08154296875	1475.0	-6.310975609756098	207.0	-44.96951219512196	2635.0	3860.805860805861	-636.0	1.5215311004784688	-9.894736842105262	1712.0	4780896.0	98.64209395937263	4.095693779904306	4136.0	
2822.0	5.163043478260869	1778.0	-6.184782608695652	3.5543478260869565	1926.0	-98.0	0.14692653673163417	0.21139430284857572	-57.0	35312.5	0.08545727136431784	141.0	33.026861834252486	33984.0	63.018292682926834	-2067.0	7833382.0	239055.84716796875	1399.0	-6.798780487804879	223.0	-42.65243902439025	2636.0	3862.2710622710624	-656.0	1.569377990430622	-9.492822966507177	1572.0	4780896.0	98.64209395937263	3.7607655502392343	3968.0	
2786.0	4.858695652173913	1806.0	-5.793478260869565	3.532608695652174	1928.0	-94.0	0.1409295352323838	0.2143928035982009	-58.0	35322.265625	0.08695652173913043	143.0	33.026861834252486	33984.0	60.00000000000001	-1968.0	7833702.0	239065.61279296875	1415.0	-6.128048780487806	201.0	-43.14024390243903	2633.0	3857.875457875458	-660.0	1.5789473684210527	-9.119617224880383	1444.0	4780896.0	98.64209395937263	3.4545454545454546	3812.0	
2769.0	4.641304347826087	1826.0	-5.608695652173913	3.5543478260869565	1926.0	-93.0	0.1394302848575712	0.21739130434782608	-50.0	35332.03125	0.07496251874062969	145.0	33.026861834252486	33984.0	57.31707317073171	-1880.0	7834022.0	239075.37841796875	1548.0	-4.2682926829268295	140.0	-47.19512195121952	2635.0	3860.805860805861	-664.0	1.588516746411483	-8.861244019138756	1344.0	4780672.0	98.644373270393	3.215311004784689	3704.0	
2744.0	4.358695652173913	1852.0	-5.33695652173913	3.532608695652174	1928.0	-96.0	0.14392803598200898	0.22638680659670163	-64.0	35341.796875	0.095952023988006	151.0	33.026861834252486	33984.0	55.15243902439025	-1809.0	7834342.0	239085.14404296875	1770.0	-1.9207317073170733	63.0	-53.963414634146346	2633.0	3857.875457875458	-680.0	1.6267942583732056	-8.698564593301436	1208.0	4780672.0	98.644373270393	2.889952153110048	3636.0	
2754.0	4.08695652173913	1877.0	-5.445652173913043	3.467391304347826	1934.0	-92.0	0.13793103448275862	0.23238380809595202	-56.0	35351.5625	0.08395802098950525	155.0	33.026861834252486	33984.0	52.43902439024391	-1720.0	7834662.0	239094.90966796875	2100.0	1.6463414634146343	-54.0	-64.02439024390245	2630.0	3853.479853479854	-664.0	1.588516746411483	-8.62200956937799	1084.0	4780672.0	98.644373270393	2.5933014354066986	3604.0	
2748.0	3.8804347826086953	1896.0	-5.380434782608695	3.510869565217391	1930.0	-93.0	0.1394302848575712	0.239880059970015	-62.0	35361.328125	0.09295352323838081	160.0	33.026861834252486	33984.0	50.1829268292683	-1646.0	7834982.0	239104.67529296875	2564.0	5.884146341463415	-193.0	-78.17073170731707	2643.0	3872.5274725274726	-644.0	1.5406698564593302	-8.631578947368421	976.0	4780672.0	98.644373270393	2.3349282296650715	3608.0	
2752.0	3.717391304347826	1911.0	-5.423913043478261	3.543478260869565	1927.0	-92.0	0.13793103448275862	0.24587706146926536	-60.0	35371.09375	0.08995502248875561	164.0	33.026861834252486	33984.0	48.47560975609757	-1590.0	7835302.0	239114.44091796875	3097.0	11.28048780487805	-370.0	-94.42073170731709	2657.0	3893.040293040293	-644.0	1.5406698564593302	-8.61244019138756	896.0	4780672.0	98.644373270393	2.1435406698564594	3600.0	
2765.0	3.8260869565217392	1901.0	-5.565217391304348	3.5	1931.0	-93.0	0.1394302848575712	0.24737631184407796	-56.0	35380.859375	0.08395802098950525	165.0	33.026861834252486	33984.0	47.53048780487806	-1559.0	7835622.0	239124.20654296875	3646.0	15.975609756097562	-524.0	-111.15853658536587	2634.0	3859.3406593406594	-684.0	1.6363636363636362	-8.688995215311005	908.0	4780944.0	98.64160553581553	2.172248803827751	3632.0	
2767.0	4.184782608695652	1868.0	-5.58695652173913	3.5543478260869565	1926.0	-96.0	0.14392803598200898	0.2563718140929535	-64.0	35390.625	0.095952023988006	171.0	33.026861834252486	33984.0	49.54268292682927	-1625.0	7835942.0	239133.97216796875	4015.0	20.914634146341466	-686.0	-122.40853658536587	2645.0	3875.4578754578756	-680.0	1.6267942583732056	-8.803827751196172	1088.0	4780944.0	98.64160553581553	2.602870813397129	3680.0	
2776.0	4.9021739130434785	1802.0	-5.684782608695652	3.4239130434782608	1938.0	-86.0	0.12893553223388304	0.2608695652173913	-59.0	35400.390625	0.08845577211394302	174.0	33.026861834252486	33984.0	51.98170731707317	-1705.0	7836262.0	239143.73779296875	3963.0	22.04268292682927	-723.0	-120.82317073170732	2644.0	3873.992673992674	-608.0	1.4545454545454546	-8.909090909090908	1416.0	4780944.0	98.64160553581553	3.38755980861244	3724.0	
2786.0	5.608695652173913	1737.0	-5.793478260869565	3.1630434782608696	1962.0	-93.0	0.1394302848575712	0.26686656671664166	-53.0	35410.15625	0.07946026986506746	178.0	33.026861834252486	33984.0	55.85365853658537	-1832.0	7836582.0	239153.50341796875	3614.0	23.902439024390247	-784.0	-110.1829268292683	2636.0	3862.2710622710624	-488.0	1.1674641148325358	-9.081339712918659	1744.0	4780944.0	98.64160553581553	4.172248803827751	3796.0	
2792.0	5.956521739130435	1705.0	-5.858695652173913	3.0652173913043477	1971.0	-90.0	0.13493253373313344	0.2788605697151424	-71.0	35419.921875	0.10644677661169415	186.0	33.026861834252486	33984.0	64.51219512195122	-2116.0	7836902.0	239163.26904296875	3283.0	28.475609756097562	-934.0	-100.09146341463415	2631.0	3854.945054945055	-444.0	1.062200956937799	-9.24401913875598	1868.0	4780944.0	98.64160553581553	4.4688995215311005	3864.0	
2805.0	5.782608695652174	1721.0	-6.0	3.0978260869565215	1968.0	-93.0	0.1394302848575712	0.2788605697151424	-59.0	35429.6875	0.08845577211394302	186.0	33.026861834252486	33984.0	75.0609756097561	-2462.0	7837222.0	239173.03466796875	3172.0	31.402439024390247	-1030.0	-96.70731707317074	2635.0	3860.805860805861	-476.0	1.138755980861244	-9.282296650717702	1756.0	4780688.0	98.6442104624036	4.200956937799043	3880.0	
2790.0	5.467391304347826	1750.0	-5.83695652173913	3.184782608695652	1960.0	-87.0	0.13043478260869565	0.2788605697151424	-58.0	35439.453125	0.08695652173913043	186.0	33.026861834252486	33984.0	81.34146341463415	-2668.0	7837542.0	239182.80029296875	3094.0	32.987804878048784	-1082.0	-94.32926829268294	2643.0	3872.5274725274726	-492.0	1.1770334928229664	-9.311004784688995	1712.0	4780688.0	98.6442104624036	4.095693779904306	3892.0	
2813.0	5.423913043478261	1754.0	-6.08695652173913	3.369565217391304	1943.0	-86.0	0.12893553223388304	0.2893553223388306	-64.0	35449.21875	0.095952023988006	193.0	33.026861834252486	33984.0	84.42073170731707	-2769.0	7837862.0	239192.56591796875	3041.0	33.04878048780488	-1084.0	-92.71341463414635	2658.0	3894.5054945054944	-488.0	1.1674641148325358	-9.37799043062201	1648.0	4780688.0	98.6442104624036	3.942583732057416	3920.0	
2818.0	5.521739130434782	1745.0	-6.141304347826087	3.3043478260869565	1949.0	-79.0	0.1184407796101949	0.30134932533733133	-54.0	35458.984375	0.08095952023988005	201.0	33.026861834252486	33984.0	88.38414634146342	-2899.0	7838182.0	239202.33154296875	3134.0	31.3109756097561	-1027.0	-95.54878048780489	2638.0	3865.2014652014655	-540.0	1.2918660287081338	-9.444976076555024	1692.0	4780688.0	98.6442104624036	4.047846889952153	3948.0	
2828.0	5.630434782608695	1735.0	-6.25	3.2717391304347827	1952.0	-79.0	0.1184407796101949	0.3088455772113943	-64.0	35468.75	0.095952023988006	206.0	33.026861834252486	33984.0	91.98170731707317	-3017.0	7838502.0	239212.09716796875	3209.0	29.176829268292686	-957.0	-97.83536585365854	2635.0	3860.805860805861	-520.0	1.244019138755981	-9.492822966507177	1716.0	4780688.0	98.6442104624036	4.105263157894736	3968.0	
2819.0	5.6521739130434785	1733.0	-6.1521739130434785	3.1630434782608696	1962.0	-81.0	0.12143928035982009	0.32533733133433285	-59.0	35478.515625	0.08845577211394302	217.0	33.026861834252486	33984.0	92.89634146341464	-3047.0	7838822.0	239221.86279296875	3143.0	27.896341463414636	-915.0	-95.82317073170732	2625.0	3846.153846153846	-472.0	1.1291866028708133	-9.492822966507177	1756.0	4780864.0	98.64241957512306	4.200956937799043	3968.0	
2826.0	5.83695652173913	1716.0	-6.228260869565217	3.119565217391304	1966.0	-71.0	0.10644677661169415	0.32533733133433285	-62.0	35488.28125	0.09295352323838081	217.0	33.026861834252486	33984.0	91.5548780487805	-3003.0	7839142.0	239231.62841796875	3066.0	25.884146341463417	-849.0	-93.47560975609757	2639.0	3866.6666666666665	-464.0	1.1100478468899522	-9.521531100478468	1840.0	4780864.0	98.64241957512306	4.401913875598086	3980.0	
2813.0	5.989130434782608	1702.0	-6.08695652173913	3.108695652173913	1967.0	-68.0	0.10194902548725637	0.33883058470764615	-60.0	35498.046875	0.08995502248875561	226.0	33.026861834252486	33984.0	91.09756097560977	-2988.0	7839462.0	239241.39404296875	2964.0	24.237804878048784	-795.0	-90.3658536585366	2634.0	3859.3406593406594	-460.0	1.1004784688995215	-9.511961722488039	1904.0	4780864.0	98.64241957512306	4.555023923444976	3976.0	
2820.0	6.119565217391304	1690.0	-6.163043478260869	3.1630434782608696	1962.0	-72.0	0.10794602698650674	0.34182908545727136	-60.0	35507.8125	0.08995502248875561	228.0	33.026861834252486	33984.0	89.32926829268294	-2930.0	7839782.0	239251.15966796875	2827.0	21.646341463414636	-710.0	-86.18902439024392	2627.0	3849.084249084249	-476.0	1.138755980861244	-9.454545454545455	1964.0	4780864.0	98.64241957512306	4.698564593301435	3952.0	
2812.0	6.217391304347826	1681.0	-6.076086956521739	3.293478260869565	1950.0	-74.0	0.11094452773613193	0.35082458770614694	-59.0	35517.578125	0.08845577211394302	234.0	33.026861834252486	33984.0	86.46341463414635	-2836.0	7840102.0	239260.92529296875	2639.0	17.98780487804878	-590.0	-80.45731707317074	2640.0	3868.131868131868	-520.0	1.244019138755981	-9.464114832535884	2032.0	4780864.0	98.64241957512306	4.861244019138756	3956.0	
2818.0	6.391304347826087	1665.0	-6.141304347826087	3.4239130434782608	1938.0	-67.0	0.10044977511244378	0.36731634182908546	-56.0	35527.34375	0.08395802098950525	245.0	33.026861834252486	33984.0	81.98170731707317	-2689.0	7840422.0	239270.69091796875	2419.0	14.573170731707318	-478.0	-73.75	2654.0	3888.644688644689	-552.0	1.3205741626794258	-9.464114832535884	2096.0	4780864.0	98.64241957512306	5.0143540669856455	3956.0	
2826.0	6.554347826086956	1650.0	-6.228260869565217	3.358695652173913	1944.0	-66.0	0.09895052473763118	0.3703148425787106	-60.0	35537.109375	0.08995502248875561	247.0	33.026861834252486	33984.0	77.37804878048782	-2538.0	7840742.0	239280.45654296875	2145.0	10.76219512195122	-353.0	-65.39634146341464	2634.0	3859.3406593406594	-564.0	1.3492822966507176	-9.444976076555024	2172.0	4780864.0	98.64241957512306	5.196172248803827	3948.0	
2833.0	6.684782608695652	1638.0	-6.304347826086956	3.467391304347826	1934.0	-61.0	0.0914542728635682	0.3778110944527736	-51.0	35546.875	0.07646176911544228	252.0	33.026861834252486	33984.0	71.85975609756098	-2357.0	7841062.0	239290.22216796875	1859.0	7.652439024390245	-251.0	-56.676829268292686	2648.0	3879.8534798534797	-592.0	1.416267942583732	-9.502392344497608	2224.0	4780864.0	98.64241957512306	5.320574162679426	3972.0	
2832.0	6.641304347826087	1642.0	-6.293478260869565	3.434782608695652	1937.0	-63.0	0.0944527736131934	0.3868065967016492	-55.0	35556.640625	0.08245877061469264	258.0	33.026861834252486	33984.0	65.21341463414635	-2139.0	7841382.0	239299.98779296875	1562.0	4.664634146341464	-153.0	-47.6219512195122	2620.0	3838.827838827839	-588.0	1.4066985645933014	-9.54066985645933	2220.0	4780864.0	98.64241957512306	5.311004784688995	3988.0	
2826.0	6.5978260869565215	1646.0	-6.228260869565217	3.369565217391304	1943.0	-60.0	0.08995502248875561	0.38530734632683655	-54.0	35566.40625	0.08095952023988005	257.0	33.026861834252486	33984.0	58.10975609756098	-1906.0	7841702.0	239309.75341796875	1288.0	2.378048780487805	-78.0	-39.268292682926834	2633.0	3857.875457875458	-592.0	1.416267942583732	-9.55023923444976	2184.0	4780864.0	98.64241957512306	5.22488038277512	3992.0	
2822.0	6.478260869565217	1657.0	-6.184782608695652	3.293478260869565	1950.0	-63.0	0.0944527736131934	0.39730134932533734	-48.0	35576.171875	0.07196401799100449	265.0	33.026861834252486	33984.0	49.84756097560976	-1635.0	7842022.0	239319.51904296875	1043.0	1.3719512195121952	-45.0	-31.79878048780488	2639.0	3866.6666666666665	-548.0	1.3110047846889952	-9.588516746411482	2124.0	4779456.0	98.65674670431906	5.08133971291866	4008.0	
2826.0	6.239130434782608	1679.0	-6.228260869565217	3.25	1954.0	-59.0	0.08845577211394302	0.40629685157421286	-48.0	35585.9375	0.07196401799100449	271.0	33.026861834252486	33984.0	40.97560975609756	-1344.0	7842342.0	239329.28466796875	826.0	1.402439024390244	-46.0	-25.182926829268293	2633.0	3857.875457875458	-512.0	1.2248803827751196	-9.598086124401913	2092.0	4779456.0	98.65674670431906	5.0047846889952154	4012.0	
2809.0	6.032608695652174	1698.0	-6.043478260869565	3.184782608695652	1960.0	-58.0	0.08695652173913043	0.4047976011994003	-50.0	35595.703125	0.07496251874062969	270.0	33.026861834252486	33984.0	31.920731707317078	-1047.0	7842662.0	239339.05029296875	665.0	1.829268292682927	-60.0	-20.27439024390244	2648.0	3879.8534798534797	-492.0	1.1770334928229664	-9.569377990430622	2000.0	4779456.0	98.65674670431906	4.784688995215311	4000.0	
2822.0	5.83695652173913	1716.0	-6.184782608695652	3.3043478260869565	1949.0	-55.0	0.08245877061469264	0.40629685157421286	-52.0	35605.46875	0.07796101949025487	271.0	33.026861834252486	33984.0	22.04268292682927	-723.0	7842982.0	239348.81591796875	580.0	2.8658536585365857	-94.0	-17.682926829268293	2658.0	3894.5054945054944	-496.0	1.186602870813397	-9.531100478468899	1908.0	4779456.0	98.65674670431906	4.564593301435407	3984.0	
2827.0	5.608695652173913	1737.0	-6.239130434782608	3.2065217391304346	1958.0	-50.0	0.07496251874062969	0.4032983508245877	-49.0	35615.234375	0.07346326836581708	269.0	33.026861834252486	33984.0	13.140243902439025	-431.0	7843302.0	239358.58154296875	564.0	4.573170731707317	-150.0	-17.195121951219512	2645.0	3875.4578754578756	-480.0	1.1483253588516746	-9.578947368421053	1804.0	4779456.0	98.65674670431906	4.315789473684211	4004.0	
2839.0	5.413043478260869	1755.0	-6.369565217391304	3.1956521739130435	1959.0	-58.0	0.08695652173913043	0.416791604197901	-58.0	35625.0	0.08695652173913043	278.0	33.026861834252486	33984.0	3.8719512195121957	-127.0	7843622.0	239368.34716796875	600.0	7.0426829268292686	-231.0	-18.29268292682927	2639.0	3866.6666666666665	-500.0	1.1961722488038278	-9.655502392344497	1696.0	4779904.0	98.65218806462816	4.057416267942584	4036.0	
2836.0	5.184782608695652	1776.0	-6.33695652173913	3.1956521739130435	1959.0	-54.0	0.08095952023988005	0.4077961019490255	-56.0	35634.765625	0.08395802098950525	272.0	33.026861834252486	33984.0	-5.213414634146342	171.0	7843942.0	239378.11279296875	734.0	9.634146341463415	-316.0	-22.378048780487806	2636.0	3862.2710622710624	-512.0	1.2248803827751196	-9.68421052631579	1604.0	4779904.0	98.65218806462816	3.8373205741626792	4048.0	
2841.0	5.08695652173913	1785.0	-6.391304347826087	3.184782608695652	1960.0	-57.0	0.08545727136431784	0.40929535232383807	-53.0	35644.53125	0.07946026986506746	273.0	33.026861834252486	33984.0	-13.932926829268293	457.0	7844262.0	239387.87841796875	947.0	12.743902439024392	-418.0	-28.871951219512198	2643.0	3872.5274725274726	-524.0	1.2535885167464114	-9.68421052631579	1528.0	4779904.0	98.65218806462816	3.6555023923444976	4048.0	
2832.0	4.967391304347826	1796.0	-6.293478260869565	3.1739130434782608	1961.0	-53.0	0.07946026986506746	0.41079460269865065	-55.0	35654.296875	0.08245877061469264	274.0	33.026861834252486	33984.0	-21.951219512195124	720.0	7844582.0	239397.64404296875	1181.0	16.371951219512198	-537.0	-36.00609756097561	2636.0	3862.2710622710624	-536.0	1.2822966507177034	-9.674641148325358	1452.0	4779904.0	98.65218806462816	3.4736842105263155	4044.0	
2841.0	4.782608695652174	1813.0	-6.391304347826087	3.1630434782608696	1962.0	-50.0	0.07496251874062969	0.4122938530734633	-54.0	35664.0625	0.08095952023988005	275.0	33.026861834252486	33984.0	-29.39024390243903	964.0	7844902.0	239407.40966796875	1458.0	19.78658536585366	-649.0	-44.451219512195124	2623.0	3843.223443223443	-536.0	1.2822966507177034	-9.722488038277511	1396.0	4779904.0	98.65218806462816	3.339712918660287	4064.0	
2830.0	4.663043478260869	1824.0	-6.271739130434782	3.3260869565217392	1947.0	-50.0	0.07496251874062969	0.4077961019490255	-55.0	35673.828125	0.08245877061469264	272.0	33.026861834252486	33984.0	-36.40243902439025	1194.0	7845222.0	239417.17529296875	1723.0	22.865853658536587	-750.0	-52.53048780487806	2643.0	3872.5274725274726	-568.0	1.3588516746411483	-9.674641148325358	1340.0	4780336.0	98.6477922402809	3.2057416267942584	4044.0	
2835.0	4.554347826086956	1834.0	-6.326086956521739	3.510869565217391	1930.0	-46.0	0.06896551724137931	0.4017991004497751	-53.0	35683.59375	0.07946026986506746	268.0	33.026861834252486	33984.0	-44.237804878048784	1451.0	7845542.0	239426.94091796875	1996.0	25.670731707317074	-842.0	-60.85365853658537	2652.0	3885.714285714286	-608.0	1.4545454545454546	-9.665071770334928	1312.0	4780336.0	98.6477922402809	3.138755980861244	4040.0	
2840.0	4.521739130434782	1837.0	-6.380434782608695	3.434782608695652	1937.0	-43.0	0.06446776611694152	0.3958020989505247	-49.0	35693.359375	0.07346326836581708	264.0	33.026861834252486	33984.0	-51.18902439024391	1679.0	7845862.0	239436.70654296875	2266.0	28.445121951219516	-933.0	-69.08536585365854	2627.0	3849.084249084249	-648.0	1.5502392344497606	-9.68421052631579	1272.0	4780336.0	98.6477922402809	3.0430622009569377	4048.0	
2849.0	4.489130434782608	1840.0	-6.478260869565217	3.5	1931.0	-44.0	0.06596701649175413	0.3958020989505247	-60.0	35703.125	0.08995502248875561	264.0	33.026861834252486	33984.0	-57.957317073170735	1901.0	7846182.0	239446.47216796875	2532.0	31.432926829268297	-1031.0	-77.19512195121952	2652.0	3885.714285714286	-640.0	1.5311004784688995	-9.703349282296651	1236.0	4780336.0	98.6477922402809	2.956937799043062	4056.0	
2833.0	4.391304347826087	1849.0	-6.304347826086956	3.4782608695652173	1933.0	-40.0	0.05997001499250375	0.38830584707646176	-53.0	35712.890625	0.07946026986506746	259.0	33.026861834252486	33984.0	-64.48170731707317	2115.0	7846502.0	239456.23779296875	2783.0	34.29878048780488	-1125.0	-84.84756097560977	2646.0	3876.923076923077	-616.0	1.4736842105263157	-9.665071770334928	1212.0	4780336.0	98.6477922402809	2.8995215311004783	4040.0	
2829.0	4.413043478260869	1847.0	-6.260869565217391	3.510869565217391	1930.0	-36.0	0.05397301349325337	0.38830584707646176	-51.0	35722.65625	0.07646176911544228	259.0	33.026861834252486	33984.0	-70.60975609756098	2316.0	7846822.0	239466.00341796875	2996.0	36.951219512195124	-1212.0	-91.34146341463415	2648.0	3879.8534798534797	-612.0	1.464114832535885	-9.598086124401913	1216.0	4780224.0	98.64893189780551	2.909090909090909	4012.0	
2820.0	4.554347826086956	1834.0	-6.163043478260869	3.391304347826087	1941.0	-36.0	0.05397301349325337	0.3778110944527736	-65.0	35732.421875	0.09745127436281859	252.0	33.026861834252486	33984.0	-76.25	2501.0	7847142.0	239475.76904296875	3158.0	38.47560975609756	-1262.0	-96.28048780487806	2633.0	3857.875457875458	-620.0	1.4832535885167464	-9.569377990430622	1216.0	4780224.0	98.64893189780551	2.909090909090909	4000.0	
2820.0	4.554347826086956	1834.0	-6.163043478260869	3.4782608695652173	1933.0	-34.0	0.050974512743628186	0.3658170914542728	-55.0	35742.1875	0.08245877061469264	244.0	33.026861834252486	33984.0	-80.57926829268294	2643.0	7847462.0	239485.53466796875	3255.0	39.87804878048781	-1308.0	-99.23780487804879	2628.0	3850.5494505494507	-652.0	1.5598086124401913	-9.502392344497608	1264.0	4780224.0	98.64893189780551	3.0239234449760763	3972.0	
2808.0	4.717391304347826	1819.0	-6.032608695652174	3.5760869565217392	1924.0	-24.0	0.035982008995502246	0.36881559220389803	-60.0	35751.953125	0.08995502248875561	246.0	33.026861834252486	33984.0	-84.08536585365854	2758.0	7847782.0	239495.30029296875	3261.0	40.243902439024396	-1320.0	-99.42073170731709	2651.0	3884.2490842490843	-688.0	1.645933014354067	-9.464114832535884	1328.0	4780224.0	98.64893189780551	3.177033492822966	3956.0	
2817.0	4.793478260869565	1812.0	-6.130434782608695	3.8478260869565215	1899.0	-25.0	0.037481259370314844	0.3568215892053973	-61.0	35761.71875	0.0914542728635682	238.0	33.026861834252486	33984.0	-87.04268292682927	2855.0	7848102.0	239505.06591796875	3224.0	40.426829268292686	-1326.0	-98.29268292682927	2660.0	3897.4358974358975	-728.0	1.7416267942583732	-9.473684210526315	1376.0	4780224.0	98.64893189780551	3.291866028708134	3960.0	
2818.0	4.826086956521739	1809.0	-6.141304347826087	3.8043478260869565	1903.0	-18.0	0.026986506746626684	0.3523238380809595	-60.0	35771.484375	0.08995502248875561	235.0	33.026861834252486	33984.0	-89.51219512195122	2936.0	7848422.0	239514.83154296875	3097.0	39.57317073170732	-1298.0	-94.42073170731709	2639.0	3866.6666666666665	-780.0	1.8660287081339713	-9.464114832535884	1400.0	4780560.0	98.64551292657465	3.3492822966507174	3956.0	
2824.0	4.945652173913043	1798.0	-6.206521739130435	3.891304347826087	1895.0	-16.0	0.0239880059970015	0.33883058470764615	-60.0	35781.25	0.08995502248875561	226.0	33.026861834252486	33984.0	-90.97560975609757	2984.0	7848742.0	239524.59716796875	2917.0	38.71951219512196	-1270.0	-88.9329268292683	2643.0	3872.5274725274726	-784.0	1.875598086124402	-9.473684210526315	1428.0	4780560.0	98.64551292657465	3.416267942583732	3960.0	
2822.0	5.0	1793.0	-6.184782608695652	3.934782608695652	1891.0	-12.0	0.017991004497751123	0.3313343328335832	-63.0	35791.015625	0.0944527736131934	221.0	33.026861834252486	33984.0	-92.13414634146342	3022.0	7849062.0	239534.36279296875	2698.0	37.40853658536586	-1227.0	-82.25609756097562	2633.0	3857.875457875458	-820.0	1.9617224880382775	-9.492822966507177	1484.0	4780560.0	98.64551292657465	3.5502392344497604	3968.0	
2823.0	5.08695652173913	1785.0	-6.195652173913043	3.9456521739130435	1890.0	-4.0	0.005997001499250375	0.32533733133433285	-61.0	35800.78125	0.0914542728635682	217.0	33.026861834252486	33984.0	-91.89024390243904	3014.0	7849382.0	239544.12841796875	2429.0	35.79268292682927	-1174.0	-74.0548780487805	2641.0	3869.5970695970695	-836.0	2.0	-9.492822966507177	1480.0	4780560.0	98.64551292657465	3.54066985645933	3968.0	
2817.0	5.130434782608695	1781.0	-6.130434782608695	3.967391304347826	1888.0	-4.0	0.005997001499250375	0.32083958020989506	-63.0	35810.546875	0.0944527736131934	214.0	33.026861834252486	33984.0	-91.6158536585366	3005.0	7849702.0	239553.89404296875	2145.0	33.62804878048781	-1103.0	-65.39634146341464	2625.0	3846.153846153846	-860.0	2.0574162679425836	-9.473684210526315	1484.0	4780560.0	98.64551292657465	3.5502392344497604	3960.0	
2823.0	5.010869565217392	1792.0	-6.195652173913043	4.054347826086956	1880.0	-3.0	0.004497751124437781	0.3148425787106447	-64.0	35820.3125	0.095952023988006	210.0	33.026861834252486	33984.0	-90.21341463414635	2959.0	7850022.0	239563.65966796875	1839.0	31.280487804878053	-1026.0	-56.06707317073171	2628.0	3850.5494505494507	-892.0	2.1339712918660285	-9.454545454545455	1472.0	4780704.0	98.64404765442332	3.5215311004784686	3952.0	
2816.0	4.989130434782608	1794.0	-6.119565217391304	4.217391304347826	1865.0	2.0	-0.0029985007496251873	0.3073463268365817	-65.0	35830.078125	0.09745127436281859	205.0	33.026861834252486	33984.0	-88.35365853658537	2898.0	7850342.0	239573.42529296875	1513.0	28.292682926829272	-928.0	-46.12804878048781	2640.0	3868.131868131868	-948.0	2.2679425837320575	-9.511961722488039	1460.0	4780704.0	98.64404765442332	3.492822966507177	3976.0	
2826.0	4.989130434782608	1794.0	-6.228260869565217	4.423913043478261	1846.0	0.0	0.0	0.2908545727136432	-56.0	35839.84375	0.08395802098950525	194.0	33.026861834252486	33984.0	-85.76219512195122	2813.0	7850662.0	239583.19091796875	1160.0	25.152439024390247	-825.0	-35.36585365853659	2652.0	3885.714285714286	-996.0	2.3827751196172247	-9.55023923444976	1456.0	4780704.0	98.64404765442332	3.4832535885167464	3992.0	
2838.0	5.0	1793.0	-6.358695652173913	4.391304347826087	1849.0	6.0	-0.008995502248875561	0.29235382308845576	-66.0	35849.609375	0.09895052473763118	195.0	33.026861834252486	33984.0	-82.53048780487805	2707.0	7850982.0	239592.95654296875	835.0	21.707317073170735	-712.0	-25.457317073170735	2628.0	3850.5494505494507	-1052.0	2.5167464114832536	-9.588516746411482	1440.0	4780704.0	98.64404765442332	3.4449760765550237	4008.0	
